0.6667665820397064,0.38328643248986227,0.5907643999196514,0.12165995195744052,0.18797980426768043,0.17520887593786838,0.2040003820662742,0.17461496894569062,0.1612718968098491,0.15744661458311757,0.166689204563024,0.18518638734881263,0.16962515269685635,0.17611309307417547,0.13817930992557056,0.15694660007694197,0.15671463114417114,0.17627765797418396,0.12295257822654514,0.15712013926600277,0.14752812269588794,0.16655980008043864,0.13530341162245874,0.10614788468106938,0.1470108213693324,0.13163658087500937,0.14924847666645177,0.09307494380834407,0.17296922265289905,0.09514273265873141,0.12797145679120073,0.15531614557514248,0.10110793218239592,0.1076277527106564,0.14834827695085243,0.12137667764455869,0.1738100681662062,0.10613469645741762,0.1496481865222827,0.06189161672737151,0.14690971810808023,0.13863313825628826,0.20575365378004265,0.15146323426508176,0.12219935939550372,0.12172959748652598,0.13233557724039163,-0.003152598249038938,0.10825683364184492,-0.17194219602771874,-0.00431067617775048,0.07646667313480833,0.09363573370836019,0.0014714455845475513,-0.007014355959167552,0.008130235454437388,-0.05963295162292221,0.10505961434562287,-0.10531881858463973
0.38328643248986227,8.036216966340204,0.6559511960136228,0.07284070297146303,0.05050657498599437,0.1165868440129553,0.20590185323748855,0.13692897363933493,0.13600042551394886,0.1790178483507863,0.23995020168992998,0.3275985767830497,0.22901526075209475,0.17598215086490224,0.14883802580145583,0.16211628027219707,0.2864042016186529,0.7156920146308805,0.08493143977249139,0.2575596896885111,0.3128455921908662,0.14772959107465058,-0.08532379767698305,-0.09684713016626928,0.2856095507672045,0.13151275899883622,0.608481818949788,0.225996957832325,0.7455651724087963,0.08300266249611123,0.30310055757224424,0.18892665712911283,0.25779368309588113,0.22582837032808334,0.28814390987413624,0.31840190957358766,0.8888582963024002,0.1461432669658621,-0.18867185015048812,-0.29534997099284716,0.18155754707258792,0.257299289147985,0.35914866307310794,-0.22923862897335703,0.3869066546531144,0.18744576342040714,0.28989808947878876,0.014381076186092589,0.2411680448519887,-1.1063763719312691,0.34587480757212735,0.7419153814832071,0.22850756780083178,-0.07953493676391657,-0.8431868059567368,-0.11416610748494613,-0.2210064273540287,0.7733200930872888,0.06882290605665888
0.5907643999196514,0.6559511960136228,5.908744526380334,0.5111332881981017,0.825542966277116,0.889149176925701,0.4263845615675791,1.3978692762388243,0.6770415593719018,1.067460589619598,0.868389916719261,0.8411676714211672,0.9633579374582926,0.6234004645323601,0.6705221457386351,0.7046735436515568,0.7547427040392581,0.7887998777490721,1.180103238000377,0.6854499697164912,0.714294284220242,0.7362667767532499,0.6655070307184586,0.5887180695672751,0.627480658993349,0.6292811789499522,0.6693795708600019,0.41161694606733806,1.00888153655703,0.3071548325662623,0.5717982056526881,0.5702356338913664,0.24317545771773988,1.0274935689848963,0.9511444893264633,0.6422032085133872,0.6584509693527426,0.43388615964265537,1.2355466160549768,0.4532889717540263,0.7651999272382157,0.6465971403012174,0.8449304925782288,0.7489531731024848,0.5066120343841203,0.49251488961807743,0.6887733912859572,-0.04034349692725515,0.1180822179158434,-0.6804809025883078,-0.10120355043371629,0.2523109563239628,0.4458145709591298,0.14872142301725885,0.0788933142836175,0.17741064560872513,-0.4746905565624866,-0.2911506833959217,0.33931212645916725
0.12165995195744052,0.07284070297146303,0.5111332881981017,1.010146073445094,0.717782937677628,0.4674319590937823,0.36613903391794506,0.2876844997075226,0.24781941446371503,0.28530513173943206,0.32476855431285884,0.4042899950042153,0.3298155535160719,0.34791689960886174,0.28794236814916224,0.40233836790623734,0.30266637042163663,0.25060532940559943,0.19988691328578392,0.2876349185426056,0.2558962323951443,0.3307297453852134,0.23286503643660353,0.22667685273162566,0.17283272330380156,0.2701830738152976,0.26178983355179175,0.13230727030411912,0.3571931453788695,0.06888261847694302,0.21340170629240038,0.3566591291005656,0.1260667190649271,0.38338236024853367,7.790310032982694e-5,0.28797889071754107,0.3290421850247432,0.1915754228283259,0.2566324491487279,0.1790099806270816,0.19872311742143323,0.2615758222031107,0.29691369202475937,0.23758238387963615,0.14939034854408462,0.1858694156033417,0.21696316938663485,-0.0058482154648961905,0.20233454495283118,0.05415496069535131,-0.04586460141052889,0.04520748497905306,-0.11048112017696383,0.015656434652752984,0.005553123142251999,0.10298616166804518,-0.23621999560855358,0.020042324555107217,0.06061113862192455
0.18797980426768043,0.05050657498599437,0.825542966277116,0.717782937677628,1.631516333885059,0.4878350679124595,0.3574960945355865,0.3415434583232643,0.1815989298735609,0.3608269039977821,0.394361226415058,0.5184737280817312,0.4432693638685708,0.3667037508246508,0.3474678082010381,0.5044631697846644,0.3224966779252551,0.3059807864516008,0.25677685711267617,0.3054024451442843,0.2815978224052925,0.348125571472116,0.2938235270546634,0.24402786199583013,0.1722793015099053,0.33662507714889084,0.29108381456541427,0.08206517414821424,0.3747509471318729,0.06044332534818894,0.2220624886369267,0.36266403438127237,0.12378530055255009,0.4095561344761669,0.025218823551090425,0.3489326333842879,0.2900654379260511,0.2078119847228004,0.33024269981721033,0.19708833894464206,0.21835542292590776,0.2931534306540621,0.22071249919343017,0.29073682427553804,0.09724740966103125,0.15831723440022782,0.24178382231953024,-0.024676447662356642,0.22353248020672536,-0.29241488019075196,0.02609018859084919,-0.09574974241226486,0.13087900919341094,0.198312420287267,-0.08540151973384609,0.0842611272202811,-0.2766835964548188,0.036356754116000804,0.13084189056469037
0.17520887593786838,0.1165868440129553,0.889149176925701,0.4674319590937823,0.4878350679124595,1.081944024964544,0.288285025717526,0.21159045282937025,0.25446021963378224,0.2884880343665806,0.3781283772733432,0.3494367531119297,0.3389094708541459,0.3513462404968064,0.3292017171504215,0.3851979123167339,0.35597628631067735,0.27069462051966947,0.3246978675860618,0.5157964615612909,0.3386611117025617,0.35052545772975235,0.28790788931455374,0.3109967787164906,0.3165942460598222,0.30676072545883515,0.29343276503403487,0.25806188598624197,0.5830564271358804,0.069450191222297,0.2581187815228591,0.3982405784371412,0.031579344240669785,0.5068915877842607,0.11250529266008613,0.25733466617307127,0.49383601058669624,0.30375425074300755,0.4007600864821501,0.32083664348071056,0.26325723872238854,0.32487774157979865,0.5341280782201763,0.43591811228252764,0.3678323241052678,0.2293755966031793,0.32618877736738433,-2.558206511297784e-6,0.13549955561350563,0.4397510788528585,-0.16168436676146733,0.03910172312013501,-0.4572042611441534,0.05643950327664483,0.03696169640515105,0.0888654577686925,-0.30919526729275754,0.03015658797676343,0.15705041584303328
0.2040003820662742,0.20590185323748855,0.4263845615675791,0.36613903391794506,0.3574960945355865,0.288285025717526,0.5953806582563719,0.11984452192359821,0.3375825036396388,0.19936360267057496,0.29891650160595584,0.37986057817721214,0.2906737369564286,0.19621487730418882,0.238144086836376,0.3015030144989282,0.31731113832187474,0.2054555680901262,0.1885052152450664,0.23404138523432894,0.2419690403523599,0.3303073425331285,0.16694180174275108,0.1978723794270659,0.17875041520206986,0.2090345137258413,0.22348581032517156,0.15240131714043698,0.299757953707016,0.09626696412842095,0.2076511142151943,0.20563666908136466,0.1682382143971366,0.2877058663920157,0.1320550476154854,0.31280261881357335,0.28393701157022566,0.16191572533266552,0.1845205313709,0.09943646947735141,0.13825808152556715,0.2430626827534728,0.20015174916022713,0.15220176823663087,0.16005345559852416,0.20032531016907057,0.09120415774340186,0.002122945703744752,0.21900732134128528,-0.027689440991830835,-0.03418355331925517,0.012382510026138377,0.04477775005085922,-0.05486788499106509,0.007317799279201732,0.06891326542322374,-0.15365601856562497,-0.03298229332478885,-0.010754970871231168
0.17461496894569062,0.13692897363933493,1.3978692762388243,0.2876844997075226,0.3415434583232643,0.21159045282937025,0.11984452192359821,1.2511785087899039,0.15736692903254482,0.4016712937624557,0.37164681519618664,0.2295799873164423,0.5176247024865175,0.3248719286225052,0.19122093654346417,0.3122012460168634,0.3080988122791774,0.3382454292972557,0.47307294431505614,0.3431548660582916,0.3102680295268542,0.2504419489651619,0.24903940475637523,0.19414866213532148,0.24672775543533249,0.3497935766010754,0.2796021261238604,0.14297528531226136,0.3992972738469487,0.03414507690696759,0.23417729690720404,0.27950165315816466,0.007622006945224956,0.4867362163907594,0.5243610628431071,0.203399603250541,0.21962578551983955,0.171339680373477,0.7670823453260344,0.1960500216530565,0.37807972731503764,0.26634275259212414,0.39104266002626187,0.29664099234993097,0.2623394916285654,0.21470815604069615,0.29775768176409206,0.007828650563513442,0.1189493816869169,-0.37916418805193564,-0.08908742279357362,0.33728208642527546,0.22487579281753503,-0.030058076519535588,-0.10802858351832433,0.0031777829416857854,-0.1571967774516786,0.10408584949575528,0.020678655478268124
0.1612718968098491,0.13600042551394886,0.6770415593719018,0.24781941446371503,0.1815989298735609,0.25446021963378224,0.3375825036396388,0.15736692903254482,1.0398800503135848,0.11401400272665932,0.2482602896259843,0.271092811943189,0.3173279835028396,0.19270637780647235,0.33690247580478067,0.21125882360707232,0.3280609307949284,0.16267766818237916,0.487214908687442,0.256705727794267,0.26689847171575665,0.5869757476934918,0.10779595140158406,0.2484790778411142,0.1725834990685508,0.2528485438534307,0.23854720153024903,0.20746863288343717,0.2818211797274851,0.18182062433795526,0.27755482692145833,0.20431631105865342,0.2569133017223772,0.35717022830809536,0.19647015450223487,0.30402754537460547,0.3519961126767234,0.1973055085466591,0.2916315438596409,0.1056136008402705,0.1731500182062319,0.2614670781562422,0.25909967360714137,0.158648702505172,0.1295304145928519,0.22713237558821872,0.10299896954319307,-0.008428844126152761,0.5081167050832655,-0.14522429819711943,-0.019055617393693134,0.1188970252478747,0.1190438186552793,-0.16114576539150713,0.04725527049267353,0.10627512056898158,-0.11106007806164366,-0.13125267086223294,0.032210459566268064
0.15744661458311757,0.1790178483507863,1.067460589619598,0.28530513173943206,0.3608269039977821,0.2884880343665806,0.19936360267057496,0.4016712937624557,0.11401400272665932,0.8097964427284667,0.2642841668793942,0.2523264478539765,0.2869240068985275,0.23683177132988192,0.22223412975253107,0.3083870790992194,0.26090678373826093,0.33769198965499503,0.24532824946374077,0.1741155714776288,0.21751959525526457,0.23837288223885536,0.27890699435532595,0.22414916311570485,0.25035519897779324,0.1887122644808275,0.24082034797965926,0.16662705767890443,0.3522628241565285,0.2351352586186809,0.2306992208336711,0.22639770467000345,0.09985131521087035,0.3608039745718533,0.29375385453787317,0.2527378691683024,0.25713445993806505,0.12609043601300587,0.36842744009491346,0.16531690608094868,0.30471190086091765,0.2229996814121057,0.27664543374046935,0.28658526279060603,0.1165335077092295,0.16921831548204802,0.3521410325323421,-0.02091083693820874,0.05613686298804738,-0.10869012781961121,-0.010697383500213447,-0.04220505199929674,0.07195132334428306,0.08258390632373497,0.06666505757971022,0.08357474993475615,-0.06319145972208975,-0.1845534481822194,0.10812777701034669
0.166689204563024,0.23995020168992998,0.868389916719261,0.32476855431285884,0.394361226415058,0.3781283772733432,0.29891650160595584,0.37164681519618664,0.2482602896259843,0.2642841668793942,0.5938383648775638,0.4150986038922465,0.3809265845165319,0.25538962200157567,0.3276528834352835,0.32481079083974906,0.37101879223170914,0.29835871192647095,0.17230352404692403,0.3729547992452752,0.28489392375151884,0.29310032593330504,0.23594436960775453,0.230425328896484,0.21078578734909167,0.28056843192322656,0.2641398714423653,0.19989516515789338,0.38321557755609204,0.06460989510272717,0.25133309308929974,0.2510620345184437,0.0891384345064146,0.38304712280804376,0.3533345115623151,0.2779467811640235,0.2941010363418632,0.21842371917816067,0.3721611165314124,0.13294057683696747,0.27737288345849104,0.28051950882381493,0.3409750657783714,0.26542915542325024,0.20901183578232982,0.21967675968617514,0.23388447484642064,0.0026967474060494963,0.08063107482658352,-0.22819448138954423,-0.028331066057418135,0.16532818500578056,0.08891472188373833,-0.01648603297389837,-0.06594936929698625,0.06185617595272851,-0.19559378485678164,0.026063262491371558,0.033712977698333604
0.18518638734881263,0.3275985767830497,0.8411676714211672,0.4042899950042153,0.5184737280817312,0.3494367531119297,0.37986057817721214,0.2295799873164423,0.271092811943189,0.2523264478539765,0.4150986038922465,0.8069294572726721,0.36666684456127885,0.26938515216737835,0.33722798937075593,0.38379158770997784,0.3786421805633324,0.26861446593334287,0.23895826531936498,0.28638076802563917,0.2641009274493188,0.3302221732775686,0.21294255659542896,0.20922845385492883,0.1972876228672804,0.26414207827120706,0.3135146847647478,0.14380352372107355,0.3483698833029472,0.03851416854413749,0.2174587885837155,0.2635312104661985,0.11428117729591555,0.35607981284255014,0.29747706449884803,0.31990155926651836,0.27481934383575435,0.19175050477827682,0.20445612822942522,0.10885943733367684,0.23156982644680663,0.27626399820233405,0.27241836247942125,0.20538877390669424,0.15762934263973377,0.20301715641897686,0.1895921030772954,-0.0033432425970340005,0.18006199094128322,-0.20952337434711857,-0.0014760592193428588,-0.03170358932002945,0.14346001114522075,0.02234780209297812,-0.0517856949310808,0.1086963589483471,-0.21542877177029385,-0.006257383033239125,-0.01082770907763119
0.16962515269685635,0.22901526075209475,0.9633579374582926,0.3298155535160719,0.4432693638685708,0.3389094708541459,0.2906737369564286,0.5176247024865175,0.3173279835028396,0.2869240068985275,0.3809265845165319,0.36666684456127885,0.8606947935035142,0.26263256865722495,0.21220825978363106,0.34621314040050505,0.36125023294533504,0.2711487845327623,0.521895244432611,0.3515216567488599,0.3399606501951237,0.3527134706040906,0.20556233302581042,0.24080054457828332,0.27280346584394205,0.39032826070653237,0.3279172484766347,0.22548195648665573,0.45872313082667976,0.021045751883708573,0.2519258899273484,0.24374388801544683,0.09099121313991511,0.4235767814385296,0.4339450039340947,0.30362932324328185,0.23838741869256808,0.19009796707308718,0.6749715816330485,0.1995929036287263,0.3315884809538841,0.2966112544437739,0.32023947327111174,0.32403391633989254,0.1760682044303954,0.25058327153580323,0.15737480988359878,-0.011805960096944379,0.1834082804548509,-0.1929618204774611,-0.09544797683210807,0.12762485722795897,0.1200497145974707,0.02574127335772716,-0.05723968574034195,0.028258666855807316,-0.1610932447503623,-0.07876736893049682,0.15168301689534797
0.17611309307417547,0.17598215086490224,0.6234004645323601,0.34791689960886174,0.3667037508246508,0.3513462404968064,0.19621487730418882,0.3248719286225052,0.19270637780647235,0.23683177132988192,0.25538962200157567,0.26938515216737835,0.26263256865722495,0.5230769438653704,0.2541995700789347,0.31088269785140127,0.24437533888985313,0.1915903713384998,0.20686538414613975,0.3040482678986174,0.2126232396689881,0.25993154341433655,0.15763405806326755,0.1862323253306284,0.1971239681680552,0.23790164856602602,0.23889523989449177,0.13969399705103236,0.3264973877026616,0.1194843285985306,0.18519415606202203,0.4613692494541249,0.06715300165777333,0.37367538846147774,0.20988181505272782,0.12870344276497275,0.3070788512915915,0.19922947441237174,0.20864426791160856,0.11076370958168698,0.2823514981559234,0.22631449213419194,0.36969580957656506,0.25580448745004003,0.130348375757522,0.13149578008373317,0.22324230278516485,0.008912756158362773,0.38076045580649087,-0.07209061050487377,-0.05177994643563648,0.06594667123268705,0.013880795602761693,0.03439377440833866,-0.0674792025970931,0.0688812647458428,-0.2085678473928736,0.07756798724346063,0.10681576607534236
0.13817930992557056,0.14883802580145583,0.6705221457386351,0.28794236814916224,0.3474678082010381,0.3292017171504215,0.238144086836376,0.19122093654346417,0.33690247580478067,0.22223412975253107,0.3276528834352835,0.33722798937075593,0.21220825978363106,0.2541995700789347,0.8301315140637117,0.23865152194012534,0.3409771226942782,0.2369385337628228,0.281333700379761,0.30624223438592124,0.23999055925611457,0.28592582276742085,0.10963216633221946,0.1996704700700709,0.15031515261593198,0.2521709137847389,0.20034588697698175,0.2647091683603226,0.3724746507090116,0.13135707062008303,0.25306421246668565,0.26598193496526173,0.09856961761227796,0.3189029880194957,0.1918456022319586,0.1834732443107554,0.43142823078059755,0.19742781019002348,0.23444770589676828,0.17140278053696706,0.30139123051529176,0.25379585788172804,0.3103878421875737,0.21569645550962632,0.23143341365913003,0.16671925702574936,0.19370145759500426,-0.009286184875471474,0.24585508462618458,0.7697213314195516,-0.036037453644904224,-0.3426662979849082,-0.3970446974020894,0.0661684277233755,0.0007376728840814681,0.1283307228669645,-0.23612005324349777,0.004048546950779081,0.09387024533949102
0.15694660007694197,0.16211628027219707,0.7046735436515568,0.40233836790623734,0.5044631697846644,0.3851979123167339,0.3015030144989282,0.3122012460168634,0.21125882360707232,0.3083870790992194,0.32481079083974906,0.38379158770997784,0.34621314040050505,0.31088269785140127,0.23865152194012534,0.8112904242504452,0.3859048260009922,0.3012532616483303,0.20712610297688835,0.2103042194374786,0.2679238945184798,0.49888989493161845,0.28824070222511244,0.2446494444971678,0.16959219877907053,0.25061847787036223,0.296942860075936,0.22153522233087525,0.3505701934314679,0.004567470108129623,0.24101489953128574,0.30726712470067147,0.04435703581019447,0.4117617020880541,0.4015233713105026,0.21654637440221156,0.3012482506997709,0.16896033407586972,0.3391536030714471,0.14973763697974082,0.3599497880378304,0.29973143746670206,0.419714011477579,0.44426636783338674,0.16327843160192929,0.20967762606711463,0.22202603201123264,-0.05002857660898892,0.2357447619496379,-0.19095968803429703,-0.01847060416334119,-0.021525323521559697,0.021197300696776604,0.033428760477752374,-0.049893110603489645,0.08917073889719787,-0.21547692149069617,-0.011759193401264034,0.09385131756647752
0.15671463114417114,0.2864042016186529,0.7547427040392581,0.30266637042163663,0.3224966779252551,0.35597628631067735,0.31731113832187474,0.3080988122791774,0.3280609307949284,0.26090678373826093,0.37101879223170914,0.3786421805633324,0.36125023294533504,0.24437533888985313,0.3409771226942782,0.3859048260009922,0.7185882197813395,0.27711115650520707,0.2609647129997814,0.3642848109832054,0.30785529741789414,0.3862884361739741,0.12870006457302754,0.21784676298996558,0.24453840121198606,0.28541631210166063,0.2775088573441249,0.4344106934859282,0.3837206078857124,0.03417061328737423,0.30327400035686064,0.2612381406095958,0.18016791405901605,0.3497991082658204,0.45594159382760774,0.2807046575697657,0.4823428234896908,0.24710616405895544,0.19506318875198983,0.09625938124677712,0.33703902023345794,0.3686124470888053,0.37578733306453393,0.28077409366731154,0.3638168505578245,0.24592557391473488,0.23160622087579608,-0.0038936075374821073,0.12843887923546166,0.21214417457220708,-0.05004243377110172,0.13691367426687906,-0.20164058699318796,-0.01792568883538648,-0.20781660493784238,0.09222712545186001,-0.20744336789731935,0.06729919222621245,-0.046518609995195775
0.17627765797418396,0.7156920146308805,0.7887998777490721,0.25060532940559943,0.3059807864516008,0.27069462051966947,0.2054555680901262,0.3382454292972557,0.16267766818237916,0.33769198965499503,0.29835871192647095,0.26861446593334287,0.2711487845327623,0.1915903713384998,0.2369385337628228,0.3012532616483303,0.27711115650520707,0.83817249189798,0.07828218811599932,0.12532118402845097,0.26465997091315896,0.25004011197966947,0.5232251107638671,0.16677176397298282,0.18271822701997945,0.38349610717833893,0.14875609595944075,0.17912105269487674,0.32332550085479406,-0.05629301211972482,0.32381680087865355,0.1775215464949163,0.11351002256551945,0.3236691258882174,0.2663611509497978,0.2853974043152128,0.31407052274908487,0.11285429858291103,0.3078323536951825,0.09850362727908159,0.2873892524449105,0.22260754610614378,0.2951274237178996,0.3096282775707244,0.2430946253286429,0.19467913641405118,0.38570451072805223,-0.008994404757667496,-0.10412399354053228,-0.14499501873093046,0.04555714355628152,0.26363111233032666,-0.01720346803383332,-0.04510500226152288,-0.05898455909945806,0.011480761990103292,-0.13057382431364742,0.09498129213072787,-0.03863073856961018
0.12295257822654514,0.08493143977249139,1.180103238000377,0.19988691328578392,0.25677685711267617,0.3246978675860618,0.1885052152450664,0.47307294431505614,0.487214908687442,0.24532824946374077,0.17230352404692403,0.23895826531936498,0.521895244432611,0.20686538414613975,0.281333700379761,0.20712610297688835,0.2609647129997814,0.07828218811599932,2.0141935481434676,0.21714123957321513,0.35245942244021156,0.38575017345910145,-0.13773366884940366,0.2140460183536961,0.3374040275899283,0.23360345114266248,0.27906394601178647,0.23710321725513964,0.4949526280869082,0.21539758955578883,0.29801335003136015,0.13857784876060336,0.3243347900804619,0.28309236414233946,0.11747706730423849,0.3889932865898533,0.3974534509034294,0.17164503875651146,0.7367871885234856,0.3431050783156568,0.17863929017953276,0.27956417265850303,0.24277025817886644,0.04594181744779919,0.33287865163872754,0.33532384799195364,-0.0066208112847026684,0.020310803547418526,-0.01551857009476532,0.8071012718610201,-0.22544466293108054,-0.29338061808770177,-0.08262837700587504,-0.12579695279830566,0.039989298673336914,0.06360562703399805,-0.08597542164403213,-0.12686254632852104,0.1524518407435413
0.15712013926600277,0.2575596896885111,0.6854499697164912,0.2876349185426056,0.3054024451442843,0.5157964615612909,0.23404138523432894,0.3431548660582916,0.256705727794267,0.1741155714776288,0.3729547992452752,0.28638076802563917,0.3515216567488599,0.3040482678986174,0.30624223438592124,0.2103042194374786,0.3642848109832054,0.12532118402845097,0.21714123957321513,1.411579777915097,0.2430416463389524,0.2091075635173053,0.08252000731962196,0.24665124361439586,0.3436894756777583,0.4208388173827374,0.3431794521004591,0.24893306409147228,0.5764925791128626,0.01870059432227567,0.27661568592241664,0.31865956936682854,-0.0244550897012469,0.5092614573564352,0.39927238568041684,0.11924494234736017,0.5839554794367369,0.640112768781228,0.6964648128937204,0.290713490821684,0.28331209854914235,0.3114048383445739,0.5410860855146743,0.07507384624473776,0.5098781680972748,0.2487903893127561,-0.01841590298527726,0.07113919141409727,0.6121563895089128,-0.2181687523301015,-0.07647218971985903,0.20840879407668997,-0.0033295627794286994,-0.015049231479922588,-0.026328577820562433,0.07903430896525296,-0.203372787875703,-0.019440771938577864,0.14388143784536853
0.14752812269588794,0.3128455921908662,0.714294284220242,0.2558962323951443,0.2815978224052925,0.3386611117025617,0.2419690403523599,0.3102680295268542,0.26689847171575665,0.21751959525526457,0.28489392375151884,0.2641009274493188,0.3399606501951237,0.2126232396689881,0.23999055925611457,0.2679238945184798,0.30785529741789414,0.26465997091315896,0.35245942244021156,0.2430416463389524,0.5133595969867706,0.27228921344876916,0.22001359635915077,0.2204689320431087,0.268612140842694,0.15784018484625537,0.23283177947428688,0.21249493730884214,0.44510873156370834,0.15219778387501434,0.28526606916727437,0.20431711829127663,0.19328539796751731,0.33905179775575217,0.27624011929688025,0.32704402523537257,0.40379884016687506,0.1858421705166157,0.33933382283372465,0.2213623723863721,0.301192029584783,0.37038312741442736,0.41533371412331865,0.3049439557268693,0.41275171175389114,0.23122947605763441,0.23402272840537286,0.018470301632666192,-0.038225584813531034,0.09492919050251762,-0.06460838794612316,0.009402180573900222,-0.004918106162129624,-0.039357043771089985,0.002106202878797245,0.014910407566872142,-0.22859581236478424,0.041265798450531584,0.12631433032267939
0.16655980008043864,0.14772959107465058,0.7362667767532499,0.3307297453852134,0.348125571472116,0.35052545772975235,0.3303073425331285,0.2504419489651619,0.5869757476934918,0.23837288223885536,0.29310032593330504,0.3302221732775686,0.3527134706040906,0.25993154341433655,0.28592582276742085,0.49888989493161845,0.3862884361739741,0.25004011197966947,0.38575017345910145,0.2091075635173053,0.27228921344876916,0.7657666283637528,0.2145229007454457,0.2477747604842521,0.18840305614123534,0.2631537131739549,0.2684819940938719,0.23064883660493832,0.34190322803076223,0.07502816504756292,0.2651641106948881,0.27106584296305547,0.15394117078729297,0.4111049550705809,0.32159668282701726,0.25903268691560954,0.33406783860555794,0.18950822973201792,0.34997905375539967,0.13794570552335708,0.29310207185091813,0.2901102066221446,0.3366586002369827,0.3611770293435196,0.11699281665645536,0.2398890982842124,0.1683160360267996,-0.07616246180214908,0.5193896109863454,-0.11121694872484264,-0.01741784995085429,-0.04787144808993993,0.048329846110768626,-0.04836537413018599,-0.01636109330293362,0.0974953109825626,-0.16023472303187059,-0.07000787587632183,0.05358479010851254
0.13530341162245874,-0.08532379767698305,0.6655070307184586,0.23286503643660353,0.2938235270546634,0.28790788931455374,0.16694180174275108,0.24903940475637523,0.10779595140158406,0.27890699435532595,0.23594436960775453,0.21294255659542896,0.20556233302581042,0.15763405806326755,0.10963216633221946,0.28824070222511244,0.12870006457302754,0.5232251107638671,-0.13773366884940366,0.08252000731962196,0.22001359635915077,0.2145229007454457,1.4350623901618096,0.33387514775430727,0.411461572009226,0.08781925214269444,0.1482611049850985,-0.0528820947250093,0.43790966601127623,0.10119155324899776,-0.08358912533627331,0.14748155083247805,0.034285583159793104,0.39769941002820564,0.10852069163171775,0.32110732524317126,0.04813157095353135,0.06936510781896175,0.5037701479260842,0.18780405146188098,0.3611474252829045,0.16029723100580448,0.31056942445240454,0.6340740844222703,-0.16017294324611933,0.20287783152093414,0.35539397651181687,0.013225021820652912,-0.03654702024377729,-0.48616404742945885,0.045891313482327896,0.365659880290303,0.13093288892198804,-0.016905686033583292,0.08655033672141252,0.07027666762832387,-0.19428698870137967,-0.26040868951353896,0.30490263446518234
0.10614788468106938,-0.09684713016626928,0.5887180695672751,0.22667685273162566,0.24402786199583013,0.3109967787164906,0.1978723794270659,0.19414866213532148,0.2484790778411142,0.22414916311570485,0.230425328896484,0.20922845385492883,0.24080054457828332,0.1862323253306284,0.1996704700700709,0.2446494444971678,0.21784676298996558,0.16677176397298282,0.2140460183536961,0.24665124361439586,0.2204689320431087,0.2477747604842521,0.33387514775430727,0.4688458190902926,0.2497930181828951,0.09310790146506888,0.20342003193180427,0.19643765205954825,0.2866733753140233,0.33740859340986934,0.23414034766285527,0.19116901786372695,0.21207287767988206,0.27064858176714623,0.19297839581725257,0.25501752028241276,0.3396180209248533,0.17909894182514632,0.28688140914740584,0.19654177167875547,0.27413756391290084,0.24204406799084774,0.4294872838814723,0.39474489074040153,0.10847049074687477,0.18732644336433452,0.2684603363158394,0.01847811134697566,-0.03209512065737921,0.05633296149676815,-0.0467481893036509,-0.02633025469712752,-0.007495078574195831,-0.0319896213552926,0.28241440642535426,0.11193437993324212,-0.09847689632687291,-0.5429064814199196,0.4224315430767706
0.1470108213693324,0.2856095507672045,0.627480658993349,0.17283272330380156,0.1722793015099053,0.3165942460598222,0.17875041520206986,0.24672775543533249,0.1725834990685508,0.25035519897779324,0.21078578734909167,0.1972876228672804,0.27280346584394205,0.1971239681680552,0.15031515261593198,0.16959219877907053,0.24453840121198606,0.18271822701997945,0.3374040275899283,0.3436894756777583,0.268612140842694,0.18840305614123534,0.411461572009226,0.2497930181828951,1.9185754656937226,-0.0904779932085858,0.1958952727117262,0.1382320887424867,0.9633938007610767,0.6729721512556818,0.029952867179418495,0.17816919415961285,0.053635829583325356,0.6307308569826444,0.46049696032836074,0.17149528696551372,0.503226222681986,0.20692339786760375,0.8188900135218267,0.22933597232697572,0.3396126435820147,0.2568087699148062,0.4988242455087445,0.3788826280163217,0.20051702081868275,0.39156704827756084,0.43248392166354716,-0.04414799527893889,0.23340322833802216,-0.517659068498951,-0.03442036921777448,0.02205146950173282,0.2796621968823369,0.008197805133372885,0.11821533869797679,0.0891822309690751,-0.027567531552956666,-0.22983664345993174,0.14034050605463647
0.13163658087500937,0.13151275899883622,0.6292811789499522,0.2701830738152976,0.33662507714889084,0.30676072545883515,0.2090345137258413,0.3497935766010754,0.2528485438534307,0.1887122644808275,0.28056843192322656,0.26414207827120706,0.39032826070653237,0.23790164856602602,0.2521709137847389,0.25061847787036223,0.28541631210166063,0.38349610717833893,0.23360345114266248,0.4208388173827374,0.15784018484625537,0.2631537131739549,0.08781925214269444,0.09310790146506888,-0.0904779932085858,1.7580552141115073,0.3000555031988632,0.3014671012654624,0.09623518063584685,-0.6900159847940325,0.2531541811566695,0.2698744037817661,-0.056518925234865215,0.26831700157118943,0.34246359083722105,0.19674367944352805,-0.04831771383332855,0.23383669594444184,0.40270564814833915,0.30503352217481977,0.20351178949291554,0.2265669243476684,-0.00813703492720306,-0.09231441564636331,0.5254780862435415,0.08342523350197183,-0.2001694024382303,-0.03366734502686808,0.039907546169772816,0.5824902309466408,-0.15077631876478878,0.04869983321480848,-0.4572642670548022,0.039701394626706646,-0.057128484027914775,-0.04102053415651746,-0.08332311224548201,0.14390040311310964,-0.08361990495261913
0.14924847666645177,0.608481818949788,0.6693795708600019,0.26178983355179175,0.29108381456541427,0.29343276503403487,0.22348581032517156,0.2796021261238604,0.23854720153024903,0.24082034797965926,0.2641398714423653,0.3135146847647478,0.3279172484766347,0.23889523989449177,0.20034588697698175,0.296942860075936,0.2775088573441249,0.14875609595944075,0.27906394601178647,0.3431794521004591,0.23283177947428688,0.2684819940938719,0.1482611049850985,0.20342003193180427,0.1958952727117262,0.3000555031988632,0.8351438588401541,0.225230435446695,0.32297472429534185,0.14043544373615874,0.2086188363866941,0.2678918407049548,0.20130448368702056,0.3252618577664384,0.25861335915695016,0.4079132710507304,0.3180939289988176,0.20642225406722794,0.23451017890531753,0.15516406848685038,0.2645741761271579,0.28012520474472175,0.49127644428023615,0.0954282498066537,0.19721564495489163,0.2466139318870851,0.16140115484621703,0.015273202956712296,0.07089514544476627,-0.10399700843175069,-0.0412482974954675,0.12104875141452087,0.015350421833863055,-0.030889597018344407,0.05353213901433989,0.07942846573493346,-0.12311377645583901,-0.0794612455643344,0.10934425251518634
0.09307494380834407,0.225996957832325,0.41161694606733806,0.13230727030411912,0.08206517414821424,0.25806188598624197,0.15240131714043698,0.14297528531226136,0.20746863288343717,0.16662705767890443,0.19989516515789338,0.14380352372107355,0.22548195648665573,0.13969399705103236,0.2647091683603226,0.22153522233087525,0.4344106934859282,0.17912105269487674,0.23710321725513964,0.24893306409147228,0.21249493730884214,0.23064883660493832,-0.0528820947250093,0.19643765205954825,0.1382320887424867,0.3014671012654624,0.225230435446695,1.170763415041009,0.09888027072338763,0.08093911414744209,0.33750792639629346,0.22402571414125946,0.47248193622668383,0.0660933596900745,0.47563667106861174,-0.008044834984263774,0.47582985294067104,0.19163442508238288,0.0703434478532808,0.11503450840478538,0.3078046290125834,0.21699617108634,0.5190392061836717,0.5018416724249941,0.28740615997719987,0.11294616548038816,0.11222436983695208,0.04956870267975129,0.08071174896746017,0.8987117985505617,0.0010319104295742965,0.27878558787545527,-1.100705010629791,-0.007131824480143487,0.2222959724935357,0.0016188478750306704,-0.05416576096084373,-0.1336001070419153,0.2312611753913656
0.17296922265289905,0.7455651724087963,1.00888153655703,0.3571931453788695,0.3747509471318729,0.5830564271358804,0.299757953707016,0.3992972738469487,0.2818211797274851,0.3522628241565285,0.38321557755609204,0.3483698833029472,0.45872313082667976,0.3264973877026616,0.3724746507090116,0.3505701934314679,0.3837206078857124,0.32332550085479406,0.4949526280869082,0.5764925791128626,0.44510873156370834,0.34190322803076223,0.43790966601127623,0.2866733753140233,0.9633938007610767,0.09623518063584685,0.32297472429534185,0.09888027072338763,2.727008669612599,0.21874035790938967,0.09779417621982085,0.3611689870586062,-0.2505879495038044,0.9386285841206428,0.4363552053049592,0.5851182998690924,0.2482542155120783,0.2192329488205974,0.6662042645708031,0.28776152238581637,0.5100900163951511,0.3823612092082141,0.5254262428584143,-0.030034464701357257,0.38248337791350306,0.46187394816409766,0.3201576234043634,-0.10495869295439288,0.6272361213309868,0.4176433687802574,-0.30989233327123317,-0.05180775458938234,-0.2752573060568203,0.09582176321007942,-0.11029515396979478,0.12933078292665923,-0.38501683348785953,0.023060225126851762,0.30291824709176984
0.09514273265873141,0.08300266249611123,0.3071548325662623,0.06888261847694302,0.06044332534818894,0.069450191222297,0.09626696412842095,0.03414507690696759,0.18182062433795526,0.2351352586186809,0.06460989510272717,0.03851416854413749,0.021045751883708573,0.1194843285985306,0.13135707062008303,0.004567470108129623,0.03417061328737423,-0.05629301211972482,0.21539758955578883,0.01870059432227567,0.15219778387501434,0.07502816504756292,0.10119155324899776,0.33740859340986934,0.6729721512556818,-0.6900159847940325,0.14043544373615874,0.08093911414744209,0.21874035790938967,4.005770737306204,0.2393929183955234,0.06553669834577688,0.6724948939552234,0.01140745074200915,0.10024841758701855,0.7596748859095107,0.6593690145995679,0.044961778456027876,-0.20891191159761366,0.23472260898673947,0.1914061175253785,0.185691556379184,0.5094034853980943,-0.09986161973905025,-0.543900720763906,0.004926288046922622,1.8547597628558259,0.05152678120841624,-0.259524742817516,0.008670191594932014,0.13842517932703574,-0.9264261863187064,0.5863130369802951,-0.06501523247891534,0.42798556875460153,0.11009946649589544,-0.14561346294602093,-0.0715904101809941,0.05318650445276737
0.12797145679120073,0.30310055757224424,0.5717982056526881,0.21340170629240038,0.2220624886369267,0.2581187815228591,0.2076511142151943,0.23417729690720404,0.27755482692145833,0.2306992208336711,0.25133309308929974,0.2174587885837155,0.2519258899273484,0.18519415606202203,0.25306421246668565,0.24101489953128574,0.30327400035686064,0.32381680087865355,0.29801335003136015,0.27661568592241664,0.28526606916727437,0.2651641106948881,-0.08358912533627331,0.23414034766285527,0.029952867179418495,0.2531541811566695,0.2086188363866941,0.33750792639629346,0.09779417621982085,0.2393929183955234,0.8532547724721048,0.17112503246870428,0.26709081958083686,0.2273806042980259,0.31211533108821,0.3818629034913214,0.5445623641297717,0.2396494053257678,0.16207321052425588,0.11547405694643943,0.23372303909785264,0.3027395039733002,0.4107775166109408,0.30238547009081773,0.42532418284121065,0.24841113576066037,0.28308878472530613,0.024042939173174384,-0.2136222863841955,0.31675022785962625,-0.044541958159634396,-0.1323127900359189,-0.05993022229465909,-0.08585552458724417,0.1991644894995288,0.058475658455092325,0.005569397917276083,-0.21312565533247002,0.03092022679929343
0.15531614557514248,0.18892665712911283,0.5702356338913664,0.3566591291005656,0.36266403438127237,0.3982405784371412,0.20563666908136466,0.27950165315816466,0.20431631105865342,0.22639770467000345,0.2510620345184437,0.2635312104661985,0.24374388801544683,0.4613692494541249,0.26598193496526173,0.30726712470067147,0.2612381406095958,0.1775215464949163,0.13857784876060336,0.31865956936682854,0.20431711829127663,0.27106584296305547,0.14748155083247805,0.19116901786372695,0.17816919415961285,0.2698744037817661,0.2678918407049548,0.22402571414125946,0.3611689870586062,0.06553669834577688,0.17112503246870428,0.8422775183028329,0.024214249103563783,0.4406671518172832,0.09831451640855934,0.07183883033780925,0.28726570100876236,0.22055533476441974,0.15585972784622892,0.11333105718967601,0.2623572173033804,0.22752145424020412,0.41437004008953354,0.23737128778742383,0.18152292044412507,0.1132620288370537,0.16061146376079236,0.008396664735748613,0.5387861037714077,0.09290425631273358,-0.012655264805443442,0.48895735520328537,-0.6029910681257712,0.08198522324001772,-0.037195896120509726,0.06985619912791641,-0.19269712958615232,0.03586928169668645,0.12405599859904008
0.10110793218239592,0.25779368309588113,0.24317545771773988,0.1260667190649271,0.12378530055255009,0.031579344240669785,0.1682382143971366,0.007622006945224956,0.2569133017223772,0.09985131521087035,0.0891384345064146,0.11428117729591555,0.09099121313991511,0.06715300165777333,0.09856961761227796,0.04435703581019447,0.18016791405901605,0.11351002256551945,0.3243347900804619,-0.0244550897012469,0.19328539796751731,0.15394117078729297,0.034285583159793104,0.21207287767988206,0.053635829583325356,-0.056518925234865215,0.20130448368702056,0.47248193622668383,-0.2505879495038044,0.6724948939552234,0.26709081958083686,0.024214249103563783,1.970083531366205,-0.43291559795850887,-0.5170447061792709,0.14090937260536474,0.5830027068973326,0.07979551874317736,-0.4511453014816189,-0.012161791637532825,-0.3781518017911255,0.1804476978625071,0.1171998009362215,0.011918504243471528,-0.30216659550536307,0.10482913649671322,0.4754629969152098,0.1477621969812719,-0.20232021909354309,0.12724824506001453,-0.008299989807396279,-0.059769909682992894,0.13687795970299396,-0.2377853554398762,0.3049111313656117,-0.025873149955597908,-0.00575543181604011,-0.1529197521152313,0.06265906713913375
0.1076277527106564,0.22582837032808334,1.0274935689848963,0.38338236024853367,0.4095561344761669,0.5068915877842607,0.2877058663920157,0.4867362163907594,0.35717022830809536,0.3608039745718533,0.38304712280804376,0.35607981284255014,0.4235767814385296,0.37367538846147774,0.3189029880194957,0.4117617020880541,0.3497991082658204,0.3236691258882174,0.28309236414233946,0.5092614573564352,0.33905179775575217,0.4111049550705809,0.39769941002820564,0.27064858176714623,0.6307308569826444,0.26831700157118943,0.3252618577664384,0.0660933596900745,0.9386285841206428,0.01140745074200915,0.2273806042980259,0.4406671518172832,-0.43291559795850887,1.9514195865442412,0.655038478543774,0.27895453834240364,0.41554691662536364,0.23571827863104097,0.7322753177263683,0.20370481467171705,0.4605114909891396,0.3877538336972271,0.8096990344985814,0.48429738275316925,0.2926680386417999,0.28726140008007545,0.25426769829633916,0.014815192797213602,0.9556864791647952,-0.5039981619576794,-0.07330118592398369,0.23484536415209406,0.19768989136452578,0.008857898981401031,-0.132594267530229,0.13074400458398922,-0.3623556766105356,0.014709332913288988,0.33249545616305887
