1.6200356873760502,0.4180644993373408,1.6989293250380455,-0.09944535074971025,0.03908040141939921,0.4181149482726717,0.4741817548984737,0.23860021181983235,0.6670824572204751,0.3303303499731207,0.3726279245025672,0.3958537385473143,0.36876759262829395,0.35219475888924706,0.40161253130793784,0.29892193285129387,0.3165760560685799,0.33987230788202455,0.3243707147130285,0.26848235608301446,0.25999055715627845,0.4621905735954678,0.20052877033051625,-0.009844297222982445,0.3586177870102913,0.26434022043823435,0.3302356112202852,0.29489450462657446,0.38168256198826916,0.4816197681829528,0.10954392667327006,0.24165349506384523,0.1976970009041424,0.10123107082465319,0.41094215193446254,0.28835952029685935,0.25829248547851763,0.17213809612792239,0.4798262585735927,0.3079818294839276,0.3099942594456055,0.24024634439872766,0.2977029827627394,0.05556551098491,-0.07637915626277234,0.31959936821721124,0.3702936055480406,-0.04512617874158808,0.7534111939863539
0.4180644993373408,4.584798030195578,0.8385927623569343,-0.3120142607157141,-0.1154512927529215,0.45767608677972493,0.2037646116819816,0.2504905401004651,0.07982825571563179,0.43019902607495475,0.30956355745882513,0.347922358905088,0.24846821370618097,-0.00880157569902379,0.4508293673601754,0.19660326250781848,0.3569175576059999,0.3497862280057426,0.09790843188201592,0.17840010239513876,0.1257815252492765,0.10076009387566053,0.14157041041209395,0.002114159682197706,0.4356066710131929,-0.06349576504794344,0.40269235652185037,0.26191573698192455,0.7909435042872334,0.5289283721355936,0.011610325143366039,-0.01831068899686256,0.15757514596812136,0.3103145794855083,0.4317454590470117,0.25104028744741436,1.085600241584171,0.11430094235022328,0.4250766746537572,0.23380902700305733,0.29853537479399167,0.11811250682244445,0.40990230186883364,-0.009555383711580238,0.3881279452627973,0.31032810051610527,0.4428321295697562,-0.033798113158669194,0.6335656456143969
1.6989293250380455,0.8385927623569343,4.208000102381335,0.08067495852753538,-0.5304797910157676,1.0681852514382613,0.7574969566618897,0.9133034684771765,1.1747991707209098,0.7969751042641596,0.7845458542262896,0.5974582803459844,0.7604379514978152,0.6417534851728165,0.6511291466762872,0.5661617129853027,0.7550868614694705,0.602196976243892,0.5702614106141773,0.6672726128922293,0.5527833413582129,0.8175406929078262,0.3305138070484354,0.2841629502075757,0.6851441003822982,0.5287196082664223,0.7160872955103513,0.634185545603021,0.9709453714697842,1.0538826135485504,0.27837394100743745,0.4550503225079589,0.2255236327068139,0.6691890021953041,1.057906090771484,0.613098840648509,0.561631628244985,0.3574181166156846,1.0253431933857515,0.63743938779941,0.6829979358985736,0.5091005663370947,0.759896600367052,0.11223276572487743,0.20568555087524265,0.6343266819232827,0.8305708716079694,-0.08514112195146133,1.3131445408198952
-0.09944535074971025,-0.3120142607157141,0.08067495852753538,2.7124678942004117,0.6920245423355573,0.5726831869233433,0.4747603507049731,0.4728235705742038,0.49336680622398477,0.22127833556770168,0.46738380060078927,0.5117479796656704,0.4427484222913192,0.5621166583859836,0.29079535315700406,0.48845588603367757,0.3855081673099268,0.24634854741350518,0.4766226410726197,0.32768103563556933,0.3513599763598339,0.46177376520845986,0.20376693857624728,0.4423102725275907,0.2525830093629643,0.5515533380183211,0.3624617793605349,0.181299291185383,0.3422432460668564,-0.022156069640712036,0.21638372656082439,0.528509094086371,0.220149242072146,0.538046524685822,-0.11253015428134325,0.4082089296967815,0.05320412841086715,0.19207005760431217,0.3003389244344631,0.04708022394095666,0.2945104669895829,0.33607096093374206,0.24854668279534667,0.12043490835711529,-0.07754799833148715,0.36568159389866034,0.2599482305179694,-0.06485273612659762,0.19994875940721418
0.03908040141939921,-0.1154512927529215,-0.5304797910157676,0.6920245423355573,1.736503499975299,0.16420608196058933,0.4120112420048724,0.15450162086358316,0.4251715347391139,0.20291789107181846,0.2805299677065211,0.44323004621445666,0.34180899975091666,0.3387862579713867,0.3992760912885338,0.3765483988343356,0.1769614644103094,0.2566211264898535,0.5805869438641573,0.11912668282458821,0.25201841373498424,0.3891973366402067,0.1980593060553931,0.35697951237963116,0.1065194183931923,0.45176430138784385,0.1729129775688731,0.06537480932754036,0.11765565973757111,-0.2845191911346083,0.22714696853044986,0.39470617719654333,0.26676786169057937,0.3150093794055799,-0.28442133228118655,0.31462100030383755,-0.005801826464538763,0.08471775717504976,0.11781017253373909,-0.05158576204920048,0.17420394066142247,0.24897204248839513,0.020821613383921137,0.037649813105516634,-0.4378446006495925,0.2799011114829658,0.10599216613106213,-0.047503420678971474,0.3222116177425077
0.4181149482726717,0.45767608677972493,1.0681852514382613,0.5726831869233433,0.16420608196058933,1.2656360495135028,0.4098334223755819,0.6891932001441835,0.6299666257403179,0.32424427425144625,0.6125930629251238,0.5612404248471834,0.5303095470752514,0.447474846694858,0.4420730224995962,0.46931996899798284,0.5216118347646955,0.3715884386063965,0.6249779399084682,0.48944080887806146,0.3841564173888155,0.5211482566541297,0.23258253968770837,0.3719580942901442,0.46687881015659544,0.5309431291963693,0.4767452807543372,0.3031347798460816,0.715702327321305,0.3094318444410917,0.2030550901243992,0.4355117273210944,0.01987174982052866,0.6532260861000919,0.48928611326082444,0.37590141954792977,0.21368206721170743,0.27770976897164595,0.5962837074387755,0.3214084441452894,0.2979062817915908,0.36068543462005614,0.4474530804121318,0.07793133113092837,0.19910244696764745,0.3674146482412572,0.43680322374891095,-0.03899368977508875,0.5422506092521044
0.4741817548984737,0.2037646116819816,0.7574969566618897,0.4747603507049731,0.4120112420048724,0.4098334223755819,0.7566468342707413,0.29357514146733316,0.7912857228926498,0.3185762884877199,0.44569458947769874,0.5846491613049493,0.44961321004210086,0.4173174274493701,0.3012466685365106,0.4147167113115176,0.4028499382138517,0.3270618410366423,0.4298321595358295,0.25995085986321714,0.31070960525490626,0.5574348754648145,0.18811736325025497,0.2832115104106915,0.27596476311783064,0.44614870944123153,0.38281825598607466,0.29834482030447373,0.37212269390547326,0.2577402265693082,0.22867122223330924,0.37124134955104354,0.225654714967173,0.4310300365957086,0.2940599439272872,0.38516124571433963,0.1919837381361123,0.1628258473770636,0.3904407104705746,0.18709341034409904,0.34500356974785434,0.29465071845819774,0.30212346186394595,0.06663549712309329,-0.1544588811552437,0.3620333961503053,0.31490306793385314,-0.05168702474028166,0.6580798368890833
0.23860021181983235,0.2504905401004651,0.9133034684771765,0.4728235705742038,0.15450162086358316,0.6891932001441835,0.29357514146733316,1.0198336453965395,0.3415241253113951,0.5527866408421261,0.46037978620182507,0.20807164840852244,0.45173543041690545,0.41917713276915697,0.3132476663293309,0.37670204132421947,0.4472154264420773,0.3310438979773486,0.4198115360021296,0.5020625116487109,0.35327358973893175,0.35302312771175953,0.1801788811479478,0.33678090320793896,0.3772938160765415,0.38569525731489457,0.40078399875873566,0.2972570154021825,0.5748035963326559,0.45453909934592235,0.20683477203450762,0.3442595285379764,0.07331375480919318,0.5668770453208897,0.5044482033488352,0.356436408323225,0.311261901557626,0.2709536056679177,0.6199494274512228,0.33649234144645807,0.39452128101206374,0.3188830926208454,0.43866593335284015,0.06466221924090974,0.21763490557157592,0.3647174472304022,0.4983457588873775,-0.038429344321195616,0.6049680742885981
0.6670824572204751,0.07982825571563179,1.1747991707209098,0.49336680622398477,0.4251715347391139,0.6299666257403179,0.7912857228926498,0.3415241253113951,1.8532858930000864,0.019135418315527137,0.4157163790751715,0.43852941153106334,0.46662711129331896,0.5096470189926302,0.3381586097772861,0.4186534537861289,0.4999298941292664,0.2998584002736933,0.6588835873282501,0.2454982195510454,0.37949403471370685,1.0270257597717363,0.14372528778681024,0.353199842978675,0.22246692286116124,0.6779899803158839,0.38859800338234846,0.3733769129768646,0.3819563832682699,0.1758930558579615,0.34910447144522405,0.4727135683113425,0.255811250973733,0.5396193369530267,0.34585609715725557,0.36997189083713317,0.057913697574409555,0.16581097919776885,0.4150975399257351,0.1561320480247099,0.3295430061380276,0.360391217892854,0.3005058150752552,0.09416569456409195,-0.35542789823612175,0.3807740480242378,0.2720840983695484,-0.04544978218812202,0.854224287264804
0.3303303499731207,0.43019902607495475,0.7969751042641596,0.22127833556770168,0.20291789107181846,0.32424427425144625,0.3185762884877199,0.5527866408421261,0.019135418315527137,1.3005126496848143,0.4260934588907494,0.3648577943025539,0.441397401273089,0.3616177083578078,0.35227221616693255,0.36218895105509935,0.3505607560904911,0.456429520214106,0.266692973275887,0.45551409255359315,0.3070454663565567,0.1973580357216983,0.21805384955496993,0.2601647579410637,0.33138064124940536,0.2003162143171622,0.4100481967650124,0.34680962370162444,0.5659140698176915,0.6646651636800499,0.20592528485391046,0.28011162830251257,0.181664466541765,0.46637837631476153,0.5392310474213831,0.43480060993227043,0.45077497948161915,0.24896653268987254,0.5780006264704172,0.3823309176384904,0.5234786349833722,0.26953405463663593,0.4498997863513817,0.05795822239626785,0.14459625659438055,0.43485974049741816,0.6500971876626567,-0.05306835008387668,0.752271368526456
0.3726279245025672,0.30956355745882513,0.7845458542262896,0.46738380060078927,0.2805299677065211,0.6125930629251238,0.44569458947769874,0.46037978620182507,0.4157163790751715,0.4260934588907494,0.8509517647263795,0.5322955164352907,0.6486976417799196,0.4128262217298964,0.4268381000235663,0.4587572646678782,0.51348908394431,0.3967088905110121,0.4384768027068954,0.47121699719588955,0.3552809988936008,0.4154958300799675,0.26339120211608347,0.35596043715993647,0.386049984543532,0.36794859469037366,0.45358571459792135,0.34574285088536366,0.6061391492411482,0.4412560706754189,0.21659518725346652,0.37393828970120524,0.1777426077372184,0.5260616731582803,0.4385562760574279,0.42115733932431915,0.33959382451027026,0.2571734426073322,0.6172270642886504,0.3198025571510837,0.4169139064446282,0.34047517300096974,0.42151087113256325,0.058868164923523515,0.11431870886133311,0.4172378144170958,0.4877368742099381,-0.05168871382523509,0.6279900956642088
0.3958537385473143,0.347922358905088,0.5974582803459844,0.5117479796656704,0.44323004621445666,0.5612404248471834,0.5846491613049493,0.20807164840852244,0.43852941153106334,0.3648577943025539,0.5322955164352907,0.9820952549414077,0.48066906789347613,0.3606322365702399,0.3963183209263214,0.4581719670476976,0.42103215767774765,0.37869044876787666,0.4523386700937708,0.291041721335391,0.3097672961419144,0.4089829791160317,0.253958140584532,0.29378086055835606,0.37370613523028606,0.43935906243233086,0.4570747422512574,0.2741406645683646,0.4368280947641328,0.26952820617404205,0.17908734554196604,0.3591016377287114,0.2073774409949576,0.44045394118982395,0.29630632405298746,0.4323586985991567,0.23996641994777426,0.18107736443609984,0.40662101532052497,0.2257385372389071,0.34840695843035274,0.29949767903033053,0.3456512776429989,0.058839981801756466,-0.07005983924353427,0.38475645976135,0.36266526875703303,-0.057357887170008656,0.5995458860521391
0.36876759262829395,0.24846821370618097,0.7604379514978152,0.4427484222913192,0.34180899975091666,0.5303095470752514,0.44961321004210086,0.45173543041690545,0.46662711129331896,0.441397401273089,0.6486976417799196,0.48066906789347613,0.9588517052286731,0.4068034681216267,0.26304041267261974,0.46970420819326525,0.48535781974437325,0.42755954440019217,0.45924133295792985,0.40746560023223116,0.3464234381814439,0.4529315524252714,0.2864943400444452,0.33453576502834614,0.3661752620018199,0.3139906075947731,0.46192281438948984,0.34960943876302847,0.6101964928189619,0.4535112520194978,0.20064362484585485,0.3610619659989743,0.201211708530912,0.5196531824543643,0.43623608578712375,0.4181156090089804,0.33126209579404,0.22230119339353158,0.6482221211551404,0.31746264137270147,0.4223385625153684,0.32305750685059376,0.4200369273684405,0.06782578438127827,0.11407154308332298,0.4051673712240994,0.49321503831593455,-0.05426531248112452,0.6777438121748853
0.35219475888924706,-0.00880157569902379,0.6417534851728165,0.5621166583859836,0.3387862579713867,0.447474846694858,0.4173174274493701,0.41917713276915697,0.5096470189926302,0.3616177083578078,0.4128262217298964,0.3606322365702399,0.4068034681216267,0.8521366274451962,0.37478015497372674,0.48619293569050437,0.4118751186501793,0.26687100362937566,0.4046997222330656,0.4294617934277207,0.35301034882871657,0.4817171337795039,0.13393503703896498,0.3211895787168808,0.2949693511076531,0.4788912678329947,0.4159479301225293,0.3812398213499614,0.45725894972841713,0.3821411791125137,0.257522342781102,0.6285940573207514,0.29621687694568327,0.47133396772966923,0.33187476052522946,0.45066372992744586,0.21795884290199502,0.25766094986180504,0.35466771186869556,0.2117825335116876,0.4294625544681732,0.3364953817301197,0.36598898376364486,0.06644686684929832,-0.24263654087356135,0.46607950043223645,0.4518710217044853,-0.07514307169225436,0.8639601430748491
0.40161253130793784,0.4508293673601754,0.6511291466762872,0.29079535315700406,0.3992760912885338,0.4420730224995962,0.3012466685365106,0.3132476663293309,0.3381586097772861,0.35227221616693255,0.4268381000235663,0.3963183209263214,0.26304041267261974,0.37478015497372674,1.2588384166946711,0.3422843606175019,0.3806313687366663,0.3183118708912895,0.4505284019025526,0.3600593164524005,0.3438622343489543,0.33716315524688917,0.16498119352606397,0.35390698908474216,0.3733836092467417,0.3642404534767225,0.3772743559615093,0.33315491528391294,0.47507855255907294,0.4453554512060128,0.21709832219734732,0.3453366875109655,0.2707273437284992,0.3978251155027822,0.332494812264754,0.40919510144436017,0.2639780472409584,0.17168724966422855,0.4053218504135912,0.2269050438155112,0.39853180740725086,0.3346063239471042,0.3388867941970511,0.0563055926338929,-0.1971391280522265,0.4213487592107192,0.420940829880963,-0.05797801922362448,0.7432604466234766
0.29892193285129387,0.19660326250781848,0.5661617129853027,0.48845588603367757,0.3765483988343356,0.46931996899798284,0.4147167113115176,0.37670204132421947,0.4186534537861289,0.36218895105509935,0.4587572646678782,0.4581719670476976,0.46970420819326525,0.48619293569050437,0.3422843606175019,0.7992716481369001,0.5128867594854305,0.3342167971960572,0.4520351828737524,0.34329061190488547,0.3665835682263288,0.5539870954525777,0.1786125808180311,0.3380216865941203,0.3382644223300057,0.4617938847596064,0.43236190233280575,0.39533213411081675,0.45183872801931463,0.3711430336740473,0.2625986707746586,0.411248874417369,0.23872266704299117,0.4623522675229824,0.4297214878863206,0.4386560828476871,0.2517567801771972,0.20073457033981026,0.41739371007356474,0.2472369658440464,0.42544797211800084,0.36054202842393474,0.37136662069415816,0.06515070970316983,-0.11365325986473934,0.43285512060559506,0.4409121709306115,-0.06549329466890674,0.6399235863000419
0.3165760560685799,0.3569175576059999,0.7550868614694705,0.3855081673099268,0.1769614644103094,0.5216118347646955,0.4028499382138517,0.4472154264420773,0.4999298941292664,0.3505607560904911,0.51348908394431,0.42103215767774765,0.48535781974437325,0.4118751186501793,0.3806313687366663,0.5128867594854305,0.9538093406889717,0.24740016423788203,0.41892148729870243,0.560837150479824,0.398601423792894,0.5039344032111133,0.12472141225578451,0.3343496494976986,0.4574719373175979,0.42032970415247545,0.4578720687433951,0.5551832543034111,0.523143245657367,0.5006506922642379,0.2909636888003594,0.34780064610072875,0.2985103445430507,0.5176358307673303,0.5608848818768077,0.46175540274954907,0.5099390460415945,0.31587604217051346,0.5199107975878912,0.31843616207670744,0.4904312254584086,0.4051689828518265,0.4657423194267922,0.06564785218042002,0.04641710329061448,0.49739163317566104,0.5209650508474898,-0.06496282909124114,0.7504599017715604
0.33987230788202455,0.3497862280057426,0.602196976243892,0.24634854741350518,0.2566211264898535,0.3715884386063965,0.3270618410366423,0.3310438979773486,0.2998584002736933,0.456429520214106,0.3967088905110121,0.37869044876787666,0.42755954440019217,0.26687100362937566,0.3183118708912895,0.3342167971960572,0.24740016423788203,0.9769437417349756,0.31157067800032257,0.09673255950602119,0.2662276559647193,0.3337680462681909,0.4669628402708514,0.27599468852476206,0.31823271467401154,0.3732138729061573,0.27494222068617297,0.2510646519129511,0.47068896838531293,0.246746980581911,0.3242507018651669,0.19596743626957822,0.24747457086123767,0.407692727573091,0.301731419769813,0.37158515478242593,0.3384176575180714,0.0699070846905975,0.3103088272100925,0.2176411236523881,0.35319893981695016,0.21534821874667334,0.3336971331936302,0.0727416409963741,0.05617824499328949,0.388257512762298,0.5250889403830191,-0.051720458445946096,0.3873633168938665
0.3243707147130285,0.09790843188201592,0.5702614106141773,0.4766226410726197,0.5805869438641573,0.6249779399084682,0.4298321595358295,0.4198115360021296,0.6588835873282501,0.266692973275887,0.4384768027068954,0.4523386700937708,0.45924133295792985,0.4046997222330656,0.4505284019025526,0.4520351828737524,0.41892148729870243,0.31157067800032257,1.0788009105939393,0.294575026403762,0.3674652584178025,0.5688953413515258,0.13657165801605423,0.34009066127819554,0.2997196524665538,0.4589095677251794,0.35479522769373123,0.29706040127131095,0.40311471100905494,0.20472060858572644,0.26319891535026463,0.39946068015529024,0.23527559523007222,0.45253990765008734,0.23161247052714276,0.4044133966606305,0.16237797600926246,0.19224587119863482,0.4510113415892789,0.1714526919768367,0.3313829095385693,0.34519769877824696,0.28051309114127115,0.07045438880857337,-0.12093844634988159,0.382943045796033,0.3135239438097978,-0.04633446178936745,0.488670510621588
0.26848235608301446,0.17840010239513876,0.6672726128922293,0.32768103563556933,0.11912668282458821,0.48944080887806146,0.25995085986321714,0.5020625116487109,0.2454982195510454,0.45551409255359315,0.47121699719588955,0.291041721335391,0.40746560023223116,0.4294617934277207,0.3600593164524005,0.34329061190488547,0.560837150479824,0.09673255950602119,0.294575026403762,1.5994798210688606,0.39323960747466574,0.19906375547363855,-0.008670675233550643,0.38776301019595794,0.3878144591955871,0.34067577513055386,0.5056453618958262,0.4479330303004805,0.7054762408224109,0.8756249827731702,0.25821630726659023,0.40962019622355195,0.15989938026298608,0.5252086837711043,0.6427940386940465,0.4373065269077935,0.8415650295399582,0.7987393583145116,0.7875878935446691,0.595013130861866,0.6202726690651025,0.4199862681089685,0.6873952560623037,0.007886655665764599,0.7866374544669148,0.4968091545653056,0.5992487091741074,-0.03622435455922538,0.9617087411894026
0.25999055715627845,0.1257815252492765,0.5527833413582129,0.3513599763598339,0.25201841373498424,0.3841564173888155,0.31070960525490626,0.35327358973893175,0.37949403471370685,0.3070454663565567,0.3552809988936008,0.3097672961419144,0.3464234381814439,0.35301034882871657,0.3438622343489543,0.3665835682263288,0.398601423792894,0.2662276559647193,0.3674652584178025,0.39323960747466574,0.8161457432435651,0.3406320684955274,0.04952070827013818,0.334398670799787,0.2845733635968279,0.5728834839523391,0.3327339955333119,0.4108918361355084,0.2962241097881478,0.36692174784052295,0.3767999391877512,0.35260269992492543,0.35174977580370786,0.37582622423479534,0.34459846460952953,0.46261580291793386,0.2036537392343639,0.24340107482622445,0.34583909777392335,0.25534040249536344,0.4862585319864606,0.6207990226315337,0.34751596064729867,0.054426818799549095,-0.08896911022538712,0.4688701035373417,0.4557165849018245,-0.06701988768596118,0.5307008493320745
0.4621905735954678,0.10076009387566053,0.8175406929078262,0.46177376520845986,0.3891973366402067,0.5211482566541297,0.5574348754648145,0.35302312771175953,1.0270257597717363,0.1973580357216983,0.4154958300799675,0.4089829791160317,0.4529315524252714,0.4817171337795039,0.33716315524688917,0.5539870954525777,0.5039344032111133,0.3337680462681909,0.5688953413515258,0.19906375547363855,0.3406320684955274,1.162513700409671,0.1847163370544983,0.335520389901217,0.2569517631407793,0.5172144359485942,0.3724195654050772,0.3573340562038689,0.41620381886337493,0.2278069764227691,0.30404270152366397,0.44720191344737786,0.25395401538954565,0.4794256305063323,0.3396692612245995,0.3610118362584878,0.099051319943558,0.14220009210271017,0.4065198879243157,0.1691248901463579,0.33414655833683155,0.33208819682998675,0.27919303650650523,0.08346585486651759,-0.35504340974608056,0.38067428443876133,0.35255974731737244,-0.05054286878639988,0.8070974796661078
0.20052877033051625,0.14157041041209395,0.3305138070484354,0.20376693857624728,0.1980593060553931,0.23258253968770837,0.18811736325025497,0.1801788811479478,0.14372528778681024,0.21805384955496993,0.26339120211608347,0.253958140584532,0.2864943400444452,0.13393503703896498,0.16498119352606397,0.1786125808180311,0.12472141225578451,0.4669628402708514,0.13657165801605423,-0.008670675233550643,0.04952070827013818,0.1847163370544983,1.484499070123873,0.32410328228039403,0.47036081191536233,-0.08835496831172968,0.14209887272111688,-0.136053320612893,0.4523234997196082,0.24398470550920404,-0.2417826464106449,0.08513458408724794,0.08299197997280289,0.262717701060145,-0.1172660483837553,0.3761480503777651,0.2368869921154046,-0.03241024866552561,0.5254272692158508,0.29246863457190697,0.21945765990341107,0.04684117401241607,0.23136292082372956,0.11896183464687213,0.07517094374301145,0.28001599361516116,0.3524223225564464,-0.058468742602696376,0.4202714346987257
-0.009844297222982445,0.002114159682197706,0.2841629502075757,0.4423102725275907,0.35697951237963116,0.3719580942901442,0.2832115104106915,0.33678090320793896,0.353199842978675,0.2601647579410637,0.35596043715993647,0.29378086055835606,0.33453576502834614,0.3211895787168808,0.35390698908474216,0.3380216865941203,0.3343496494976986,0.27599468852476206,0.34009066127819554,0.38776301019595794,0.334398670799787,0.335520389901217,0.32410328228039403,1.0868267585436333,0.32064519278715703,0.44041011750871095,0.31063316416731446,0.27495082616687117,0.3261385581449117,0.3191870692093508,0.34423019568400226,0.30264930221537445,0.2960398088319177,0.2637655066049123,0.21828816122058842,0.453371165886344,0.13898463286933319,0.21681487035975153,0.2476276930443599,0.1838121780111271,0.3873732094521703,0.3093387423105206,0.2648148633766686,0.080355323268247,-0.15091025705902017,0.4316189330572238,0.3545084288385207,-0.06867326458647831,0.42306098075513304
0.3586177870102913,0.4356066710131929,0.6851441003822982,0.2525830093629643,0.1065194183931923,0.46687881015659544,0.27596476311783064,0.3772938160765415,0.22246692286116124,0.33138064124940536,0.386049984543532,0.37370613523028606,0.3661752620018199,0.2949693511076531,0.3733836092467417,0.3382644223300057,0.4574719373175979,0.31823271467401154,0.2997196524665538,0.3878144591955871,0.2845733635968279,0.2569517631407793,0.47036081191536233,0.32064519278715703,1.362823380058619,0.13244166881311534,0.35083949999275343,0.29293172314171007,0.6369526251277613,0.5700505962279722,-0.04007415751338696,0.29195307080956323,0.1701989524025381,0.4922923669716805,0.4220975515716182,0.4430674617802042,0.48824303282982306,0.2342874241576581,0.6378468316312552,0.34020286232853897,0.3766377887790038,0.26798521383520213,0.45134358757716775,0.08562104551733671,0.056462288115681554,0.5583232165019478,0.48190665071498806,-0.09977209197630219,0.6600636502511026
0.26434022043823435,-0.06349576504794344,0.5287196082664223,0.5515533380183211,0.45176430138784385,0.5309431291963693,0.44614870944123153,0.38569525731489457,0.6779899803158839,0.2003162143171622,0.36794859469037366,0.43935906243233086,0.3139906075947731,0.4788912678329947,0.3642404534767225,0.4617938847596064,0.42032970415247545,0.3732138729061573,0.4589095677251794,0.34067577513055386,0.5728834839523391,0.5172144359485942,-0.08835496831172968,0.44041011750871095,0.13244166881311534,2.244273761466775,0.38703228237522636,0.43314684913436025,-0.18470452551868216,-0.3795288456145248,0.5778852785191354,0.5230002507953883,0.3139066308965929,0.43912925813782755,0.3603268097628859,0.3971360734250178,-0.5381546062113849,0.1949389351846861,-0.5370315663247052,0.03728060304542041,0.4915219897757938,0.5418379588661972,0.2954692783790779,0.07555960726079909,-0.6402433323534653,0.41166440155927286,0.1274499069636973,-0.029751786773762032,0.11819491912927846
0.3302356112202852,0.40269235652185037,0.7160872955103513,0.3624617793605349,0.1729129775688731,0.4767452807543372,0.38281825598607466,0.40078399875873566,0.38859800338234846,0.4100481967650124,0.45358571459792135,0.4570747422512574,0.46192281438948984,0.4159479301225293,0.3772743559615093,0.43236190233280575,0.4578720687433951,0.27494222068617297,0.35479522769373123,0.5056453618958262,0.3327339955333119,0.3724195654050772,0.14209887272111688,0.31063316416731446,0.35083949999275343,0.38703228237522636,1.1368397875288625,0.4211995608349278,0.44336114586787717,0.47624216315667023,0.2247366544478146,0.45721673512376027,0.31291367886558863,0.5113417173163701,0.42441670176233587,0.6266496085434423,0.45127238828757316,0.293205513380934,0.45307730447784955,0.2911566765804337,0.5184494584945107,0.32330191759200316,0.6615523339712811,0.0047995609651030014,0.17345245984202715,0.47956778174988807,0.40801641894761903,-0.0935538133121804,0.5761912208751112
0.29489450462657446,0.26191573698192455,0.634185545603021,0.181299291185383,0.06537480932754036,0.3031347798460816,0.29834482030447373,0.2972570154021825,0.3733769129768646,0.34680962370162444,0.34574285088536366,0.2741406645683646,0.34960943876302847,0.3812398213499614,0.33315491528391294,0.39533213411081675,0.5551832543034111,0.2510646519129511,0.29706040127131095,0.4479330303004805,0.4108918361355084,0.3573340562038689,-0.136053320612893,0.27495082616687117,0.29293172314171007,0.43314684913436025,0.4211995608349278,1.4673383621816907,0.33965970349505725,0.7872947486953223,0.507715910897834,0.36893109360683723,0.7666166597371546,0.39310024385367226,1.0296336468044067,0.5364867937676403,0.4062452072112169,0.2328078125718362,0.23034823841113666,0.32166797532544517,0.611164737102458,0.3762469484201699,0.4898904436058673,0.14940043008181556,-0.5656314255035656,0.6618653001948628,0.545094723755936,-0.07956153895322256,0.9792445562372435
0.38168256198826916,0.7909435042872334,0.9709453714697842,0.3422432460668564,0.11765565973757111,0.715702327321305,0.37212269390547326,0.5748035963326559,0.3819563832682699,0.5659140698176915,0.6061391492411482,0.4368280947641328,0.6101964928189619,0.45725894972841713,0.47507855255907294,0.45183872801931463,0.523143245657367,0.47068896838531293,0.40311471100905494,0.7054762408224109,0.2962241097881478,0.41620381886337493,0.4523234997196082,0.3261385581449117,0.6369526251277613,-0.18470452551868216,0.44336114586787717,0.33965970349505725,2.616721550922216,1.0956125306098954,-0.060929884490912176,0.4597575257667336,-0.0734303718331476,0.9828632795637475,0.7553313195251975,0.6873344709440063,-0.017380360016178636,0.28217903045264336,0.9875525495206897,0.531873063814399,0.6964879574131796,0.23745129192436198,0.38899913662375185,-0.048461104353497673,0.6859106401728394,0.5462483556894687,0.8176158280415128,-0.11593443588475986,0.9992953558487191
0.4816197681829528,0.5289283721355936,1.0538826135485504,-0.022156069640712036,-0.2845191911346083,0.3094318444410917,0.2577402265693082,0.45453909934592235,0.1758930558579615,0.6646651636800499,0.4412560706754189,0.26952820617404205,0.4535112520194978,0.3821411791125137,0.4453554512060128,0.3711430336740473,0.5006506922642379,0.246746980581911,0.20472060858572644,0.8756249827731702,0.36692174784052295,0.2278069764227691,0.24398470550920404,0.3191870692093508,0.5700505962279722,-0.3795288456145248,0.47624216315667023,0.7872947486953223,1.0956125306098954,3.0917354652282483,0.20075875488517309,0.2874168150313677,0.214190620350287,0.46995998143663126,1.6239596360822812,0.6164921667363615,0.8483858533204233,0.5283801069847196,1.2132742919015476,0.890864123658688,1.09768329608321,0.36856989698413867,1.0459231733021006,0.2312174323775481,0.43023390351139446,0.704134112636061,1.3050854900112951,-0.06804995290916216,1.852608712172606
0.10954392667327006,0.011610325143366039,0.27837394100743745,0.21638372656082439,0.22714696853044986,0.2030550901243992,0.22867122223330924,0.20683477203450762,0.34910447144522405,0.20592528485391046,0.21659518725346652,0.17908734554196604,0.20064362484585485,0.257522342781102,0.21709832219734732,0.2625986707746586,0.2909636888003594,0.3242507018651669,0.26319891535026463,0.25821630726659023,0.3767999391877512,0.30404270152366397,-0.2417826464106449,0.34423019568400226,-0.04007415751338696,0.5778852785191354,0.2247366544478146,0.507715910897834,-0.060929884490912176,0.20075875488517309,1.8819515691461117,0.14160169598178918,0.44917273404130653,0.3202103434423816,0.5167086184677283,0.49032776147077856,0.14972793036132392,0.19166320858590777,-0.12124238109491767,0.053309974462827335,0.3518269475514541,0.32325671832983355,0.2630757679396955,0.10812055133115532,-0.5241400505008861,0.6274604385866207,0.3691142745678419,-0.0906441183859521,0.1016158624078244
0.24165349506384523,-0.01831068899686256,0.4550503225079589,0.528509094086371,0.39470617719654333,0.4355117273210944,0.37124134955104354,0.3442595285379764,0.4727135683113425,0.28011162830251257,0.37393828970120524,0.3591016377287114,0.3610619659989743,0.6285940573207514,0.3453366875109655,0.411248874417369,0.34780064610072875,0.19596743626957822,0.39946068015529024,0.40962019622355195,0.35260269992492543,0.44720191344737786,0.08513458408724794,0.30264930221537445,0.29195307080956323,0.5230002507953883,0.45721673512376027,0.36893109360683723,0.4597575257667336,0.2874168150313677,0.14160169598178918,1.169857237661755,0.3652082620744506,0.5612899952084135,0.1378043880067185,0.47650941280678355,-0.019252197637258182,0.26828853941708114,0.272558285624975,0.11695444119262438,0.3914233711582384,0.33529709020754467,0.34647502628585275,0.06220460502854172,-0.4410765109481743,0.5220697012282511,0.401952339390602,-0.10083232981431689,0.8748283704951197
0.1976970009041424,0.15757514596812136,0.2255236327068139,0.220149242072146,0.26676786169057937,0.01987174982052866,0.225654714967173,0.07331375480919318,0.255811250973733,0.181664466541765,0.1777426077372184,0.2073774409949576,0.201211708530912,0.29621687694568327,0.2707273437284992,0.23872266704299117,0.2985103445430507,0.24747457086123767,0.23527559523007222,0.15989938026298608,0.35174977580370786,0.25395401538954565,0.08299197997280289,0.2960398088319177,0.1701989524025381,0.3139066308965929,0.31291367886558863,0.7666166597371546,-0.0734303718331476,0.214190620350287,0.44917273404130653,0.3652082620744506,1.7793636083355975,-0.04412562212435977,-0.2364509386045617,0.4076884907979119,0.581947682834842,0.07779990905305204,-0.10728246229829735,-0.05410267256160176,0.19629384864296223,0.3248231532627374,0.326129923582775,0.15615714070173523,-1.3248797716036487,0.6901541735556975,0.40236400121016486,-0.13352483064499818,1.1726435850377914
0.10123107082465319,0.3103145794855083,0.6691890021953041,0.538046524685822,0.3150093794055799,0.6532260861000919,0.4310300365957086,0.5668770453208897,0.5396193369530267,0.46637837631476153,0.5260616731582803,0.44045394118982395,0.5196531824543643,0.47133396772966923,0.3978251155027822,0.4623522675229824,0.5176358307673303,0.407692727573091,0.45253990765008734,0.5252086837711043,0.37582622423479534,0.4794256305063323,0.262717701060145,0.2637655066049123,0.4922923669716805,0.43912925813782755,0.5113417173163701,0.39310024385367226,0.9828632795637475,0.46995998143663126,0.3202103434423816,0.5612899952084135,-0.04412562212435977,1.756761621688898,0.7781136684960259,0.5177841852085363,0.4492254129022713,0.23588404123118925,0.544128296335091,0.22961707042950044,0.6585329447338703,0.34201340438761524,0.7152913493880032,0.11804313934975778,0.32441571003905484,0.5163716205043424,0.6106706842947036,-0.046152866057627535,0.7415329455017587
0.41094215193446254,0.4317454590470117,1.057906090771484,-0.11253015428134325,-0.28442133228118655,0.48928611326082444,0.2940599439272872,0.5044482033488352,0.34585609715725557,0.5392310474213831,0.4385562760574279,0.29630632405298746,0.43623608578712375,0.33187476052522946,0.332494812264754,0.4297214878863206,0.5608848818768077,0.301731419769813,0.23161247052714276,0.6427940386940465,0.34459846460952953,0.3396692612245995,-0.1172660483837553,0.21828816122058842,0.4220975515716182,0.3603268097628859,0.42441670176233587,1.0296336468044067,0.7553313195251975,1.6239596360822812,0.5167086184677283,0.1378043880067185,-0.2364509386045617,0.7781136684960259,3.1532634862320923,0.251855037137467,0.34709994502896707,0.36162197467535667,0.6410112269531882,0.99230820360094,0.680837238783976,0.2973451543168801,0.7677495776862586,0.10446602389479889,0.06179222753489459,0.46196690671817503,0.8423087409843262,0.04461665738139261,1.2565992522129128
0.28835952029685935,0.25104028744741436,0.613098840648509,0.4082089296967815,0.31462100030383755,0.37590141954792977,0.38516124571433963,0.356436408323225,0.36997189083713317,0.43480060993227043,0.42115733932431915,0.4323586985991567,0.4181156090089804,0.45066372992744586,0.40919510144436017,0.4386560828476871,0.46175540274954907,0.37158515478242593,0.4044133966606305,0.4373065269077935,0.46261580291793386,0.3610118362584878,0.3761480503777651,0.453371165886344,0.4430674617802042,0.3971360734250178,0.6266496085434423,0.5364867937676403,0.6873344709440063,0.6164921667363615,0.49032776147077856,0.47650941280678355,0.4076884907979119,0.5177841852085363,0.251855037137467,2.0094133927330633,0.2136436230771005,0.26778969591860147,0.40040591392773706,0.28863205993157,0.8584167790427585,0.39940085495722094,0.3882493866423346,0.0038035118763075286,-0.1777679037400731,1.1388930783542837,0.35153037306190604,-0.3892091329355779,0.1500070765035564
0.25829248547851763,1.085600241584171,0.561631628244985,0.05320412841086715,-0.005801826464538763,0.21368206721170743,0.1919837381361123,0.311261901557626,0.057913697574409555,0.45077497948161915,0.33959382451027026,0.23996641994777426,0.33126209579404,0.21795884290199502,0.2639780472409584,0.2517567801771972,0.5099390460415945,0.3384176575180714,0.16237797600926246,0.8415650295399582,0.2036537392343639,0.099051319943558,0.2368869921154046,0.13898463286933319,0.48824303282982306,-0.5381546062113849,0.45127238828757316,0.4062452072112169,-0.017380360016178636,0.8483858533204233,0.14972793036132392,-0.019252197637258182,0.581947682834842,0.4492254129022713,0.34709994502896707,0.2136436230771005,3.469904115513435,0.5522771073565855,0.8513298935801762,0.3420951801946436,0.45824556067651656,0.23585025927099065,0.9610705227444444,0.09262391704366552,0.9042012419182195,0.5626091941171597,0.7356312268544267,-0.0024469518491544613,1.4193047199803104
0.17213809612792239,0.11430094235022328,0.3574181166156846,0.19207005760431217,0.08471775717504976,0.27770976897164595,0.1628258473770636,0.2709536056679177,0.16581097919776885,0.24896653268987254,0.2571734426073322,0.18107736443609984,0.22230119339353158,0.25766094986180504,0.17168724966422855,0.20073457033981026,0.31587604217051346,0.0699070846905975,0.19224587119863482,0.7987393583145116,0.24340107482622445,0.14220009210271017,-0.03241024866552561,0.21681487035975153,0.2342874241576581,0.1949389351846861,0.293205513380934,0.2328078125718362,0.28217903045264336,0.5283801069847196,0.19166320858590777,0.26828853941708114,0.07779990905305204,0.23588404123118925,0.36162197467535667,0.26778969591860147,0.5522771073565855,0.8551212840522537,0.41554656506969756,0.31444345290483056,0.35757606144807913,0.2646377097420855,0.36858888765015707,0.022510764387635714,0.5421977815743947,0.2854361896082457,0.3801008244599374,-0.02520937952036825,0.4338967952732238
0.4798262585735927,0.4250766746537572,1.0253431933857515,0.3003389244344631,0.11781017253373909,0.5962837074387755,0.3904407104705746,0.6199494274512228,0.4150975399257351,0.5780006264704172,0.6172270642886504,0.40662101532052497,0.6482221211551404,0.35466771186869556,0.4053218504135912,0.41739371007356474,0.5199107975878912,0.3103088272100925,0.4510113415892789,0.7875878935446691,0.34583909777392335,0.4065198879243157,0.5254272692158508,0.2476276930443599,0.6378468316312552,-0.5370315663247052,0.45307730447784955,0.23034823841113666,0.9875525495206897,1.2132742919015476,-0.12124238109491767,0.272558285624975,-0.10728246229829735,0.544128296335091,0.6410112269531882,0.40040591392773706,0.8513298935801762,0.41554656506969756,3.1614449594088185,0.9425144206128707,0.524329544341294,0.32210695260830197,0.646621669037015,0.10882163806218516,1.1977400389445576,0.3662008530797526,0.7605774409012285,-0.07032543768815849,1.673367814729772
0.3079818294839276,0.23380902700305733,0.63743938779941,0.04708022394095666,-0.05158576204920048,0.3214084441452894,0.18709341034409904,0.33649234144645807,0.1561320480247099,0.3823309176384904,0.3198025571510837,0.2257385372389071,0.31746264137270147,0.2117825335116876,0.2269050438155112,0.2472369658440464,0.31843616207670744,0.2176411236523881,0.1714526919768367,0.595013130861866,0.25534040249536344,0.1691248901463579,0.29246863457190697,0.1838121780111271,0.34020286232853897,0.03728060304542041,0.2911566765804337,0.32166797532544517,0.531873063814399,0.890864123658688,0.053309974462827335,0.11695444119262438,-0.05410267256160176,0.22961707042950044,0.99230820360094,0.28863205993157,0.3420951801946436,0.31444345290483056,0.9425144206128707,1.6278160691745536,0.32147929106926254,0.18345991981526166,0.6352034713872257,-0.01545972556540785,0.2311761975122489,0.44907539673394836,0.5556606969266504,-0.018197847175485758,1.271760993074016
0.3099942594456055,0.29853537479399167,0.6829979358985736,0.2945104669895829,0.17420394066142247,0.2979062817915908,0.34500356974785434,0.39452128101206374,0.3295430061380276,0.5234786349833722,0.4169139064446282,0.34840695843035274,0.4223385625153684,0.4294625544681732,0.39853180740725086,0.42544797211800084,0.4904312254584086,0.35319893981695016,0.3313829095385693,0.6202726690651025,0.4862585319864606,0.33414655833683155,0.21945765990341107,0.3873732094521703,0.3766377887790038,0.4915219897757938,0.5184494584945107,0.611164737102458,0.6964879574131796,1.09768329608321,0.3518269475514541,0.3914233711582384,0.19629384864296223,0.6585329447338703,0.680837238783976,0.8584167790427585,0.45824556067651656,0.35757606144807913,0.524329544341294,0.32147929106926254,2.1004949623853113,0.42288500973046717,0.3373626313366938,0.13049788026978465,0.4648881924560563,0.8301465203322581,0.7820015979475753,-0.051624885684816525,0.7140051285304657
