0.950163914270297,0.21123057637589632,0.31041513028620854,-0.15289141941353893,0.25131054028245886,0.0909010174729923,0.15962956063916947,0.09996386984707291,0.04328873532255624,0.17462157803271,0.08643241497471421,0.1391799608350321,0.05795760253320943,0.12449857395164933,0.09736088823272045,0.05652371336253596,0.06128233157683987,0.11249038389224979,0.061511331999900665,0.016650442790137922,0.07547216383436686,0.13888587795120794,0.0068346245480708535,0.04466765387029078,0.11235649370785399,0.052689864233784,0.057110051852629885,0.00817190846619638,0.16025760814438897,-0.02935914728814517,0.09613611764894457,0.08777799827295577,0.03217814223217594,0.031225286676438126,0.044441025413069934,0.09246345861409698,0.010593946568168226,0.0449537535750638,0.09316194741140135,-0.01230041079574742,0.057656137972000504,0.017456670742003043,-0.007201931761841784,0.003425820211732196,0.040760019058884635,0.1333699495775086,0.051137170971836315,-0.042659196639972835,-0.05135249331941924,-0.1204939575728749,-0.02568845632953337,-0.015113325767576317,0.13234399233809635,0.007147442079535146,0.06978181735424017,0.0059595910751388875,-0.060815949578981704,-0.05535866217944917,-0.04483263028740946,-0.008376134038432879
0.21123057637589632,1.177122503834779,0.5438746612787085,-0.09583226778744708,0.15553126902441933,0.24489390752761242,0.08272356667256565,0.20178125189276266,0.12829942492458435,0.19097639466867897,0.16670976381984856,0.14332346555020425,0.06896806569751432,0.09599055474677362,0.31550733997872604,0.05622812391811718,0.20078737788697817,0.3341493811094973,-0.10681091305789849,0.22409605553472134,0.18039608980661134,0.16383212504555608,-0.028998833565049356,-0.009870986067713486,0.14492010550587056,0.24184396508816683,0.1230240355166335,0.18965145273888692,0.2859912275488313,-0.10451619083661501,0.13205770765837813,0.06906462742879219,0.09392385938899633,0.17223856349644293,0.029576147549772946,0.17293337150492938,0.12153433102080766,0.11901818553582319,0.017852831012631916,0.0447834064890973,0.116201278124115,0.09482560855689363,0.15955135796760894,0.006532259018285411,0.2595609817171319,0.13257836412658738,0.09039777578883228,-0.05142682779242604,-0.28665131015885703,-0.3409737984904206,0.15321413468169356,0.19537533599326512,0.08964294557994666,-0.04119143578263264,-0.13244680261556893,-0.11083823908012125,-0.34110726158902516,0.28874417843580485,0.1815110445478489,0.021181007145358314
0.31041513028620854,0.5438746612787085,1.5763065070256959,-0.04959002011521324,-0.17742662160597947,0.18061738888757484,0.0659662775726348,0.27004277554857864,0.14298768562680375,0.36711835454174285,0.1807169383977253,0.15772140225630965,0.06971524871344106,0.09382619842264188,0.19660327461021473,-0.0138259183303609,0.217240822446498,0.24146285641925377,0.1062195076897142,0.0344312719170999,0.12170878028892997,0.36570878896356895,-0.004157024760774683,0.10133945580989676,0.12824964230793176,0.15970548807151658,0.11886150973030896,0.1074949396543729,0.16179750449127867,-0.2854949286626089,0.15373610133115867,0.14349874145634417,0.010721885468926282,0.18990680680954142,0.12227488897085284,0.23283041977749594,0.11817629671058184,0.04539611376681665,0.06808298884831435,-0.1498471425073434,0.11412360117169004,0.13826391610357328,-0.1082584541855972,0.010687608211157497,0.1511872480570858,0.46703129953856254,0.021791148182126945,-0.13480986136970655,-0.34701430236587255,-0.1665365834448183,0.11257081260417898,-0.0074048147141776155,0.08997617742059287,-0.0018397793012521963,-0.07473940308960024,0.12789090654739163,0.10515053999890239,-0.19311029096610344,-0.16529104007432116,0.12408947434606099
-0.15289141941353893,-0.09583226778744708,-0.04959002011521324,2.0268852183894,0.30615631557703277,0.3417435498827491,0.27791090889037035,0.24237372615138492,0.14754652887236766,0.04127137615571017,0.1905303952448578,0.3299348913369465,0.1759634545286618,0.3263613291236203,0.1674423345470199,0.34859930211565704,0.13214002050230111,0.16301176317672908,-0.09570075176173125,0.1445755834442968,0.19531901068873578,0.1449592164182142,0.2322400557930113,0.2002544589248227,0.24130735772613654,0.27120664427067015,0.1788178223515295,0.07410526838158077,0.16698335591493996,-0.055580584126268415,0.15135923300531426,0.2953628477419204,0.0316230079649188,0.2425935532818789,-0.17558503148984028,0.2819326087772355,-0.09470468112064838,0.09249407041396107,0.12030421635120475,0.13062460975348078,0.09252090825970156,0.08242880210262254,0.13376632180766215,0.05718645323567684,0.14154450390108717,-0.08488020469781354,0.08384142330366715,-0.16390154813076027,0.054233094887013826,-0.2894403800561923,0.06306051042422191,0.08603896924424884,0.09099574152622679,0.04711625662253945,-0.29700404483372955,0.05965866871389883,-0.010318385212807292,0.2060832652470841,0.011367122273626873,0.10988205839582457
0.25131054028245886,0.15553126902441933,-0.17742662160597947,0.30615631557703277,1.2493901309931374,0.3231214394510979,0.12524447243817696,0.20373945041379818,0.07492954882361644,0.04930936177926278,0.1477759192027905,0.2708278787200304,0.1438046622182366,0.17227459018866026,0.21673025309339042,0.20748590620547497,0.053432907589848824,0.17595749285685724,-0.03885792218283481,0.14393282206292768,0.12524857046916632,0.031606628428255804,0.13140050818023874,0.10543195869438211,0.2048709093907717,0.26274424553010944,0.10722486893540059,0.017093934419922168,0.18761693359786996,-0.08765706255353675,0.12796635392385539,0.1303846464515967,0.07219767105236663,0.1757418315799241,-0.12963281449642744,0.1814677035734462,-0.053066201926323074,0.06620784793589923,0.015640819140220613,0.11249309739985129,0.07133166447748146,0.08928864355286598,0.12171205588381319,0.02227748168732027,0.030185123427255347,-0.05914564041826115,0.045927859941515284,-0.05687422990031148,-0.10215828571796691,-0.15911055855278236,0.05346377170392311,0.05100787459460056,0.1331286510775374,-0.04497676455591528,-0.09692869180756164,-0.12378764992586005,-0.2586223805645666,0.2698469673272186,0.22697348674807802,-0.07202923499250337
0.0909010174729923,0.24489390752761242,0.18061738888757484,0.3417435498827491,0.3231214394510979,0.7413882188799007,0.07522633987355533,0.266751332493773,0.19020417271878773,0.04184769720168339,0.23554690634092698,0.18861286776886263,0.1641552261285715,0.14417011601750762,0.22395518540802462,0.17068340053870878,0.17176556787452685,0.1985690941248498,0.09294087815299218,0.23007494089175348,0.23899624471073325,0.30368590178791083,0.07809060413104883,0.17824887410179752,0.173409807760694,0.2753179220460532,0.1634880678262047,0.13849673489422357,0.26610458203744575,-0.03762356848538838,0.1612277582635542,0.19672961579604317,0.020069042283303074,0.17656408113472785,-0.019670363871314087,0.19838955069090386,0.07208405039749863,0.15926639779993892,0.13348836128743954,0.08028692150572334,-0.00011724166554251584,0.1401020358979544,0.159485204671948,0.03839767678505066,0.10888533221058709,0.08439902721747045,0.10038724007741721,-0.11038567273992995,0.04083719859750486,-0.0834276782825161,-0.15091696252596506,0.07021373461618835,0.030191253044421607,0.06306596658971796,-0.1641956915440398,-0.008217668843792984,-0.09597232271645222,0.1377788792585895,0.12599254115509803,0.2123232474307307
0.15962956063916947,0.08272356667256565,0.0659662775726348,0.27791090889037035,0.12524447243817696,0.07522633987355533,0.524570115751538,-0.0088565553367593,0.2076292395371062,0.12257284741665862,0.10420693010010458,0.245857963284108,0.07643818662620744,0.08793182447482024,0.03754815322768229,0.17132704404146687,0.11958696187181829,0.10079799644150977,0.04501462482140161,0.10503918856033279,0.1361258834570501,0.1854759489964011,0.13372507481915424,0.11683095545771253,0.11319082577679894,0.11409242001566017,0.12129487501695276,0.03571546184724446,0.1124052079488742,-0.010105007802181553,0.10142363394572455,0.1284752109185337,0.0620088904801074,0.11849006811768238,0.00737425721754534,0.14567302693364434,0.015093261521973001,0.0684856362122639,0.1626977847753374,0.07885408220060607,0.06762427777470022,0.05601570423767063,0.07955226199294546,0.023464805708537078,0.169770839955708,0.04628980145565757,0.053662456627347095,-0.05334908325907661,0.058734671512542636,-0.12581984323627116,0.03517294411154283,0.021161188198309356,0.010393537655241744,0.033536780642219384,-0.02966892585182767,0.06264408139381013,-0.04388786270370534,0.03781547175346729,-0.13991128911423206,0.04900321356376175
0.09996386984707291,0.20178125189276266,0.27004277554857864,0.24237372615138492,0.20373945041379818,0.266751332493773,-0.0088565553367593,0.870169106767771,-0.041350441545973594,0.2162348789184819,0.22169524520933698,0.08478948162927716,0.1691680044538324,0.14114157663284266,0.19747621188259296,0.08191917334655313,0.15773009932158086,0.33266094361896126,-0.0093805830795963,0.10556543656171453,0.15312669579494567,0.2112486748729162,0.14090687317755712,0.07206778608885175,0.22577029415256022,0.3140939016350549,0.1385346980343213,0.0007700615855134877,0.16385164532313892,-0.027893917018880495,0.13482600334846048,0.14639921820918372,0.03914341819660038,0.1903622838763351,0.1328099073601045,0.14188135680309608,0.07446976775420826,0.09663312229924588,0.12696589745979356,0.0723834500904287,0.127112470682585,0.1093490552370704,0.09656253856254379,0.03331800268640395,0.14135436040113553,0.11291403863273752,0.16661373446892888,-0.02096665703595153,0.007209695463952978,-0.033265045826528575,0.006947135431303885,0.0916956227323203,0.03197398914321146,-0.04125287819288989,-0.17716525540429,0.00019926459047151508,-0.047956622839061575,0.20478069398605028,-0.07881752261629336,0.06890067960879435
0.04328873532255624,0.12829942492458435,0.14298768562680375,0.14754652887236766,0.07492954882361644,0.19020417271878773,0.2076292395371062,-0.041350441545973594,0.8721583298320362,-0.11994595305617078,0.037539075973164554,0.08461907536041885,0.09412728868007061,0.06544903830062372,-0.0762459412469644,0.12609028381734647,0.06964024280504928,0.04881584481328613,-0.026353363851185814,0.12261103261350548,0.18862790830217355,0.15265838551930844,0.15924562834903688,0.19412195877802543,-0.008091187083869399,0.22188017342302244,0.0991921781172634,0.07466106431047857,0.03701585872516456,-0.03306999046229295,0.0981157549743137,0.12550841979910396,0.10929763554158282,0.03813317991372896,-0.08353206185131122,0.18563021283538503,0.011250770708723207,0.09396727152830224,0.1718384579599792,0.07140385461629632,0.008255410690787536,0.03582725732729797,0.07367966231308028,0.034915520735107015,0.1609773720164603,0.021632932520401476,0.02877255717584348,-0.1337354697375802,0.04322730901622668,-0.09079397621289366,0.035420100554617605,0.04294696387611663,0.03376710449936171,-0.010177761492357532,-0.029644445013923437,0.055917434546839145,-0.004829565120434337,-0.05434077530935681,0.0036981076320136033,0.1634769376272298
0.17462157803271,0.19097639466867897,0.36711835454174285,0.04127137615571017,0.04930936177926278,0.04184769720168339,0.12257284741665862,0.2162348789184819,-0.11994595305617078,0.8893815223423069,0.19267904923145984,0.14689357034282408,0.03863340109297932,0.12354897379507969,0.2659940056278682,0.020088665220585323,0.15128173761872546,0.2958371625103293,-0.005077518756085516,-0.047285340286763115,0.046510178765411934,0.25956890738086225,0.09935157428824037,0.03160376985940756,0.17380567279715534,0.13620171687599125,0.09873709437892284,0.03987267811738602,0.11772432831669034,-0.03953106192907739,0.11458634267245386,0.1356948468695983,-0.021454771312161076,0.23507843280006324,0.18391810586199978,0.14292653457524745,0.03392441463837614,-0.01703149936468241,0.03459910127048182,0.011539829854767328,0.19448798907860604,0.0929684808719631,-0.07030822023052498,0.02887099841681293,0.061750032288209376,0.19659025963189874,0.1560715558428909,0.008935205771832447,-0.07085056928441208,-0.22473063070419103,0.09964934635851781,-0.10272051246869819,0.14019008500369093,0.10993665986029469,-0.09213099781436505,0.06518973063389383,0.078102084444272,-0.1431945777087009,-0.03527223211838795,0.06654501964934478
0.08643241497471421,0.16670976381984856,0.1807169383977253,0.1905303952448578,0.1477759192027905,0.23554690634092698,0.10420693010010458,0.22169524520933698,0.037539075973164554,0.19267904923145984,0.34402318782799723,0.16718421461625102,0.17318956565004295,0.123971426527898,0.1900149269300802,0.12236848616978259,0.2161845078610956,0.19533839413384688,0.01550305275648023,0.1307348107008108,0.1455061679025851,0.2015622962726467,0.07440655027627603,0.09911883724809328,0.15862978403655215,0.191071997572253,0.14674028436925377,0.12466754350881117,0.16649509800473059,-0.013081002757737601,0.1446437569324401,0.14484048964374718,0.04693263815285563,0.13425460562256025,0.0927973995374216,0.19265636186436433,0.057625133472654404,0.08575721834259628,0.1225880893734358,0.06746581861439789,0.10762290619801933,0.12059350841045785,0.058854055512202665,0.030035304342765697,0.12462237930612596,0.1118361215371042,0.10974623320962247,-0.0658436649271437,-0.020642855090186367,-0.11322990554082217,-0.006911074264199197,0.01788069958463697,0.07955144765356034,0.026952463603619543,-0.11997840902254223,0.023462019345498266,-0.04393402365197457,0.046972607681041105,-0.015061810436511882,0.08990945534362745
0.1391799608350321,0.14332346555020425,0.15772140225630965,0.3299348913369465,0.2708278787200304,0.18861286776886263,0.245857963284108,0.08478948162927716,0.08461907536041885,0.14689357034282408,0.16718421461625102,0.6664806053314983,0.05904495406807549,0.17618449808503017,0.1784399899919743,0.1387835539067418,0.13879448528163704,0.0811329412441052,0.019908557983011024,0.15621769174464092,0.1316566703737913,0.08803741809425852,0.10209345549183087,0.07325525325519561,0.2212934149799767,0.1749730316419498,0.19263045603796589,-0.03618133287098987,0.11987486894791717,-0.07836020528392477,0.12050612306944204,0.18136583557328254,0.027746026231151594,0.1801181555725112,0.056066903380815936,0.12013994829463699,-0.02096974434436061,0.07687202170262548,0.15232559559902872,0.08952380349163233,0.07466895750257611,0.10642937470497082,0.03321162433134355,0.021126884513721206,0.14787904123535683,0.0965940349317857,0.03410922498927474,-0.0154938210807842,0.020957569667722085,-0.19071667753752794,0.07311014189540585,-0.07897315265518999,0.14871497857201854,0.028217687526939938,-0.14259855618608266,0.053838027583313165,-0.07233666317470426,0.08970363148526171,-0.05231557058526941,0.053080953030703246
0.05795760253320943,0.06896806569751432,0.06971524871344106,0.1759634545286618,0.1438046622182366,0.1641552261285715,0.07643818662620744,0.1691680044538324,0.09412728868007061,0.03863340109297932,0.17318956565004295,0.05904495406807549,0.43714158683510346,0.12301893577474843,-0.04132344539433765,0.11103131426460389,0.06012942096288578,0.10917642212502156,0.045635576684159435,0.041652098537514,0.11936354592377085,0.20475940909394996,0.13313215425129826,0.1484940333975296,0.07255575177041818,0.13452834181920756,0.12813853766591157,0.016485882223329636,0.17891207428829928,0.022282339731583816,0.0872804455348962,0.14429556783710434,0.07235326928968783,0.0732602123296749,0.04623908799299417,0.17569577647915324,0.015599708622295759,0.041276936822901455,0.08644650345116164,0.051516756286725696,0.05284359555177634,0.05530213685468343,0.06224730876582742,0.028416362839999428,-0.006542920913503366,0.08579110852965668,0.0731611506222931,-0.09713326260495109,0.042552836141820455,0.07562782544792873,-0.008313820724862574,-0.07027968745537412,0.0026645042333942547,-0.02674259609275601,-0.04124284286566972,0.0021568561356996585,-0.018519736633463763,0.0028478138623250506,0.02439230797371063,0.062108507657166696
0.12449857395164933,0.09599055474677362,0.09382619842264188,0.3263613291236203,0.17227459018866026,0.14417011601750762,0.08793182447482024,0.14114157663284266,0.06544903830062372,0.12354897379507969,0.123971426527898,0.17618449808503017,0.12301893577474843,0.4609454265798303,0.16876925290247205,0.19404030841893233,0.1266304560398523,0.11677136628890128,-0.011216428886571357,0.08267975548274019,0.09617952219708344,0.15392311326474015,0.08088888342142113,0.10814626201482411,0.14817853440931716,0.19411162628460427,0.08985085969996383,0.09960590022965404,0.15577269175775152,0.028652945816545445,0.13223836660729757,0.26605619263701735,0.0428471753994199,0.14311487390106495,0.04141474941319548,0.2296697835012184,-0.00615003662036771,0.056198683664366846,0.0242602231644392,0.06518110135510823,0.1917077890437362,0.06965729178078184,0.061543100740479056,0.04273621096230198,0.06824270068224608,0.014404000441778414,0.09069174566038044,-0.07831502544271592,-0.0356367811849757,-0.1659526416531048,-0.012159551824153968,-0.059978685828807485,0.22752840424568832,0.012055548735865151,-0.19360577458849124,0.004340083222207766,-0.04368142468082476,0.111778645298072,0.06431611692569066,-0.02819229516582146
0.09736088823272045,0.31550733997872604,0.19660327461021473,0.1674423345470199,0.21673025309339042,0.22395518540802462,0.03754815322768229,0.19747621188259296,-0.0762459412469644,0.2659940056278682,0.1900149269300802,0.1784399899919743,-0.04132344539433765,0.16876925290247205,1.0282323162511944,0.014071086106442489,0.23271612781371442,0.3582280611199113,-0.10810019656797691,0.2252926737056747,0.14123071869094989,-0.051511142233778666,0.15079639240114126,0.13149421794441113,0.3616260500857992,0.18607549604344553,0.09488653512609743,0.23823111193870955,0.21539705952977067,0.11728383342017432,0.20727392753262164,0.08547855604920039,0.09434712024138187,0.22930710279356212,0.022064384954149252,0.29307313057437506,0.13439140654214438,0.12465557912187639,0.03134650031808022,0.03919241065182217,0.19054356963778402,0.14657095892528163,0.2045651488755678,0.03334058469602974,0.16406357549848988,0.12469140623441077,0.2000186479485575,-0.11544086969818257,-0.1401797428747247,-0.24572472889820843,-0.021993262043779906,0.2906804339469218,0.10509902077696227,-0.04988552950685572,-0.15831346932521248,0.09308108812315936,-0.18381090265798267,0.3283593536793469,-0.1466461253343728,0.0122681656461195
0.05652371336253596,0.05622812391811718,-0.0138259183303609,0.34859930211565704,0.20748590620547497,0.17068340053870878,0.17132704404146687,0.08191917334655313,0.12609028381734647,0.020088665220585323,0.12236848616978259,0.1387835539067418,0.11103131426460389,0.19404030841893233,0.014071086106442489,1.1591116553453948,0.1419950218906932,0.04954365976346919,0.075037307364196,0.06692332964685711,0.12183207506517775,0.15759816837645,0.07947760350243802,0.15374368328372756,0.20729310617753674,0.12640058081687872,0.23515000366402328,0.1560042751469823,0.22763221117534171,0.07177106343106215,0.10524324782616737,0.22416679273790951,0.017327138129795732,0.16842732087733403,0.25860708549738914,0.18364758073042245,0.03917533559767242,0.06633244721369592,0.07988973262719193,0.15383627117465276,0.13070613603828873,0.09176285982342736,0.19264882250839827,0.06012928169451399,0.09802997678216373,-0.042408170993123016,0.08661870204358481,-0.07559152665311902,0.054302853306827215,-0.25300715736484763,-0.06962614799975003,0.015946121466638697,0.0662560453550087,0.09568854653782283,-0.12093238317023923,-0.015714991180810947,-0.16383278117698938,0.058914008491355974,0.2598222123023869,0.08141348522590802
0.06128233157683987,0.20078737788697817,0.217240822446498,0.13214002050230111,0.053432907589848824,0.17176556787452685,0.11958696187181829,0.15773009932158086,0.06964024280504928,0.15128173761872546,0.2161845078610956,0.13879448528163704,0.06012942096288578,0.1266304560398523,0.23271612781371442,0.1419950218906932,0.6586122136319529,0.1912174739559991,0.06026484625802545,0.16724756853067582,0.17259060319985622,0.3279800683761644,-0.07504907669664625,0.06640830472020719,0.1476027391907228,0.19036901820450497,0.13705178256833933,0.44326244435647905,0.09202456837245275,0.0007479551738371613,0.2168295038855235,0.13125472535049004,0.11810803945407464,0.11809592084988108,0.1488271705809925,0.2940966151525797,0.19901376761605102,0.12524996240254468,0.1500583134496207,0.053429487255522705,0.22168815706424447,0.2615667678661593,0.036810810852439896,0.04403211215158163,0.3646641919446541,0.06692478098172526,0.14032000508079676,-0.08033582703429505,-0.1947068271080615,-0.0986263608619245,0.0012893906895453824,0.051443827039132896,0.0761536522976395,-0.00943922396616704,-0.2591567943879611,0.02915740806307517,-0.1055813108638533,0.015450957613622071,-0.02449754122866531,0.03524340983505646
0.11249038389224979,0.3341493811094973,0.24146285641925377,0.16301176317672908,0.17595749285685724,0.1985690941248498,0.10079799644150977,0.33266094361896126,0.04881584481328613,0.2958371625103293,0.19533839413384688,0.0811329412441052,0.10917642212502156,0.11677136628890128,0.3582280611199113,0.04954365976346919,0.1912174739559991,0.9073866058352547,-0.10745722068509482,-0.06203341806645512,0.20131593951595156,0.1943580892763001,0.27039146711862405,0.0809964675560646,0.24633159971870536,0.3131230479002959,0.06745284015846269,0.214578595141629,0.23463096754421897,-0.06261094895101757,0.2573599711159184,0.12380717226596706,0.11443063671307606,0.19201878061571478,-0.0005469517947425043,0.35816392631291705,0.04757958561737337,0.02006410447702626,0.007390631977005505,0.07413905513349597,0.24490877481191217,0.0807043935429667,0.25246590366259447,0.03814454252650447,0.2727391999959259,0.0019384360402236603,0.346312325153119,-0.15951613383730698,-0.28231989891244424,-0.1851090406779768,0.17513833907772358,0.20309886070285083,-0.017023039670426524,-0.07307857002210001,-0.1343130742558963,0.06686038752750884,-0.0851695355756183,0.34462817804536894,-0.23120096798476145,0.02888726418326774
0.061511331999900665,-0.10681091305789849,0.1062195076897142,-0.09570075176173125,-0.03885792218283481,0.09294087815299218,0.04501462482140161,-0.0093805830795963,-0.026353363851185814,-0.005077518756085516,0.01550305275648023,0.019908557983011024,0.045635576684159435,-0.011216428886571357,-0.10810019656797691,0.075037307364196,0.06026484625802545,-0.10745722068509482,1.4299186137904873,0.17106617341952127,0.061686719486283306,0.1139760822223503,-0.30804693019778584,0.008545024095566244,-0.04692957946098267,-0.13886871813522278,0.0392628143845948,0.1762495533319995,0.011787850034999192,0.08858959691654787,0.04597984789558668,0.05153717477985332,0.13854233039453245,0.04666428450827858,0.04886312317154534,-0.09110190757760776,0.24476048368046605,0.065231843636962,0.15093792682210133,-0.004792810654161966,0.11647895002732589,0.017429942385318694,0.04533851767252018,-0.012531864826618729,0.05445229857731658,0.2836436599935311,0.018487370913125006,0.2284308913720059,0.25659212292407385,0.6417136768938204,0.15806913683793655,-0.19521711925682197,-0.46985940037350576,-0.026645266859783204,0.07284357355926674,-0.012657539201995804,0.13018487872980475,-0.08853994169070126,-0.08683869963151364,0.08475075787155187
0.016650442790137922,0.22409605553472134,0.0344312719170999,0.1445755834442968,0.14393282206292768,0.23007494089175348,0.10503918856033279,0.10556543656171453,0.12261103261350548,-0.047285340286763115,0.1307348107008108,0.15621769174464092,0.041652098537514,0.08267975548274019,0.2252926737056747,0.06692332964685711,0.16724756853067582,-0.06203341806645512,0.17106617341952127,1.110469670343105,0.11627240997550474,-0.25934221968559507,0.00496798212982612,0.16891187703010416,0.16511761959197718,0.09785343176291995,0.2261299888263118,0.17998701101118672,0.29056583287990306,0.15638732212389297,0.14485013698753146,0.062146098179208506,0.0895480886975067,0.23110183653237326,0.02488743388121836,0.07691893766305888,0.4337260528876191,0.47789102912140574,0.17862488197663712,0.24096286336219197,0.0033770035961453626,0.14063718488795546,0.4249475338829202,-0.0015515662886450188,0.3552911529629673,0.24458374121290646,0.0916847566950246,0.05029139378635243,0.16994135072964336,-0.25080255127329165,-0.0913910126573113,0.25078827518895536,0.06313581254421631,-0.0011249871687633707,-0.04179570301113278,-0.02451984830123084,-0.008025732839199355,0.21642737763945585,-0.08672431523367852,0.03399052603874347
0.07547216383436686,0.18039608980661134,0.12170878028892997,0.19531901068873578,0.12524857046916632,0.23899624471073325,0.1361258834570501,0.15312669579494567,0.18862790830217355,0.046510178765411934,0.1455061679025851,0.1316566703737913,0.11936354592377085,0.09617952219708344,0.14123071869094989,0.12183207506517775,0.17259060319985622,0.20131593951595156,0.061686719486283306,0.11627240997550474,0.5647598406380028,0.08330056709230374,0.22592380877495302,0.17183071302742634,0.13318174146747166,0.09081351149459366,0.10690594010220351,0.14065287514194874,0.16084132772311727,0.13809175359922637,0.23257036493327582,0.13701880350548437,0.2511583072193338,0.087441894480468,0.03552996492295085,0.40042078322526226,0.10218889207676256,0.1265526898791094,0.3589100574129565,0.20237452413297477,0.1555707173363487,0.18412485037685866,0.31146343425759226,0.06999984461714219,0.5124122125794228,-0.008345797294436602,0.1991257557431519,-0.19173156789918555,-0.07497837941338849,-0.07666514071381114,0.08188159804991875,-0.051905560357477315,0.0769934096833363,0.048655481308920535,-0.1092593789515227,-0.013475115467739553,-0.13506630988538318,0.11495476354322443,0.1267978234513683,0.24940843432894105
0.13888587795120794,0.16383212504555608,0.36570878896356895,0.1449592164182142,0.031606628428255804,0.30368590178791083,0.1854759489964011,0.2112486748729162,0.15265838551930844,0.25956890738086225,0.2015622962726467,0.08803741809425852,0.20475940909394996,0.15392311326474015,-0.051511142233778666,0.15759816837645,0.3279800683761644,0.1943580892763001,0.1139760822223503,-0.25934221968559507,0.08330056709230374,3.1816754684907784,0.039169139572761455,-0.24738170537908696,-0.14121945499518865,0.03675469941304632,0.12949766930930717,-0.03214393719371073,0.03371730722494682,-0.208753571107047,0.06637624501555667,0.41191011946535444,-0.09394002668453705,0.2666348039131612,0.21854784269141084,0.03586691589776329,0.09068020120097488,-0.0032295687159329886,0.2471211527702182,-0.00811752223109744,0.025520653561181036,0.20429217842538225,-0.24672096567037216,0.05044411240323829,-0.2792430465185829,0.2676580129861902,0.07602527881805095,0.03296644289054144,0.22179782283596408,-0.1515865098651697,0.0872746501031761,-0.4497237655664602,0.07458842689737114,0.019019651672557456,-0.25912962892671143,0.09445711263129854,-0.13028682829665736,-0.15239871156085055,0.06126500858617649,0.20341869620498715
0.0068346245480708535,-0.028998833565049356,-0.004157024760774683,0.2322400557930113,0.13140050818023874,0.07809060413104883,0.13372507481915424,0.14090687317755712,0.15924562834903688,0.09935157428824037,0.07440655027627603,0.10209345549183087,0.13313215425129826,0.08088888342142113,0.15079639240114126,0.07947760350243802,-0.07504907669664625,0.27039146711862405,-0.30804693019778584,0.00496798212982612,0.22592380877495302,0.039169139572761455,1.343854411673008,0.4599612479098211,0.36684953791525693,-0.017964649853414696,0.0653850437701574,-0.37688867629559936,0.3050346537384626,0.22660965310696235,0.10595524367915812,0.07890746815142831,0.17024562160006562,0.24209143272667602,-0.04924346967480474,0.5301921962615197,0.007883001580283691,0.05594171114912734,0.25779955680222877,0.19956267465759625,0.06611287244898996,0.12279605207460187,0.19255189326009584,0.1505158454142973,0.10517305329796638,0.07000959124341921,0.25729864718608153,-0.3055026086403909,-0.17991408807769146,-0.05990327920518178,0.12035417692479759,-0.10676374398842012,0.025626109695220816,-0.003000766530398788,-0.12179679633647568,0.060038588118857046,-0.019689412588827702,-0.01808976314452528,0.08238957066037061,0.05594273727359282
0.04466765387029078,-0.009870986067713486,0.10133945580989676,0.2002544589248227,0.10543195869438211,0.17824887410179752,0.11683095545771253,0.07206778608885175,0.19412195877802543,0.03160376985940756,0.09911883724809328,0.07325525325519561,0.1484940333975296,0.10814626201482411,0.13149421794441113,0.15374368328372756,0.06640830472020719,0.0809964675560646,0.008545024095566244,0.16891187703010416,0.17183071302742634,-0.24738170537908696,0.4599612479098211,1.430331181769722,0.261505183144073,0.21679946858692709,0.0686574039042349,0.07908447877498138,0.2957127448537525,0.35031725486854276,0.23329854320045032,0.09426997356886857,0.2895779515495567,0.06271187513139131,-0.02416318054792378,0.6765814368859205,0.06791783551395753,0.12373257441687853,0.050218041711872996,-0.013569347489809267,0.03779638872199231,0.10639134077379415,0.0937589348610676,0.057188552274729916,0.07807735400201955,-0.009358816354661098,0.17407794767878773,-0.528208216534305,-0.2569678786028797,0.13422181380927545,-0.19971158799676003,-0.006169777316136622,0.09433065237835624,-0.07656137684231079,-0.03878005751750901,0.09670908466289627,0.11672851139830079,-0.5100037574938245,0.342628423542813,0.06764572220797878
0.11235649370785399,0.14492010550587056,0.12824964230793176,0.24130735772613654,0.2048709093907717,0.173409807760694,0.11319082577679894,0.22577029415256022,-0.008091187083869399,0.17380567279715534,0.15862978403655215,0.2212934149799767,0.07255575177041818,0.14817853440931716,0.3616260500857992,0.20729310617753674,0.1476027391907228,0.24633159971870536,-0.04692957946098267,0.16511761959197718,0.13318174146747166,-0.14121945499518865,0.36684953791525693,0.261505183144073,1.3773105167685915,0.16965434932110537,0.13074780972462538,0.05062455768647654,0.21799072991083232,0.05074382192788956,0.24493723437228498,0.13083636349865158,0.07350568507598822,0.28687202604649586,0.056604051048427056,0.34554123222713523,-0.011799219054247452,0.11585673590643525,0.08286387887354968,0.1121744535063193,0.08295408460798785,0.11949511927005564,0.1714915734703164,0.05715865833875341,0.19285835455649425,0.0366028345232588,0.14719203610421297,-0.23526299903178738,-0.11004652135248913,-0.39261646753121027,0.13446779882029597,0.13515634178231248,0.12208473442708773,-0.002258654640340502,-0.16273366173749906,0.05283487313166103,-0.03136221617421502,0.10621166626928578,-0.00868204485308673,0.05084364892398166
0.052689864233784,0.24184396508816683,0.15970548807151658,0.27120664427067015,0.26274424553010944,0.2753179220460532,0.11409242001566017,0.3140939016350549,0.22188017342302244,0.13620171687599125,0.191071997572253,0.1749730316419498,0.13452834181920756,0.19411162628460427,0.18607549604344553,0.12640058081687872,0.19036901820450497,0.3131230479002959,-0.13886871813522278,0.09785343176291995,0.09081351149459366,0.03675469941304632,-0.017964649853414696,0.21679946858692709,0.16965434932110537,1.4404262393696574,0.16038401307838068,0.2603270585595015,0.06502307752367345,-0.2582263258320451,0.15706045490343118,0.20073868082682447,0.0748356547573792,0.18606623452723603,0.03767716084099078,0.21740529201846343,-0.3268125201586618,0.06756093164234615,-0.8079673872946388,0.003238748599561037,0.4370080324401699,0.12558220730162425,0.2982082806619809,0.0008102508265470945,0.06860703562047314,-0.058337449737800466,-0.009098297815593358,0.035750475512955134,-0.24463641726116248,-0.025199315749553662,-0.26828119131172734,0.0642168687467523,0.06975370737904937,0.05191229752126731,-0.0807799559181304,-0.043120670726196283,-0.2668361341107538,0.4606239254019339,-0.07715005490948618,-0.015260284356209602
0.057110051852629885,0.1230240355166335,0.11886150973030896,0.1788178223515295,0.10722486893540059,0.1634880678262047,0.12129487501695276,0.1385346980343213,0.0991921781172634,0.09873709437892284,0.14674028436925377,0.19263045603796589,0.12813853766591157,0.08985085969996383,0.09488653512609743,0.23515000366402328,0.13705178256833933,0.06745284015846269,0.0392628143845948,0.2261299888263118,0.10690594010220351,0.12949766930930717,0.0653850437701574,0.0686574039042349,0.13074780972462538,0.16038401307838068,0.5002495100588054,0.11474291827365521,0.13891186804671365,0.005184184546631232,0.12250176154640899,0.1660710842946287,0.0860041854383722,0.13373930855812471,0.1308446639273372,0.16388529885702985,0.09711458099406048,0.1250205960222793,0.07754945950837344,0.11577286301042733,0.1009891111692404,0.11128106891213323,0.140798620484597,0.022584025495234437,0.12060508610101338,0.17921371544973752,0.05596505131844591,-0.042679763118434334,0.05175938126540385,-0.13675387851599594,-0.04345407954800569,0.02451897001124493,0.04515513429618648,0.07685025872136514,-0.08554000896084986,0.014411037111834368,0.03606515712898906,0.0756287884254183,-0.04057138426464056,0.09713970005824261
0.00817190846619638,0.18965145273888692,0.1074949396543729,0.07410526838158077,0.017093934419922168,0.13849673489422357,0.03571546184724446,0.0007700615855134877,0.07466106431047857,0.03987267811738602,0.12466754350881117,-0.03618133287098987,0.016485882223329636,0.09960590022965404,0.23823111193870955,0.1560042751469823,0.44326244435647905,0.214578595141629,0.1762495533319995,0.17998701101118672,0.14065287514194874,-0.03214393719371073,-0.37688867629559936,0.07908447877498138,0.05062455768647654,0.2603270585595015,0.11474291827365521,1.5451205904408751,-0.08493289738232482,-0.003510226298562907,0.2913554940069784,0.12231767118545173,0.30301520421829015,-0.06918068797954785,-0.11815108911561581,0.5523717097289531,0.09779665232291108,0.06261956544546525,-0.06362496133687769,0.030434243255109145,0.27723660552873247,-0.0012469490074249019,0.43091575843683666,0.10575889599854381,0.28512862171769515,-0.34139684904332324,0.055737032154574796,-0.3022355389361182,-0.2513345866340437,-0.38036733279195445,-0.11893194573240239,0.7231069284598538,-0.18691284405547653,-0.02048613848205492,0.0801747746088282,0.011426734295849564,-0.03554516081372866,0.1847503832716499,0.10696625724233252,0.019702403766300596
0.16025760814438897,0.2859912275488313,0.16179750449127867,0.16698335591493996,0.18761693359786996,0.26610458203744575,0.1124052079488742,0.16385164532313892,0.03701585872516456,0.11772432831669034,0.16649509800473059,0.11987486894791717,0.17891207428829928,0.15577269175775152,0.21539705952977067,0.22763221117534171,0.09202456837245275,0.23463096754421897,0.011787850034999192,0.29056583287990306,0.16084132772311727,0.03371730722494682,0.3050346537384626,0.2957127448537525,0.21799072991083232,0.06502307752367345,0.13891186804671365,-0.08493289738232482,2.1143880949058373,0.1614490249664156,0.03389721800278132,0.09699869530802956,0.035177211680115894,0.3152663135560851,0.07076721997034738,0.22697126282818567,-0.17665174391553284,0.04107270006124494,0.13322399205915567,0.1123043317069279,0.12763316938725802,0.024490447856041635,0.34193275919978733,-0.055852442608377455,0.19621596542994119,0.13794571192685345,0.2106755154660731,-0.2262783983299954,0.0833464058220144,0.6790255038033088,-0.34739920673324937,-0.04122925424334634,-0.3705978349310134,0.011925971659264975,-0.04900624497234596,-0.07632112300931607,-0.375163091263175,0.43828252767835835,-0.03103113533674511,-0.16541211228174613
-0.02935914728814517,-0.10451619083661501,-0.2854949286626089,-0.055580584126268415,-0.08765706255353675,-0.03762356848538838,-0.010105007802181553,-0.027893917018880495,-0.03306999046229295,-0.03953106192907739,-0.013081002757737601,-0.07836020528392477,0.022282339731583816,0.028652945816545445,0.11728383342017432,0.07177106343106215,0.0007479551738371613,-0.06261094895101757,0.08858959691654787,0.15638732212389297,0.13809175359922637,-0.208753571107047,0.22660965310696235,0.35031725486854276,0.05074382192788956,-0.2582263258320451,0.005184184546631232,-0.003510226298562907,0.1614490249664156,1.9127042336622235,0.12112925614722156,-0.05056499540623045,0.24361170773990218,-0.22684618174170257,0.30780512822790695,0.3526801805997253,0.5353380494193384,0.17146063455771843,0.4935471591915883,0.11092272894802868,0.37400983207943905,0.11434757617410712,0.5695903865936175,0.1409712518883333,0.3339652100572725,0.030871253425758475,0.7153137596143401,-0.11034066833384261,0.5615802797947459,0.3739714511142778,-0.26244892656947544,-0.43516747577078324,0.17725148883290456,0.009615290282520618,0.22318780895152288,-0.10295008241075537,-0.03906348005150029,0.2161306622521508,-0.24016448312135807,-0.014669496984425238
0.09613611764894457,0.13205770765837813,0.15373610133115867,0.15135923300531426,0.12796635392385539,0.1612277582635542,0.10142363394572455,0.13482600334846048,0.0981157549743137,0.11458634267245386,0.1446437569324401,0.12050612306944204,0.0872804455348962,0.13223836660729757,0.20727392753262164,0.10524324782616737,0.2168295038855235,0.2573599711159184,0.04597984789558668,0.14485013698753146,0.23257036493327582,0.06637624501555667,0.10595524367915812,0.23329854320045032,0.24493723437228498,0.15706045490343118,0.12250176154640899,0.2913554940069784,0.03389721800278132,0.12112925614722156,0.7835519969565642,0.15379309585258175,0.15828644748464601,0.06315329622551609,0.026603211823586295,0.6588882344321075,0.1781279257797277,0.15159374762213182,0.16751775076790312,0.07936144275775832,0.25674264455885604,0.13394189737100418,0.12047078211454083,0.034142009079123556,0.26268217031902236,-0.004034008666244667,0.190365721466905,-0.3633293099700267,-0.22094980323237584,-0.013841466242033577,-0.00637747756589967,0.1006210331125092,0.05241024744446793,-0.06178067508432589,-0.10992477196944889,0.08273500695495922,0.06998822842541898,-0.06501224955538423,0.010622616363047488,0.061679250930327265
0.08777799827295577,0.06906462742879219,0.14349874145634417,0.2953628477419204,0.1303846464515967,0.19672961579604317,0.1284752109185337,0.14639921820918372,0.12550841979910396,0.1356948468695983,0.14484048964374718,0.18136583557328254,0.14429556783710434,0.26605619263701735,0.08547855604920039,0.22416679273790951,0.13125472535049004,0.12380717226596706,0.05153717477985332,0.062146098179208506,0.13701880350548437,0.41191011946535444,0.07890746815142831,0.09426997356886857,0.13083636349865158,0.20073868082682447,0.1660710842946287,0.12231767118545173,0.09699869530802956,-0.05056499540623045,0.15379309585258175,0.5354117210958368,-0.014945543701193097,0.18266731166029607,0.05783894624660228,0.2394384038088734,-0.06749930017167823,0.06434955578989147,0.0849116788827888,0.09413738652287011,0.17383484163078755,0.059153559049510536,-0.04605959764604022,0.04253583680039008,0.06468725772317203,0.0812901038279921,0.07864437435434687,-0.0964130045777722,0.18955817992347904,-0.1909303294318288,0.10258065575943716,-0.01696060112788227,-0.00847128700096679,0.09330230711330664,-0.2874979371809911,0.01997838812781701,0.28429042324880677,-0.08493635510672656,0.010728900924965456,0.18935085482797842
0.03217814223217594,0.09392385938899633,0.010721885468926282,0.0316230079649188,0.07219767105236663,0.020069042283303074,0.0620088904801074,0.03914341819660038,0.10929763554158282,-0.021454771312161076,0.04693263815285563,0.027746026231151594,0.07235326928968783,0.0428471753994199,0.09434712024138187,0.017327138129795732,0.11810803945407464,0.11443063671307606,0.13854233039453245,0.0895480886975067,0.2511583072193338,-0.09394002668453705,0.17024562160006562,0.2895779515495567,0.07350568507598822,0.0748356547573792,0.0860041854383722,0.30301520421829015,0.035177211680115894,0.24361170773990218,0.15828644748464601,-0.014945543701193097,1.4630249751489028,-0.08024116882708009,-0.14880730160462344,0.3340936937996209,0.32434620804485215,0.07532194922889467,0.03921387699948332,0.0656117644071793,0.1411394627363484,0.09921959016121668,0.281939058860619,0.10326673824055739,0.25958403794068974,-0.08739121260667766,0.2000319606486875,-0.23741686730766073,0.09060501974446428,0.42938631855361703,-0.02750994660524135,-0.0920228504170716,-0.15253079113000545,-0.18635665295048645,0.08556222631300443,-0.11652253055569299,-0.20622132736595972,0.24586397860381679,0.07571903571211881,-0.12437872469706118
