0.5495257535995645,0.18253100980610185,0.3136269628522069,0.07977052555506317,0.10983709511979431,0.09810655762450282,0.16805951131570948,0.1076928907975393,0.11772263229989324,0.13329425388010166,0.10032483361697873,0.12035542394142644,0.07160859185006335,0.13119075120308188,0.10146914287034861,0.1106298058300715,0.08767931592600563,0.11750624165117897,0.10057717842344874,0.09875741041366666,0.10871281328976853,0.10319846955487506,0.07701393994490854,0.06938273023095222,0.11332974712775394,0.08978590643374022,0.10072645805207651,0.03127395717508361,0.12698670831938608,0.10413837582880887,0.10689136234158232,0.11460601952674809,0.09665841145685389,-0.056369841664442866,0.05638114131120195,0.18086974234422717,0.034365154050011136,0.07526590197877693,0.13597816970921167,0.10779686151479512,0.11558724876942827,0.10109200283834598,0.057325420219791506,0.013294343214005484,0.047031783255117525,0.2247964426829987,0.1089615280729897,-0.0004974822875548744,0.1896744088049256,-0.056546166219142165,0.050777144470906456,-0.10701840410906102,0.08517022548082713,0.013074755536851309,-0.08733768404929143,0.007046415072091272,0.04955385902971503,0.12960909248437275,-0.14095963124238794
0.18253100980610185,1.8424453246503136,0.8121829562444923,0.10343197380934042,0.04411076720702007,0.25451763562946766,0.20175714757801919,0.3340047341759751,0.2851504933001382,0.2671107039869774,0.2488861930611559,0.22481301832973472,0.15816544848818573,0.1653316031548211,0.32241364033175735,0.1983470889638399,0.25364613124977603,0.44779642717762214,0.2162807399656324,0.3064593752450879,0.25807131810105616,0.22101121609138524,0.1197502198426426,0.11848295011805397,0.31251118620937424,0.25347934843927333,0.2514388581221189,0.20489220255716592,0.46850125929779884,0.15814089198992276,0.2652179344026553,0.1536967920510949,0.16393543535947339,0.24392746983460725,0.02218640202881788,0.33887944236058926,0.35527519873719837,0.18018837314854694,0.20908075794353287,0.2037745941404393,0.1844984973608276,0.24490939098026646,0.19990487641397203,0.022115400951897877,0.17889123517250946,0.40131472520655903,0.30443583663738266,0.027884970029060843,0.1694006051628704,-0.15548575826642178,0.3417446640663753,0.009578796465184574,-0.08264720950759458,-0.08772027857312154,0.05577255003599421,-0.045058027385482785,-0.2652387870814636,-0.04905403363082161,0.2726460396898695
0.3136269628522069,0.8121829562444923,2.1889904514199356,0.11533938298404707,-0.28065647052282083,0.32431041103678676,0.18324087719185853,0.4326798509436385,0.5274558790908407,0.43736853364820394,0.30891209057214636,0.23963457739576527,0.16027953809219173,0.1846909719032131,0.25975529454555424,0.18320489990030017,0.26041937967165724,0.3572715391274802,0.20173480593317655,0.2952141402501545,0.2823295562803786,0.30893334778356285,0.169879333282239,0.2749863395318813,0.26842130697574834,0.31955236662179587,0.2195019696509587,0.23250281068960646,0.3755973028113961,0.1983450949090758,0.3412100351064681,0.1939534605962258,0.21193054351017682,0.12341424102695443,0.29828544814858865,0.4018681924827916,0.12225335611648151,0.20636520428977032,0.3074946193526655,0.2743320656307902,0.15530380669485366,0.2667260825088495,0.2030112204506843,0.0524133593939239,0.16401530718095692,0.2912698978131909,0.28314090415739745,0.02255399864724288,0.26715811171697246,-0.16098598775416056,0.17680764527739856,0.238672390928194,-0.018868974931227526,-0.18077344221540168,0.1963542646022793,0.017997682859463876,-0.16701002288430442,-0.2878583766654764,0.2609552124361381
0.07977052555506317,0.10343197380934042,0.11533938298404707,0.8182708469471518,0.4237255007170335,0.3129277614441608,0.3219906121470001,0.26573954723675974,0.22118220814619263,0.2809830412068363,0.21863241377273834,0.2899316165031262,0.14484670761011037,0.261625687473488,0.25292348875824683,0.24672749358294055,0.18872850841037114,0.30909623309299666,0.26382771551112966,0.23620927305456854,0.22112420396527538,0.24111833001370686,0.30723670984225376,0.19058733568710756,0.25807447534554906,0.32503754849184613,0.18400852633765957,0.05681948287250361,0.2637967130259369,0.07665937411619407,0.18747926852692615,0.22413960202887356,0.10196187474009989,0.38674317104462297,-0.09613536302883206,0.3248787450040851,0.2909144290918592,0.16332802978120406,0.17518550931057078,0.08745060417499728,0.18005790458212373,0.21641326030954677,0.22709583683143397,0.10195124283397397,-0.0006862842638968615,0.289304174362572,0.19993120538591028,0.020256270558264657,0.24663264286628203,0.11818474408360859,-0.08488230356881117,-0.1152829121288423,0.05240318604593117,-0.006829678864715366,-0.036934890960544024,0.0968807357169387,-0.14287652783183177,0.08429789775576496,-0.08436950987363961
0.10983709511979431,0.04411076720702007,-0.28065647052282083,0.4237255007170335,1.0970275962919525,0.458480917705187,0.11723747266803237,0.2933640867780761,0.1846375987396893,0.1847265256869435,0.21391959894822057,0.2844066175617396,0.17538705651872394,0.30852146696033284,0.26265625248688323,0.2774082474186161,0.1551314901790333,0.2720473712376497,0.49156541587314173,0.2145021771063598,0.21605576768396093,0.2565453992683912,0.30485992017557967,0.15382337050274203,0.250308332870953,0.3067426924402494,0.16579259301477858,-0.06578468905507652,0.2580973853066418,0.21177230624281315,0.12174147010434158,0.2380199880617792,0.12627840155649164,0.4654941886044428,-0.19728189033726165,0.3701979539730355,0.388067051799197,0.1676266835333603,0.15784580155826228,0.036356715382559746,0.2440625550399878,0.214857190396503,0.19264634464590213,0.0724846897171074,-0.07462962225925437,0.45131813429370177,0.25322139009701483,0.022053840988529767,0.3195621305402897,0.20999217741128937,-0.12340813528931643,-0.6207686591510484,0.4162013438491354,0.04181192063202649,-0.18552299582192638,-0.035689208731828514,-0.11426007748490852,0.20284640996260955,0.021900031381775154
0.09810655762450282,0.25451763562946766,0.32431041103678676,0.3129277614441608,0.458480917705187,0.8171883965840411,0.008294368364615758,0.4897073132141358,0.3218308281495684,0.24911108598117032,0.32033811264436146,0.3077050381945827,0.19691024728575265,0.3464041259954972,0.29618508571368785,0.3052053609564967,0.25025936102275514,0.32605279175228385,0.4641706555816925,0.3197620539050449,0.29901043185186776,0.3304012469910502,0.24864003500650486,0.23728941863826933,0.2979041140943913,0.4542080510206437,0.21710144618355554,0.10752930899655433,0.3978172233711487,0.2659522413694182,0.20855175189741673,0.29318212856408143,0.2180397198783857,0.393393418991799,-0.1683464535504598,0.41865575301602775,0.422832829590115,0.22705205044129334,0.23386110696132284,0.05144474384631964,0.2701961109382885,0.2842198014238784,0.2525193036351744,0.07515979960753598,-0.0848295082448831,0.3931655477198302,0.3102249796034836,0.01798839421175463,0.5095711907022918,0.2602661733614111,-0.3665395737216874,-0.15235968590083188,0.09374539444156066,-0.03595673380305143,-0.13453228789598956,-0.06808761980186427,-0.16530674224609734,0.13297262763872642,0.16466404281784783
0.16805951131570948,0.20175714757801919,0.18324087719185853,0.3219906121470001,0.11723747266803237,0.008294368364615758,0.7253597789033187,0.11819631125603308,0.2301609336935488,0.235566450287128,0.15463406841052355,0.2583940283186508,0.1077458848153829,0.10675169187364116,0.14414805501680197,0.16157568914093198,0.179948457073861,0.2549947759080375,0.08417190672729764,0.19758067229504758,0.18060426366876714,0.1966463003975771,0.26287816026034644,0.1298249983701194,0.1967366481555651,0.23052496424164529,0.176615686580101,0.05330097451042097,0.18504392732319386,-0.01727917817466786,0.1721704897405815,0.15940162739702582,0.06173314917186312,0.27046120747508806,-0.10190517606338892,0.259457551456773,0.1852610995626943,0.11407230649107789,0.2050338084279987,0.12835988374280585,0.10907358237464271,0.17331841209126206,0.177545667500647,0.0751723458556031,0.06491727489725223,0.22819885388116395,0.11256514306518396,0.018202826883740558,0.2292290320571377,-0.061134937978852395,0.08908132376041875,-0.024169202630950327,0.00021619812439752895,0.003100202883891069,0.002109050826937612,0.172430602650544,-0.06538846082712725,0.04905492212147206,-0.27826734521847646
0.1076928907975393,0.3340047341759751,0.4326798509436385,0.26573954723675974,0.2933640867780761,0.4897073132141358,0.11819631125603308,1.0163232613668056,0.08712778440969142,0.24412102231601296,0.29016950688541526,0.20411285376643915,0.16404146716451135,0.2823287460589823,0.2887675914771813,0.2508907295035211,0.21671262780388023,0.40030884181532944,0.28508835216482986,0.3353632653326661,0.271776063658094,0.20243791993432322,0.28159046918510583,0.13056152641861948,0.3403115874927202,0.5033521701081412,0.19958156661994317,-0.058810933029391436,0.3902424649237607,0.39121558678817037,0.16540275970212945,0.22555707313105136,0.16435041782005533,0.4030729545410498,-0.023237291138568077,0.37030171205562057,0.32055728422153784,0.20787530477278468,0.24760907806384447,0.13252680880905948,0.17753211400743554,0.26684145214726107,0.217159726763051,0.06856482832926192,0.007685816942329265,0.3027535819898387,0.40070579421345176,0.028334982420571253,0.5312880937345538,0.21477265163223563,-0.1629076107292678,-0.2519760827641256,0.2430891506933134,-0.11616887024671153,-0.25461146933840056,-0.12992150448255807,-0.15697752309219046,0.3316274857135446,0.0758635244438688
0.11772263229989324,0.2851504933001382,0.5274558790908407,0.22118220814619263,0.1846375987396893,0.3218308281495684,0.2301609336935488,0.08712778440969142,0.8686505164518252,0.24931555836689034,0.21038389497169255,0.2231603034497516,0.15098037346319945,0.23438748931921824,0.09530840064119249,0.20087839408311461,0.23341581151510993,0.2974520628232983,0.31849942622398747,0.17643792537484276,0.27081409362449105,0.4406103431506461,0.23978701647302167,0.28338073084535037,0.14084460199130316,0.36746794177982184,0.19376593630459873,0.2597171383529673,0.14221460867377977,0.03537389343898047,0.309596601263799,0.25579712493997375,0.22449981876518338,0.14317928078759623,0.030461891967089486,0.4115622217505947,0.1538049042826931,0.16525088665513524,0.2583245831530896,0.19465442862358148,0.18534375912448134,0.24505320134988198,0.2384289912269812,0.058747713517290204,0.05769479603746937,0.3768304296927267,0.1759275685363803,0.01995959537631585,0.3366421610591595,-0.028650514603399267,0.08219434132392142,0.12771918834236923,-0.101588304356656,-0.059755646058697987,0.15735443290374118,0.1863860234866508,-0.10325953719108373,-0.1895325815443139,-0.021543105114145034
0.13329425388010166,0.2671107039869774,0.43736853364820394,0.2809830412068363,0.1847265256869435,0.24911108598117032,0.235566450287128,0.24412102231601296,0.24931555836689034,0.7503601739630407,0.27343986381550983,0.3353116546411041,0.14128948169872252,0.2027263241018303,0.27399861851821455,0.218296103780614,0.20831134599959503,0.28673260567946235,0.2023999100667516,0.3159385931119317,0.20945211267044897,0.2274257506135854,0.23418515264930798,0.19306271720436693,0.2680810806213589,0.27585942630642546,0.25873092691520067,0.11668237158258343,0.35672453304576257,0.07935508905743882,0.22265071652710547,0.22296191359585693,0.08512105037010367,0.39404088401680143,0.12634580255284306,0.3356856402850624,0.29672202472858417,0.1857195420471327,0.2313893668432947,0.15373216596803488,0.1867672436625631,0.22145173734610318,0.2548500132435571,0.07793297276964216,0.07445295699229734,0.3784339929279509,0.19283955528148203,0.02531269689639852,0.25540937460503615,-0.09391138215946437,-0.0047482056989243335,-0.05395370917443967,0.0707062192599035,0.007271360005937907,0.11130369193517668,0.12297957197951222,-0.04826681644101919,-0.1250005043912219,-0.09359555904102539
0.10032483361697873,0.2488861930611559,0.30891209057214636,0.21863241377273834,0.21391959894822057,0.32033811264436146,0.15463406841052355,0.29016950688541526,0.21038389497169255,0.27343986381550983,0.45527143256819314,0.2795187929326015,0.22342548921790922,0.2192854565882616,0.24258368460665433,0.24126683182626454,0.3318141348340628,0.22637297752912217,0.2532089883712256,0.2856404795563904,0.2111128894611362,0.22394212916212092,0.18784654558060027,0.1908074274982823,0.2512640864013029,0.2902948042354229,0.22520833817254904,0.20992310216695928,0.31895311553721933,0.01678849977707066,0.21507943206416258,0.2232416891465206,0.12130129391534962,0.29067784408791814,0.0902382454320737,0.35199273651833735,0.22177059227583681,0.18030292446442614,0.20391005410207835,0.10812218721926613,0.1595931867735507,0.22161779611343535,0.21744171733564518,0.062224745876727314,0.06737808137834425,0.3014168532618005,0.13185353420634044,0.023080592980986837,0.1767342509852647,0.07448382062252581,-0.03637352711345843,0.05201095239916069,-0.011701408936783163,-0.0710053369476872,-0.1015427454637466,-0.008591902297024855,-0.07656692244262833,0.10205523860800848,-0.03003929037954813
0.12035542394142644,0.22481301832973472,0.23963457739576527,0.2899316165031262,0.2844066175617396,0.3077050381945827,0.2583940283186508,0.20411285376643915,0.2231603034497516,0.3353116546411041,0.2795187929326015,0.658026162141238,0.15948579713150715,0.26696906193967057,0.29370716953817627,0.320343516133554,0.30350366195278167,0.16171978426464254,0.25070453460139674,0.2769617242560786,0.20901824208042782,0.22191453123108795,0.22288795096902553,0.1519484531024998,0.2853279550804023,0.30105224366485134,0.29685808040816386,0.08166660116262352,0.20616397831487174,-0.03669216910495361,0.15915049803067766,0.2689083046574646,0.10086012437965439,0.35095698203233766,-0.0973667652048043,0.3532385249736406,0.24454330401669835,0.17548231749702825,0.21029408251550868,0.06390616292644004,0.1562320234993952,0.21363812847019634,0.19010726674292852,0.04870194027786263,0.03331357594580898,0.45819781299599066,0.07627151398713246,0.026385931745808378,0.3016397905231581,-0.18279902167591228,-0.051216460128207505,-0.05795482693261368,0.09521424890701691,0.07226070601227477,-0.09885673249020731,0.07818173031350485,-0.1591423860042313,0.08225084153235458,-0.159395694634047
0.07160859185006335,0.15816544848818573,0.16027953809219173,0.14484670761011037,0.17538705651872394,0.19691024728575265,0.1077458848153829,0.16404146716451135,0.15098037346319945,0.14128948169872252,0.22342548921790922,0.15948579713150715,0.43125917362037214,0.14343615671139037,0.08858458027216128,0.17736149417448804,0.1788094383710278,0.1263531134668467,0.1750709534301742,0.1586304011927623,0.14042566145065188,0.2138418261166103,0.14815367000731855,0.15320329985759806,0.17268050266702503,0.15081759863475755,0.18664989681162691,0.12462076840128483,0.3520295101439739,0.054478464101930336,0.09190073113477285,0.17970690435213593,0.09652728100233846,0.17089829170380175,0.23893789241755864,0.23611937266013688,0.11377073391825797,0.10477289310833446,0.16658979238254068,0.11349895641385445,0.11262815859871346,0.15021054588931376,0.18891446096779718,0.06529031729234079,0.03442441055125914,0.254846033704558,0.09393731111556629,0.013838921317149448,0.1736366630635238,0.05482753073180345,-0.06460140076167627,-0.003325010399119982,-0.014787038127165811,0.006881248881965686,-0.0017912646868797843,-0.04513056555689427,-0.03205824113461329,-0.00563390922026852,0.039893296636548975
0.13119075120308188,0.1653316031548211,0.1846909719032131,0.261625687473488,0.30852146696033284,0.3464041259954972,0.10675169187364116,0.2823287460589823,0.23438748931921824,0.2027263241018303,0.2192854565882616,0.26696906193967057,0.14343615671139037,0.5134083443259022,0.2653886158677615,0.3472757241343359,0.2050710094380095,0.18673251761247206,0.24865205539463667,0.27093647389895087,0.22771685131175554,0.26292892358173975,0.2458482337765913,0.2001768160200936,0.27052170639684164,0.30098586908754865,0.19650906265828838,0.0882988674553557,0.2649258873221884,0.2131311389122982,0.13263519276148975,0.3045870175185923,0.15001109731555431,0.2830133668468482,-0.002743236444295531,0.3587040671627832,0.2629570870084732,0.18207627767635515,0.18573916012546143,0.1186776037436932,0.24743082037658806,0.23133177473408784,0.2276023329946211,0.06697364299567282,-0.011283389013083055,0.4242578172797461,0.20885087606878472,0.008855578382715659,0.5410327561791876,-0.06909865594590121,-0.07143180739469009,-0.26190379594126817,0.20543164957980523,0.05087997486289248,-0.1795689597955112,-0.025190580412902813,-0.1017219180011888,0.17407646899890872,0.08293982143851052
0.10146914287034861,0.32241364033175735,0.25975529454555424,0.25292348875824683,0.26265625248688323,0.29618508571368785,0.14414805501680197,0.2887675914771813,0.09530840064119249,0.27399861851821455,0.24258368460665433,0.29370716953817627,0.08858458027216128,0.2653886158677615,0.9076851567787964,0.23955084443654834,0.2145008591296693,0.3214751976626238,0.22575208004717015,0.3007571078846826,0.20142459278706135,0.11599785791302643,0.36488180954644417,0.20302582140445122,0.3684355407208427,0.27868961975053164,0.2036630886790131,0.10712387282740397,0.31194216117404194,0.23290539679876218,0.19636346283999645,0.18567348371367215,0.10776018693388949,0.3694168237159674,-0.10786213732248408,0.3771802899752789,0.30584221002740264,0.16934259957431128,0.11570141108233713,0.09922284921675854,0.1956850119359804,0.21261990484553944,0.22966215918973737,0.05687347827669169,0.030970521236774257,0.4489912043605985,0.2748780544527396,0.019864120717056857,0.2601621063018493,-0.06297585653196504,-0.010725065466790258,-0.04944123761142782,-0.0025546144315710824,0.047549099167878084,-0.09582135641581663,0.07299172023761771,-0.21137850283666615,0.11750858649875497,0.04389031138310828
0.1106298058300715,0.1983470889638399,0.18320489990030017,0.24672749358294055,0.2774082474186161,0.3052053609564967,0.16157568914093198,0.2508907295035211,0.20087839408311461,0.218296103780614,0.24126683182626454,0.320343516133554,0.17736149417448804,0.3472757241343359,0.23955084443654834,0.46966707948159286,0.27767070249488074,0.1639339633520824,0.24441533544522862,0.26865478850121116,0.21999532278949868,0.2844909827929026,0.21071837858461284,0.19300739306530598,0.27581476900427665,0.24215505222319605,0.24334212091639693,0.16026155945762516,0.31196734853942165,0.0793794030658262,0.15613288920397408,0.26809627922597196,0.11767139607901274,0.2998032124929226,0.08377087125039233,0.33011765134005494,0.2572710398862672,0.17446317761359098,0.21556477751915923,0.11752304216525604,0.21614665613934977,0.23283909801387975,0.25928902357274847,0.08112403400254804,0.03460596137906095,0.36652737356697296,0.1341024547207752,0.015384205154599236,0.37611705569955356,-0.1504390977485607,-0.09706065761054015,-0.08590625943433564,0.1130281484117369,0.052001528987393755,-0.11198735661394058,-0.008070773548920636,-0.14361668720167858,0.11214093089670793,0.06353364914974031
0.08767931592600563,0.25364613124977603,0.26041937967165724,0.18872850841037114,0.1551314901790333,0.25025936102275514,0.179948457073861,0.21671262780388023,0.23341581151510993,0.20831134599959503,0.3318141348340628,0.30350366195278167,0.1788094383710278,0.2050710094380095,0.2145008591296693,0.27767070249488074,0.8444808321518997,0.11783304688927161,0.2501190886124883,0.4033146531427649,0.2721384210020335,0.20678570380649672,0.037998745562681444,0.18615277973861355,0.2758893157283343,0.18896945995053815,0.2890240742954712,0.6169332156009372,0.23936441949393444,-0.11912068527612484,0.3028745845528745,0.21946757675839776,0.21668932068248778,0.2767900583438246,0.16073293668831093,0.40358949317997356,0.4771642570730824,0.24962342468529553,0.3315243657224427,0.1106995351763895,0.283350672786956,0.31005489210659165,0.29605133376666876,0.08180098172231598,0.22975059865548214,0.3582006690617461,0.02538889552170662,0.02958203333639887,0.20420044778374433,0.3489346929110877,0.0581612540214936,0.15353887872530123,-0.3536566700804588,-0.06250206882715914,-0.2908042776216316,0.036306115820518084,-0.0650323754445813,0.24994462858551586,-0.17021524627262558
0.11750624165117897,0.44779642717762214,0.3572715391274802,0.30909623309299666,0.2720473712376497,0.32605279175228385,0.2549947759080375,0.40030884181532944,0.2974520628232983,0.28673260567946235,0.22637297752912217,0.16171978426464254,0.1263531134668467,0.18673251761247206,0.3214751976626238,0.1639339633520824,0.11783304688927161,0.9250379788447934,0.3207269368422239,0.14398105859428179,0.288435538589966,0.26158199623957534,0.571403285656161,0.22045867014950657,0.33762053172328926,0.5025202032254817,0.08963145985325226,-0.0131802388729713,0.36589675416311596,0.0793278994795118,0.36248522107432724,0.2018739932892432,0.09412606057503971,0.3303371627172842,-0.23073150179840826,0.44760036673924225,0.17686261288217275,0.14186967208757925,0.04263234908961606,0.23268675994441834,0.17405455370006934,0.2608397737021423,0.2233311567930651,0.07038905939995677,0.07544288920039659,0.46597259359649573,0.4938516551965289,0.03210314771653934,0.12037226971345272,0.3297730834938803,0.37837752678209624,-0.22545842553967937,-0.29359079405230876,-0.10609131179276618,-0.0488880730669281,0.10551338811605976,-0.13485969728071653,0.11366780419631273,-0.06578769822854236
0.10057717842344874,0.2162807399656324,0.20173480593317655,0.26382771551112966,0.49156541587314173,0.4641706555816925,0.08417190672729764,0.28508835216482986,0.31849942622398747,0.2023999100667516,0.2532089883712256,0.25070453460139674,0.1750709534301742,0.24865205539463667,0.22575208004717015,0.24441533544522862,0.2501190886124883,0.3207269368422239,0.841672658705484,0.16819047997430384,0.19994931097488894,0.3165288700682547,0.19614296304289974,0.2060867182259889,0.2484160994379582,0.263445811490837,0.13920869235505176,0.2562598514367704,0.19283289208471305,-0.0631809081667052,0.2946873057088037,0.2726214781632026,0.10010254376576416,0.2834597709448647,-0.21152138250229138,0.35868660867718405,0.09537242552426428,0.16746809132965726,0.09956068752846246,0.06788344147616372,0.16717622067974558,0.17371255791850224,0.17807572986548148,0.04579964752634377,0.02367120997971363,0.32801557072122967,0.14053717071758762,0.017468970911854762,0.027546603639277276,0.05623977963436313,0.24336063019328177,0.46112062304411444,-0.5043785222242679,-0.09893322941614478,-0.12314191482748978,0.026903652236509673,-0.0597773337260648,0.14050476548933885,-0.05028336766944208
0.09875741041366666,0.3064593752450879,0.2952141402501545,0.23620927305456854,0.2145021771063598,0.3197620539050449,0.19758067229504758,0.3353632653326661,0.17643792537484276,0.3159385931119317,0.2856404795563904,0.2769617242560786,0.1586304011927623,0.27093647389895087,0.3007571078846826,0.26865478850121116,0.4033146531427649,0.14398105859428179,0.16819047997430384,1.2445951762143377,0.3483601746219231,0.12346823297075285,0.2476423849516392,0.2180542094861253,0.28820256949214945,0.37282376916939053,0.40082948113130834,0.23978307909931365,0.52043352181016,0.6420025398475342,0.21728685061803496,0.2648919521826616,0.21251736531300683,0.5171768140481144,0.11195142637434857,0.42186003698536195,0.8063656520328761,0.544303147314875,0.4188402699118242,0.4180289619700702,0.48811260791602756,0.39748224366928353,0.5355831156188896,0.12664192678553965,0.24013765428760203,0.7192122292192055,0.4160439465016295,0.03249428252281197,1.0484516380010256,-0.1136924136471961,-0.17223860250424097,-0.26387616599139735,0.27040288772255094,0.08121141225549158,-0.03415006027126476,-0.01106248281455129,-0.0632362156399053,0.06380324245330207,0.034823271873577394
0.10871281328976853,0.25807131810105616,0.2823295562803786,0.22112420396527538,0.21605576768396093,0.29901043185186776,0.18060426366876714,0.271776063658094,0.27081409362449105,0.20945211267044897,0.2111128894611362,0.20901824208042782,0.14042566145065188,0.22771685131175554,0.20142459278706135,0.21999532278949868,0.2721384210020335,0.288435538589966,0.19994931097488894,0.3483601746219231,0.6138180640370977,0.22688806987246404,0.23135331786630214,0.21150288492802932,0.22665359730668375,0.29113640373788224,0.2166619294640302,0.12359334807938487,0.21286350126036488,0.30640887976499415,0.2747222301671199,0.1984631341006163,0.42294489652574396,0.17319036182519681,0.22750251973654614,0.46825491540767455,0.4527588105095957,0.2622293483379432,0.4277979853314874,0.33797355651250577,0.4293797332549966,0.5267243131547827,0.4035021183534651,0.06422130416250636,0.19443024176662804,0.588965229437694,0.322327297148059,0.0644097504386127,0.7019707034124967,0.11227215638760232,-0.03791668459744061,-0.2953774154878669,0.14206110168601796,0.0039386160071701905,0.0087719426428274,0.017861321578549548,-0.24781523958195406,0.007433377425205766,0.26620731986132434
0.10319846955487506,0.22101121609138524,0.30893334778356285,0.24111833001370686,0.2565453992683912,0.3304012469910502,0.1966463003975771,0.20243791993432322,0.4406103431506461,0.2274257506135854,0.22394212916212092,0.22191453123108795,0.2138418261166103,0.26292892358173975,0.11599785791302643,0.2844909827929026,0.20678570380649672,0.26158199623957534,0.3165288700682547,0.12346823297075285,0.22688806987246404,0.8711952733396756,0.3048872067862783,0.18921088983622072,0.18135842819713902,0.24428312771629462,0.19770753565745963,0.13362155921216393,0.3147638238668927,-0.040075515600186885,0.18656815094870696,0.30484872065703106,0.1486343672838521,0.3141723421085009,-0.01585826084328188,0.29458294072651553,0.18949555393825354,0.13848739522833312,0.2789967652786192,0.09464289927823881,0.14646189353118758,0.2134398306418287,0.3164457542171581,0.09863267705364423,-0.014509494911232988,0.332153021314203,0.12117750074225134,0.01804652785459287,0.3374139155773729,-0.15408744635314103,-0.014184650222666939,0.01846175118032596,-0.058816416427829574,-0.008194166657717826,-0.014957467618087264,0.07166102471726013,-0.11896782037776321,0.025478343557363396,-0.009298514054486338
0.07701393994490854,0.1197502198426426,0.169879333282239,0.30723670984225376,0.30485992017557967,0.24864003500650486,0.26287816026034644,0.28159046918510583,0.23978701647302167,0.23418515264930798,0.18784654558060027,0.22288795096902553,0.14815367000731855,0.2458482337765913,0.36488180954644417,0.21071837858461284,0.037998745562681444,0.571403285656161,0.19614296304289974,0.2476423849516392,0.23135331786630214,0.3048872067862783,1.799016977440594,0.31019099230508823,0.3867021010830733,0.15661611606768008,0.1792036259378759,-0.4551352769180113,0.5425767788692668,0.36724644844001436,-0.22072322412341044,0.18418699268279798,0.12109010499555266,0.46749356870128106,-0.4512682010614214,0.7798436998603276,0.37046967128355907,0.12364278448574831,0.23329926712260923,0.25865499845119255,0.3120321287535794,0.23798142479098724,0.22691188825090294,0.17969528147172073,-0.2531042671049529,0.8249739270228431,0.4621434129057029,-0.014058270184205213,0.34201562634420724,0.02028545399639882,0.07599019652400388,-0.28462677213144927,0.13064512119209426,0.13208145532970686,-0.009156993491227512,0.06627193308037548,-0.16620673586228893,-0.04465064060691333,0.06425607249413828
0.06938273023095222,0.11848295011805397,0.2749863395318813,0.19058733568710756,0.15382337050274203,0.23728941863826933,0.1298249983701194,0.13056152641861948,0.28338073084535037,0.19306271720436693,0.1908074274982823,0.1519484531024998,0.15320329985759806,0.2001768160200936,0.20302582140445122,0.19300739306530598,0.18615277973861355,0.22045867014950657,0.2060867182259889,0.2180542094861253,0.21150288492802932,0.18921088983622072,0.31019099230508823,1.0021543819937453,0.2313792082883237,0.09824941141152711,0.15145169696989833,0.28713035911194806,0.1642981727129884,0.16193440345371085,0.6686787016854693,0.15038992760777722,0.1818289197725367,-0.02496183440441931,0.06155522883689338,0.403629479926458,0.007149962853656424,0.16048441652254608,0.12243642111537373,0.22946937546367452,0.25572664383144406,0.20062927690284144,0.0881443653542429,0.09081752411366471,-0.03529958816317864,0.1274185234280293,0.180167791912462,0.013391437711623266,0.17487358106754425,-0.13770758457091634,-0.022255044460999837,0.14043805736728354,0.07210176005269751,-0.03742221912414218,0.4018285202640466,0.045180682641210945,-0.17142347636996105,-0.5914686090841298,0.5281489248099008
0.11332974712775394,0.31251118620937424,0.26842130697574834,0.25807447534554906,0.250308332870953,0.2979041140943913,0.1967366481555651,0.3403115874927202,0.14084460199130316,0.2680810806213589,0.2512640864013029,0.2853279550804023,0.17268050266702503,0.27052170639684164,0.3684355407208427,0.27581476900427665,0.2758893157283343,0.33762053172328926,0.2484160994379582,0.28820256949214945,0.22665359730668375,0.18135842819713902,0.3867021010830733,0.2313792082883237,1.102836802021496,0.24836854791088497,0.23201626437374212,0.050329771553455034,0.6019387915426275,0.007121985163952959,0.4979885130159365,0.2438377995613947,-0.02433690628813993,0.46171865256541733,-0.13765754018154933,0.43967391436966446,0.1591654927841845,0.20117565014461006,0.17665047702107095,0.10503286424544808,0.16582569197088662,0.23261048950192514,0.22611304196930213,0.10099935381787187,0.10300787632866065,0.3667228815182945,0.1746236985879305,-0.011111612324628739,-0.06467637601974813,-0.20681314816723403,0.05886705386209451,-0.023039063921241273,0.05959061103495717,0.020611680132616623,-0.13253651204313663,0.002894743468103191,-0.10644840030892896,0.1403484843870752,-0.03817487513437436
0.08978590643374022,0.25347934843927333,0.31955236662179587,0.32503754849184613,0.3067426924402494,0.4542080510206437,0.23052496424164529,0.5033521701081412,0.36746794177982184,0.27585942630642546,0.2902948042354229,0.30105224366485134,0.15081759863475755,0.30098586908754865,0.27868961975053164,0.24215505222319605,0.18896945995053815,0.5025202032254817,0.263445811490837,0.37282376916939053,0.29113640373788224,0.24428312771629462,0.15661611606768008,0.09824941141152711,0.24836854791088497,2.1543776965181376,0.21377538597107473,0.13661841258225854,-0.044870456214365015,-0.17217943484473447,0.4350292611257344,0.4486232844888519,-0.027866114101919543,0.5059445447053247,-0.13408457627275924,0.436734536681674,-0.4645888738360288,0.2877505023475621,-0.7943862832206819,0.14677254266153647,-0.15370543412415616,0.30264586440641617,0.30171854926159153,0.03298394591624486,-0.04524146545213746,0.20042403069486667,0.1366741152854455,0.029857224795037215,0.37914658419345276,0.6032304371613915,-0.10974783576748078,-0.19097321434368777,-0.3523998302777841,-0.13535462351181984,-0.10807831093226376,0.00484272548083093,-0.28905207550157175,0.19108713438357752,0.15604209160050944
0.10072645805207651,0.2514388581221189,0.2195019696509587,0.18400852633765957,0.16579259301477858,0.21710144618355554,0.176615686580101,0.19958156661994317,0.19376593630459873,0.25873092691520067,0.22520833817254904,0.29685808040816386,0.18664989681162691,0.19650906265828838,0.2036630886790131,0.24334212091639693,0.2890240742954712,0.08963145985325226,0.13920869235505176,0.40082948113130834,0.2166619294640302,0.19770753565745963,0.1792036259378759,0.15145169696989833,0.23201626437374212,0.21377538597107473,0.7567970630434004,0.2435835343314407,0.23339871550918714,0.08892881489487878,0.1486243761929069,0.25211427804829495,0.21443014291992152,0.24951601205325943,0.18464400948965637,0.44272396193290087,0.37820051505588675,0.2355955547611603,0.27517785094927666,0.20449291480987564,0.2529933809485086,0.2391556490369442,0.4210196902824549,0.04457543893130203,0.12880927849923013,0.6666958098089417,0.10568067516825579,0.028119110156208535,0.5088257534993755,-0.17458542362634963,-0.13236829281015958,-0.03455439534214359,0.03982816417373801,0.19778977277006843,-0.06063886290069776,0.03399920992267617,0.005085041480633714,0.11247837924031774,-0.14300700690131152
0.03127395717508361,0.20489220255716592,0.23250281068960646,0.05681948287250361,-0.06578468905507652,0.10752930899655433,0.05330097451042097,-0.058810933029391436,0.2597171383529673,0.11668237158258343,0.20992310216695928,0.08166660116262352,0.12462076840128483,0.0882988674553557,0.10712387282740397,0.16026155945762516,0.6169332156009372,-0.0131802388729713,0.2562598514367704,0.23978307909931365,0.12359334807938487,0.13362155921216393,-0.4551352769180113,0.28713035911194806,0.050329771553455034,0.13661841258225854,0.2435835343314407,2.2857898812352575,-0.11865393038106956,-0.4019516677818579,0.5219156476773786,0.21777635371885454,0.360258773045929,-0.01374069313555124,0.24744297208900518,0.5436165085757221,0.16980958636017235,0.18555248908704117,0.08639638948994673,0.10842382717407419,0.13620257348176268,0.12130746320229814,0.3963842750287147,0.2034200349523984,0.16953302153581046,-0.35293317181693173,-0.19086085648791687,0.04944750840065191,-0.2557142793149939,0.008236122141166867,-0.01720176670482687,1.3745839684191823,-1.199990267528356,-0.08905085316345415,0.46197494582872184,0.015412434374953998,0.07367348788337469,-0.3762027272619993,0.3602753124814038
0.12698670831938608,0.46850125929779884,0.3755973028113961,0.2637967130259369,0.2580973853066418,0.3978172233711487,0.18504392732319386,0.3902424649237607,0.14221460867377977,0.35672453304576257,0.31895311553721933,0.20616397831487174,0.3520295101439739,0.2649258873221884,0.31194216117404194,0.31196734853942165,0.23936441949393444,0.36589675416311596,0.19283289208471305,0.52043352181016,0.21286350126036488,0.3147638238668927,0.5425767788692668,0.1642981727129884,0.6019387915426275,-0.044870456214365015,0.23339871550918714,-0.11865393038106956,2.4534458183760854,0.24233150024649372,-0.17610817157232855,0.24010284652104152,-0.27460676015226304,0.5309225911283281,-0.31253115098911044,0.19459033750247004,0.2844101888785715,0.14615910410621225,0.41035842294463515,0.10344042452841085,0.33809092335699376,0.23186103555805532,0.3743592737675676,0.10911553278283649,0.05746103037438074,0.355502903188783,0.3001168922397024,-0.12035660985491793,0.7835756666986297,0.31277447415423054,-0.4895259109675261,-0.11338755108610257,-0.10762254870402643,0.1858420474143972,-0.08460617897502622,-0.13540636129688327,-0.11101237403168343,0.14681394677326698,0.08123244863419313
0.10413837582880887,0.15814089198992276,0.1983450949090758,0.07665937411619407,0.21177230624281315,0.2659522413694182,-0.01727917817466786,0.39121558678817037,0.03537389343898047,0.07935508905743882,0.01678849977707066,-0.03669216910495361,0.054478464101930336,0.2131311389122982,0.23290539679876218,0.0793794030658262,-0.11912068527612484,0.0793278994795118,-0.0631809081667052,0.6420025398475342,0.30640887976499415,-0.040075515600186885,0.36724644844001436,0.16193440345371085,0.007121985163952959,-0.17217943484473447,0.08892881489487878,-0.4019516677818579,0.24233150024649372,5.12508540780169,-0.500914463640363,-0.06785882259436526,0.9297747923282909,-0.044644970097515,0.43815437493195003,0.7078917241047104,1.4593551840707006,0.3651441144649848,1.298940751024188,0.8573546168388557,0.7279158243233994,0.3126562519034404,0.5262320231495603,0.1772381240347069,0.36022967578137033,0.5800051398614728,2.5870816379943316,0.033465183991785816,2.4643524046124554,0.16256950399814263,-0.4937629045349199,-2.059553408493456,1.91242089105445,-0.03149995154675935,0.21894710213548174,-0.239888792004124,-0.2322867644006982,-0.2657496978015698,0.6888971806069791
0.10689136234158232,0.2652179344026553,0.3412100351064681,0.18747926852692615,0.12174147010434158,0.20855175189741673,0.1721704897405815,0.16540275970212945,0.309596601263799,0.22265071652710547,0.21507943206416258,0.15915049803067766,0.09190073113477285,0.13263519276148975,0.19636346283999645,0.15613288920397408,0.3028745845528745,0.36248522107432724,0.2946873057088037,0.21728685061803496,0.2747222301671199,0.18656815094870696,-0.22072322412341044,0.6686787016854693,0.4979885130159365,0.4350292611257344,0.1486243761929069,0.5219156476773786,-0.17610817157232855,-0.500914463640363,2.4836955304001824,0.21310579893362785,-0.052951458639688434,-0.02554552600134773,0.029486707732616822,0.36828707438940805,-0.6187065233450991,0.28021334752210825,-0.2756854347248852,0.20695460657505718,-0.033398588931290135,0.23351013774516566,0.021141788466240964,0.0935766203056464,0.31274884001738096,-0.23723342672459738,-0.09554741245483218,0.048167011755035634,-0.8655310818741002,-0.21262143727705446,0.41464470223016764,0.37238613115649366,-0.23682137745312531,-0.23001297078496993,0.2355724650957517,0.12764568481361216,-0.07446810966687534,-0.2902868231670418,0.10328276495403953
0.11460601952674809,0.1536967920510949,0.1939534605962258,0.22413960202887356,0.2380199880617792,0.29318212856408143,0.15940162739702582,0.22555707313105136,0.25579712493997375,0.22296191359585693,0.2232416891465206,0.2689083046574646,0.17970690435213593,0.3045870175185923,0.18567348371367215,0.26809627922597196,0.21946757675839776,0.2018739932892432,0.2726214781632026,0.2648919521826616,0.1984631341006163,0.30484872065703106,0.18418699268279798,0.15038992760777722,0.2438377995613947,0.4486232844888519,0.25211427804829495,0.21777635371885454,0.24010284652104152,-0.06785882259436526,0.21310579893362785,0.6203939213674403,0.07124176479630313,0.30119802539002655,-0.09240466534503906,0.40732257533895494,0.03014404142169895,0.20091740837039435,0.0821313779391442,0.0938156838947434,0.14186081230572517,0.20004855531690002,0.20098602346989453,0.052651481760455136,0.02631156884068323,0.39272484418313236,0.07187970781745728,-0.0067776727605841375,0.3539182598509999,-0.010420340803957453,0.0033091851558106847,0.15941948465299297,-0.29235963866546827,0.07537120825583773,-0.16248082678440864,-0.012216203454871379,0.2554532884979901,0.17683430585656434,-0.32257549739124913
0.09665841145685389,0.16393543535947339,0.21193054351017682,0.10196187474009989,0.12627840155649164,0.2180397198783857,0.06173314917186312,0.16435041782005533,0.22449981876518338,0.08512105037010367,0.12130129391534962,0.10086012437965439,0.09652728100233846,0.15001109731555431,0.10776018693388949,0.11767139607901274,0.21668932068248778,0.09412606057503971,0.10010254376576416,0.21251736531300683,0.42294489652574396,0.1486343672838521,0.12109010499555266,0.1818289197725367,-0.02433690628813993,-0.027866114101919543,0.21443014291992152,0.360258773045929,-0.27460676015226304,0.9297747923282909,-0.052951458639688434,0.07124176479630313,1.83216790451576,-0.2137134107109243,0.5288080282568457,0.482148035055528,1.1830842386273894,0.2860966285230279,0.6522390935466762,0.24037810575958132,0.4934745893950003,0.4220687471721904,0.5607280323291661,0.04714358002177278,-0.07515754247287865,0.5960940746662958,0.5439321588019793,0.009989030418301197,1.090916838375193,0.41125022253841637,-0.41296642068424166,-0.278345579839955,0.2590853520331007,-0.09085452584493997,0.32627010431150893,-0.09871153949138836,-0.17656160245688257,-0.31333590708532755,0.5747674750805385
-0.056369841664442866,0.24392746983460725,0.12341424102695443,0.38674317104462297,0.4654941886044428,0.393393418991799,0.27046120747508806,0.4030729545410498,0.14317928078759623,0.39404088401680143,0.29067784408791814,0.35095698203233766,0.17089829170380175,0.2830133668468482,0.3694168237159674,0.2998032124929226,0.2767900583438246,0.3303371627172842,0.2834597709448647,0.5171768140481144,0.17319036182519681,0.3141723421085009,0.46749356870128106,-0.02496183440441931,0.46171865256541733,0.5059445447053247,0.24951601205325943,-0.01374069313555124,0.5309225911283281,-0.044644970097515,-0.02554552600134773,0.30119802539002655,-0.2137134107109243,2.1147178463159073,-0.3186666818576093,0.2095663522992262,1.1311617586235754,0.2357576314512032,0.10255104956448896,-0.21914665189237642,0.09903753495814584,0.23953560431290608,0.47943914314353236,0.22883500484507305,-0.1861546971148036,0.10226533672308893,0.17630945418178992,0.06074984194987959,0.37363954527448545,0.11532666050637783,-0.2619472414077392,-0.17550911064529126,0.15476870920856517,-0.07701317373642519,-0.28266247676468564,0.016684531594884217,-0.15048997955276033,0.30851407250329793,-0.12005030294750353
