0.5473393952674354,0.1769085060441377,0.3168701476126178,0.07927437439824947,0.1030019944839771,0.09705456363983696,0.1677773692594053,0.10460980724831073,0.12785195374899952,0.13194592228767446,0.09717350725148155,0.10878395111919884,0.06975593618508784,0.12330535838493566,0.09096025343253487,0.10239453271275001,0.08123490048894806,0.1164386043423773,0.10639640379682602,0.09538210083261912,0.115738582025556,0.10396296498782102,0.06674351344989089,0.08225862879803948,0.10006272964684262,0.08325834514921125,0.09255789917831367,0.05967279108265124,0.11246107967618121,0.08923864868225057,0.11588762759369936,0.10666924176820444,0.10617301134465842,-0.06657730468184991,0.06956567527600294,0.1603622134871275,0.02709438735343021,0.07788337051327676,0.12474453863313555,0.12252701143020064,0.11440000096975947,0.10794067778261582,0.0923127139032464,0.020518753459461546,0.05410373703021221,0.173256489309667,0.10136940253279328,0.0030401767702962694,0.16670980700107071,-0.031047576505165108,0.05471371739838293,-0.04779463899519949,0.04275783302747681,-0.01572317551704265,0.04356186155334954,-0.003512000359718799,0.03639731573449831,0.009134333613305099,-0.05157542173350937
0.1769085060441377,1.9482185173125364,0.860266498975653,0.12792734460932087,0.0862862635701947,0.27108454396690185,0.17895395261051686,0.3641516664931887,0.26929912720254456,0.2604636662274345,0.26851879948437946,0.23533328239612117,0.15622853987096513,0.19541017763544277,0.33555395683972505,0.21878219166764762,0.2914259541405452,0.3595607941311332,0.20520673073604698,0.35967159134619786,0.2551840311656237,0.21773571838945188,0.08496487459596017,0.09662938931998288,0.3086429779028327,0.23859144979797844,0.25115685646491376,0.13087941019952964,0.487482291734098,0.2831208743097544,0.20485907327587086,0.13719349284400026,0.20976100508609066,0.27578191765824983,-0.022090085908004178,0.315720899678025,0.4023235694248792,0.2129594806167436,0.25750755049411955,0.17496592934758853,0.21133686554827097,0.24953944995762833,0.21032283697328807,0.023294661339932667,0.1744421660523377,0.5184852381199937,0.3244476499952514,0.038352817742572876,0.3313122256840578,-0.2748504700594858,0.3165540084223021,-0.14777873809142295,0.13900518214242602,-0.10268873342132069,-0.25694685863193295,-0.13609567290410723,-0.38008890124852024,0.1985730290619568,0.3707206804962323
0.3168701476126178,0.860266498975653,2.2136227884428217,0.13314555732332067,-0.24116021575836638,0.3323461786907652,0.1612367670448717,0.4190749880484786,0.5100734514652735,0.4171476701871072,0.3173891605655739,0.2544532108467605,0.17372145648917334,0.20797147938948277,0.2817311049152206,0.18834371445766493,0.28886045325056686,0.27717719309840855,0.20086673395374338,0.323302493441585,0.29387053221190307,0.30126635877286867,0.12571195959809428,0.2438815831040691,0.26032542730098523,0.2947513431687056,0.2095568110206499,0.1861366352419438,0.37271633343905397,0.242804944855673,0.2897103636476739,0.18383060979644086,0.2552283821089114,0.14256769234772132,0.28903054085103924,0.3621263704625254,0.15374674311867145,0.2233447433659935,0.31060220755023715,0.23870653626360006,0.16603857174785863,0.2780619920066351,0.20665394798230252,0.04857236534500039,0.15692736209160635,0.35538885160003614,0.26977159443530657,0.03323045712919218,0.32231168942693134,-0.18282578879511316,0.17133683034843727,0.14832211007984722,0.05827172005120314,-0.21045395681915255,0.06120303617108429,-0.07344723743927184,-0.21963892979232924,-0.1898871984945518,0.3318882314873743
0.07927437439824947,0.12792734460932087,0.13314555732332067,0.866557862058759,0.4897405816888452,0.35844983259491797,0.34765735909480144,0.3193563793863309,0.25790692253076136,0.27459409597739304,0.23455450539854344,0.28919732630462563,0.14305019976005026,0.2694330658373009,0.2325580314772536,0.2534024471455068,0.2134078797186374,0.29622031025136597,0.2994221570340026,0.2637212346097753,0.24573823985926466,0.2658074851969709,0.2978609436405539,0.20235735563790425,0.26305586308253937,0.35556842482838413,0.17588406724660427,0.056609800919503225,0.2754032566281123,0.1329126777119287,0.19972776744711393,0.2234971126831888,0.15755325251902824,0.45800152421886947,-0.11461402808733044,0.36491183569309166,0.3383663923570507,0.18245973901843415,0.16356232027948492,0.05331206944471377,0.16932054151363016,0.23769921925082663,0.1942839455122819,0.10059030883286964,-0.0701684654943813,0.20983456703264347,0.21773791891501998,0.024854238322781597,0.2298703485230951,0.2132675021159659,-0.15515325857565693,-0.12402065969727763,0.13064906162349216,-0.11716780793364112,0.008449517417434872,0.02002821529585616,-0.17703739157783513,0.08094337977990268,-0.03646401345423111
0.1030019944839771,0.0862862635701947,-0.24116021575836638,0.4897405816888452,1.1556660841918243,0.5021780008547397,0.16183302353004472,0.35408509684198985,0.2431372605289045,0.1786733335302867,0.23016816652418076,0.25140224359349866,0.15888950198139082,0.2972089692886153,0.22517853200972968,0.2647834597641524,0.19738367387816932,0.2799096746055402,0.5604174869825783,0.23179060278882108,0.2273927647414952,0.2850705873209482,0.29287862484101074,0.18666341236340872,0.2329278742887649,0.36585636312515113,0.13760247164801426,0.007121508864971113,0.2500601911796015,0.1979855112308457,0.17090846430657844,0.24813530170058148,0.20089141749463482,0.5341506218436438,-0.24149513717938892,0.41177760238821365,0.43038141418255244,0.18443298179882311,0.12858679256305386,-0.01550178800371273,0.21342929848359887,0.22657205847115638,0.15062053574031056,0.07349211252347744,-0.16999091902099975,0.30061251542143086,0.24381172658379302,0.024497820005176012,0.2644989876903353,0.4505957538983069,-0.1927131566905838,-0.4077293325688394,0.2760562579757381,-0.12071445947662207,-0.11610148689740686,-0.08281323011075913,-0.11359569897209648,0.14572273328565485,0.07000680414565069
0.09705456363983696,0.27108454396690185,0.3323461786907652,0.35844983259491797,0.5021780008547397,0.828555765692046,0.05864717273012776,0.5038976866462951,0.37362644993375504,0.25299053576355185,0.31871038195893964,0.29756854324666515,0.1870248778701873,0.33948962689925233,0.27203864575814574,0.29553145390204943,0.26306782406485596,0.31402357311318774,0.4879920927305673,0.3466626461021847,0.30608293430452727,0.3502570530343196,0.25927887280742523,0.25116508360781575,0.3081656863482758,0.4562949199999681,0.2291145277236182,0.11959882992190221,0.41282114524653435,0.28241681532220697,0.2211036266799036,0.3089844964332721,0.2394480933563146,0.4435776574762066,-0.20633751825508126,0.4608224914872051,0.452720919807504,0.24462550207237183,0.2388117798563486,0.04833443987684196,0.2746089889967612,0.29135345129655094,0.22741480810284,0.066496629592798,-0.12486988776812404,0.3925533517915893,0.3079775042814287,0.020710627353124855,0.4917883267888315,0.31490974016757983,-0.3906493037647174,-0.11484294865747001,0.06946485059444538,-0.03205960172681235,-0.10653678482871308,-0.06970013420705937,-0.11056399215744964,0.15085271327025734,0.058700457899622915
0.1677773692594053,0.17895395261051686,0.1612367670448717,0.34765735909480144,0.16183302353004472,0.05864717273012776,0.7337366749199308,0.15344494284277402,0.272699556543479,0.23610263335517434,0.16240015171101196,0.26973540889991,0.11258718015177349,0.12055231165577804,0.14065767077782979,0.17426260640387542,0.18220919154237153,0.2581863389284545,0.11824533594763638,0.21954626886736145,0.20882044325877058,0.23117835325105343,0.2656396532969159,0.14739595386905555,0.2139573447001516,0.2432194058982938,0.18513288123620975,0.07867316798901587,0.20180153491363284,0.013811265368666028,0.19128960068260417,0.1672115704427958,0.0809385940567546,0.33586689534739483,-0.10266472919658476,0.2865936130323273,0.23177341104940927,0.1287972454155287,0.17497258836726834,0.11021332553551337,0.10533276754904437,0.19569352380989163,0.18784098267454438,0.07831037793960252,0.020499195327869642,0.15533045447754243,0.12666124932021883,0.018703798534049573,0.20766350851696055,-0.058640289635219604,0.013536921383727352,0.009479632151113134,0.00024773308517712537,-0.053031951290498855,0.11456077488432863,0.1446828731519595,-0.0675906884497378,-0.017675328796399516,-0.2472585001035064
0.10460980724831073,0.3641516664931887,0.4190749880484786,0.3193563793863309,0.35408509684198985,0.5038976866462951,0.15344494284277402,1.0496289465383501,0.12393650184387425,0.2622284931566502,0.2905925395270696,0.1891230213185268,0.15050313931286635,0.2996552864676208,0.283078405962755,0.2484371058419219,0.22338433877972777,0.36848943808901874,0.30154301400894284,0.3800642150136496,0.2828845772832609,0.21170467912311275,0.28626482426675093,0.15258803867639228,0.3293293020984036,0.4702838887120325,0.2007532406161488,-0.06760750198446398,0.38078133709228873,0.47369111601953623,0.15973748661705098,0.22732777156578327,0.22716002732559268,0.46226114400671986,-0.06020227728401503,0.40299479380636133,0.40804201002330137,0.2361268763013408,0.2707785463907049,0.1573599173848698,0.22775226124186831,0.2864800866746948,0.2381063229522175,0.0721295604302218,-0.022540224833400856,0.3233906038653038,0.4226113896499082,0.032404179096715106,0.5347007442716125,0.2946269820127993,-0.14868323140186923,-0.37936999659887316,0.35015574772488656,-0.12675170734493205,-0.1478305731182272,-0.18613427680284064,-0.1421975189422502,0.30294944668084806,0.08246348797203443
0.12785195374899952,0.26929912720254456,0.5100734514652735,0.25790692253076136,0.2431372605289045,0.37362644993375504,0.272699556543479,0.12393650184387425,0.9000214127428089,0.22498503882706875,0.20158382936997035,0.2262717068173109,0.15806761321882024,0.23748130745565244,0.08710914006203518,0.19806470511308977,0.2122088238555466,0.2949827288448353,0.3340963443576632,0.17156855260778586,0.2924718611888597,0.46366901361067014,0.23966194633793772,0.2553083396783379,0.1417290329812528,0.3931824819699764,0.19361851457734705,0.2166434302622404,0.15846744943095215,0.06735280812122987,0.2782954997973713,0.24900362910800775,0.23287035251666155,0.18596027645202662,0.024269689803254887,0.4095801122978163,0.1859721907550556,0.16266630894931236,0.23366480304896123,0.16634366933153852,0.1686319939035193,0.25862371559945885,0.2209411791209553,0.05262427326435045,0.021257675191576127,0.3662720551664752,0.18944094767234396,0.02500329434174179,0.3579142166880005,-0.014168206475173747,0.00992269541227562,0.05612434211160388,-0.08564630243243146,-0.060151198086203984,0.1601264144264873,0.1696832841178412,-0.1299233475476082,-0.21100453233082972,0.020757331296984545
0.13194592228767446,0.2604636662274345,0.4171476701871072,0.27459409597739304,0.1786733335302867,0.25299053576355185,0.23610263335517434,0.2622284931566502,0.22498503882706875,0.7305986398783321,0.2651890864610622,0.333422746738071,0.15015026374272306,0.20541852605655103,0.2960086555086316,0.21837369236636817,0.20652117543857215,0.30158377034144845,0.19433896744362894,0.3314896811019893,0.2342021769704796,0.22082948276023603,0.24559090839925643,0.17802926397809135,0.2907956478684141,0.2788538700012274,0.2679215627983011,0.12255542469701396,0.4025539263532322,0.11164438407884712,0.20140198652412084,0.22373972832459946,0.08361395026217189,0.438148526013103,0.10565041489375375,0.3534841964233582,0.32236245721263407,0.18435857955957852,0.2120042791739972,0.15209993408705333,0.18163661375253728,0.2366551542820624,0.22209984923967646,0.0666422290997408,0.034841372476176136,0.3918020004664317,0.21779058507649676,0.030676118729666843,0.2972192748112161,-0.05384379431145166,-0.030781347680569893,-0.046452406657869816,0.008744144342123835,0.043559332706092545,0.12974640700381243,0.09278651204463267,-0.05437457504113057,-0.13117496328078024,-0.05030435040211004
0.09717350725148155,0.26851879948437946,0.3173891605655739,0.23455450539854344,0.23016816652418076,0.31871038195893964,0.16240015171101196,0.2905925395270696,0.20158382936997035,0.2651890864610622,0.44713538733183644,0.2827187077178963,0.22558952776392396,0.22634626538504785,0.25125914682669326,0.24418996533150386,0.3280355876728104,0.23358713355963143,0.24873473251038128,0.30046547506385407,0.22349523370909777,0.2247410715342806,0.19851841324926803,0.19270044602823475,0.2636034355036721,0.2880645021919795,0.23737796712724205,0.19906226102192884,0.34293594315450154,0.05008396250844148,0.2105448787163561,0.23132472358635922,0.14351379992738467,0.3047663123239945,0.05553621832147401,0.37509865490513156,0.23548728229717733,0.18299576692313507,0.2114611492621061,0.10949860510693452,0.16976285337159858,0.22975679196269408,0.1980131747300084,0.05529719617450912,0.024679947208059216,0.34776550684535806,0.15115231642642132,0.024384250909943547,0.20686046869242,0.04731590179745294,-0.04441173716675791,-0.0009227361980857654,0.026536088057504188,-0.04538238570180366,-0.10486348424435929,-0.022603885742498483,-0.0658498481759264,0.11498404858666358,-0.038696931854493764
0.10878395111919884,0.23533328239612117,0.2544532108467605,0.28919732630462563,0.25140224359349866,0.29756854324666515,0.26973540889991,0.1891230213185268,0.2262717068173109,0.333422746738071,0.2827187077178963,0.6749057723316445,0.16423258329192367,0.2567987511917608,0.2938280246122461,0.3186100801759509,0.3110477690270509,0.18175547837953698,0.2512359579815662,0.29440998479505953,0.21595824566845576,0.22958446425399695,0.21816694485885008,0.16831994275738651,0.3198692961962967,0.30689723142032566,0.3142273723410607,0.12315606585005465,0.23541850656971092,-0.031471651670516104,0.19115183713704356,0.285383278411502,0.09146145162441206,0.37758031215404325,-0.15256745998114518,0.3731124997291187,0.22296026396715019,0.18251888423905224,0.213031018185587,0.05737094749204441,0.13633151324521467,0.2136511028891951,0.1936525870787061,0.047908058104162904,0.0017764164234322923,0.4290535794306102,0.08930111560842685,0.02378298811693004,0.324520587999787,-0.2421949408726167,-0.06654938601508223,0.0710861560315605,0.031976184933948555,0.04500695503919243,-0.10067497745599016,0.10613902700041866,-0.10755897898800523,0.12341142090663068,-0.2689471547289591
0.06975593618508784,0.15622853987096513,0.17372145648917334,0.14305019976005026,0.15888950198139082,0.1870248778701873,0.11258718015177349,0.15050313931286635,0.15806761321882024,0.15015026374272306,0.22558952776392396,0.16423258329192367,0.43552692996814457,0.1405619850821495,0.09040507148888768,0.16925579397338933,0.18026001165816102,0.1467905230413802,0.17208709111429232,0.15966269348767478,0.14865447401605214,0.21775183300163162,0.15422361552160077,0.1514737538333972,0.18270733142269013,0.16275775146760282,0.19870620286704702,0.14244506644607627,0.37003785864831223,0.036166373674116264,0.10357063029473874,0.19281684429586118,0.09529489136167327,0.17099966084421384,0.21231311415413986,0.24840641188505236,0.09641838481255673,0.0996099938313821,0.16100369210250703,0.11274402930255961,0.10881500083276444,0.1529209460083901,0.17446566489080817,0.05860313016330282,0.0032930305831936737,0.27356203093898596,0.09410337119232347,0.012024761964647543,0.17871168788406153,0.049450305538619954,-0.058645566465769926,0.02472246556768783,-0.06478867976435253,0.024043117626556046,-0.012431392089628224,-0.022147088218536018,0.0018764100039364304,0.029388061369430677,-0.033570243801936524
0.12330535838493566,0.19541017763544277,0.20797147938948277,0.2694330658373009,0.2972089692886153,0.33948962689925233,0.12055231165577804,0.2996552864676208,0.23748130745565244,0.20541852605655103,0.22634626538504785,0.2567987511917608,0.1405619850821495,0.4992010488826696,0.24726989084985151,0.33973284516009783,0.2106388443595241,0.20861808249943342,0.2588468633377701,0.265406527629444,0.22209971165068212,0.2596042025778665,0.251004916095525,0.19834753498399485,0.2710835835235538,0.3069900117316412,0.19585146901342743,0.09510048711817544,0.27550004563540864,0.1968086745251887,0.1344962815831786,0.3113165999437752,0.15211047443434175,0.28748310621830486,-0.031044121939424345,0.37803474398766274,0.24541107344629606,0.18281186366160615,0.20005311944277115,0.12810782083743327,0.23846769591199038,0.2243867751372584,0.20581790732777444,0.06086133923977074,-0.02706483532585227,0.41646373930000136,0.2110206202940301,0.011194188794271772,0.5323293120580512,0.023689534158359858,-0.03391732064279381,-0.19856213661688288,0.1457287460533503,0.029198460010173757,-0.18724170831991752,-0.030309889897971436,-0.06283263991464008,0.19519591224712945,0.023407161967161475
0.09096025343253487,0.33555395683972505,0.2817311049152206,0.2325580314772536,0.22517853200972968,0.27203864575814574,0.14065767077782979,0.283078405962755,0.08710914006203518,0.2960086555086316,0.25125914682669326,0.2938280246122461,0.09040507148888768,0.24726989084985151,0.9085988185722824,0.2607793142918074,0.21707554455733483,0.35939569997714943,0.21915680174008376,0.30115719626948106,0.21006619634249787,0.12082805063580902,0.3722450411694784,0.199121303084579,0.38780745185407806,0.3103691573248304,0.21835794466904304,0.14794828268154891,0.34727868287997404,0.21134098768250087,0.21083312534063126,0.1938605681664471,0.12129381762047303,0.38911119664560445,-0.09924345061901832,0.4323955810745031,0.2734553986753271,0.1611872905648245,0.11898965581646026,0.10999397471161997,0.16395225988807458,0.2183098390982308,0.19219976546079703,0.05142516276901051,-0.021720148810517075,0.45843363425952427,0.2822733578194863,0.024750883602952942,0.25803757971047764,-0.1009244757841737,0.004179907134526617,0.013446126182724847,-0.03892745783174688,0.035508783570899635,-0.056452203546745766,0.08984186238470636,-0.20193012896446053,0.07687512172945468,0.07590368539116002
0.10239453271275001,0.21878219166764762,0.18834371445766493,0.2534024471455068,0.2647834597641524,0.29553145390204943,0.17426260640387542,0.2484371058419219,0.19806470511308977,0.21837369236636817,0.24418996533150386,0.3186100801759509,0.16925579397338933,0.33973284516009783,0.2607793142918074,0.48485099096481044,0.3003281802413863,0.21234907214779683,0.26078287502867686,0.270620828749939,0.22335620166650766,0.2876785345021815,0.22376108626337124,0.19348445463864303,0.3052145789292026,0.26439231587383133,0.25530222216353005,0.20160031543158072,0.336986700661135,0.044191240997469634,0.18393368228482132,0.2857247273010913,0.10450699412484508,0.3185361515058408,0.04602902369733139,0.36302029360362364,0.23683054763870243,0.17631586506133184,0.2149811516332314,0.12480843938072984,0.20674233298528577,0.23337577070606308,0.24820476731771887,0.07489944606007409,0.017506002615990612,0.35960775001794,0.1389295945459829,0.012342026480325983,0.3607851931300275,-0.09307243161586864,-0.056787393130428264,0.0015551235811132932,0.0063197385368305445,0.03711874284512152,-0.14118819937698884,0.03534000037586881,-0.10771600387081116,0.204307242698534,-0.07971736879010823
0.08123490048894806,0.2914259541405452,0.28886045325056686,0.2134078797186374,0.19738367387816932,0.26306782406485596,0.18220919154237153,0.22338433877972777,0.2122088238555466,0.20652117543857215,0.3280355876728104,0.3110477690270509,0.18026001165816102,0.2106388443595241,0.21707554455733483,0.3003281802413863,0.8294155548955444,0.11842194572162426,0.23981044975451832,0.41844091887654006,0.2820101757660968,0.210710554134584,0.04651504973905443,0.20613851298790023,0.28576448549624595,0.1936066656317869,0.30597922338765765,0.6040565338190218,0.28097842278032925,-0.06703784453553026,0.3069621989962687,0.23182822558960614,0.2513944855672449,0.28916056247138006,0.143360580066264,0.440671347708546,0.4949540669848329,0.2483470610869085,0.3499459299145919,0.09166741283292912,0.2833459327969543,0.3147072524293193,0.25867983218625523,0.07407507554614286,0.1497526215334016,0.38058303792517845,0.049339782295241365,0.031143648449293872,0.22422395631570266,0.2084794234025471,-0.03339456985811532,0.10016434705202026,-0.19043371922078323,-0.04055686174586581,-0.24891700641846828,-0.0017429954660436204,-0.07118266446686926,0.18222166414161148,-0.0904280693530517
0.1164386043423773,0.3595607941311332,0.27717719309840855,0.29622031025136597,0.2799096746055402,0.31402357311318774,0.2581863389284545,0.36848943808901874,0.2949827288448353,0.30158377034144845,0.23358713355963143,0.18175547837953698,0.1467905230413802,0.20861808249943342,0.35939569997714943,0.21234907214779683,0.11842194572162426,0.9478776224539637,0.31688070003522006,0.14142268227626895,0.2824943487457794,0.28666713664360033,0.6033562163466866,0.21358268434745672,0.3433115827327914,0.4918830541529064,0.13759958907766323,0.032740195753454694,0.39273960776133376,-0.00883669448305976,0.3692109716983038,0.24078620141946758,0.08116309581346431,0.35932394448841765,-0.15616960862046517,0.48810396285499974,0.1889528505858906,0.13015454916651528,0.03147954607544007,0.23029196845974867,0.17601887560804347,0.26345431845866885,0.23348155784325886,0.0625020640068265,0.03734585428239102,0.45247612488829403,0.4553962248114962,0.020925027555640647,0.06865804682604935,0.20898985053181876,0.3240995678422667,-0.1919970966883358,-0.31489399189090633,-0.05180831928743124,-0.010778224106327606,0.17796369254191624,-0.012045417271915765,0.24481660132495825,-0.3750071742824847
0.10639640379682602,0.20520673073604698,0.20086673395374338,0.2994221570340026,0.5604174869825783,0.4879920927305673,0.11824533594763638,0.30154301400894284,0.3340963443576632,0.19433896744362894,0.24873473251038128,0.2512359579815662,0.17208709111429232,0.2588468633377701,0.21915680174008376,0.26078287502867686,0.23981044975451832,0.31688070003522006,0.844239285772425,0.17594642902962426,0.2115572561767018,0.34064514984649097,0.20438144518220358,0.2108112607845186,0.2549835305324829,0.2733143800866528,0.1468817664107859,0.22636222219616378,0.2000298526731114,-0.031912137584484045,0.3090717912308053,0.27854619797382,0.14394322842220467,0.32353714820033086,-0.19748324730907885,0.39998321136563525,0.14078269093402776,0.16700457985285683,0.10681936524157974,0.03354160939749708,0.16472992314716398,0.18990303337546605,0.15472840228769677,0.043847137192185685,-0.043894681868937795,0.31710006444729005,0.14953622534056923,0.01730413916427308,0.02426045216490256,-0.01843125201708693,0.160463418817066,0.34550979753904915,-0.31917606508509944,-0.13881569653486522,-0.1067058144556731,0.020589051750605443,-0.04323049549232415,0.13901907798802593,-0.07629870349181934
0.09538210083261912,0.35967159134619786,0.323302493441585,0.2637212346097753,0.23179060278882108,0.3466626461021847,0.21954626886736145,0.3800642150136496,0.17156855260778586,0.3314896811019893,0.30046547506385407,0.29440998479505953,0.15966269348767478,0.265406527629444,0.30115719626948106,0.270620828749939,0.41844091887654006,0.14142268227626895,0.17594642902962426,1.2424866984272578,0.32876550940757715,0.10405267307350594,0.22434818028893758,0.195624521509005,0.30732263611689653,0.40788071913182045,0.4010929757403476,0.22427992412548015,0.5481033310468489,0.6809461175630552,0.18887706051222114,0.2721171783243593,0.19300385131756367,0.5695131867791396,0.11116175285010921,0.44029504002114,0.7906267371945579,0.5464213525605428,0.41995159673574917,0.40348763950229755,0.4475603121109965,0.38376095882560046,0.4767582915241184,0.11401140262939723,0.210783762188603,0.7058145495946951,0.4334604390906697,0.03938904551909359,1.006343000019698,-0.07383390043114879,-0.17943501321817648,-0.24496357371439867,0.2913135868202359,0.060645645687917825,-0.05600992682592447,-0.06426061572927673,-0.08267627820361954,0.045597879363749205,0.06720842765389846
0.115738582025556,0.2551840311656237,0.29387053221190307,0.24573823985926466,0.2273927647414952,0.30608293430452727,0.20882044325877058,0.2828845772832609,0.2924718611888597,0.2342021769704796,0.22349523370909777,0.21595824566845576,0.14865447401605214,0.22209971165068212,0.21006619634249787,0.22335620166650766,0.2820101757660968,0.2824943487457794,0.2115572561767018,0.32876550940757715,0.5966958937235548,0.22492978046969894,0.21222010267234934,0.19473768580731496,0.22610483400054554,0.2969607156128148,0.22354035721691728,0.17892595828556976,0.19518527737687386,0.2318958575550052,0.2756256619892986,0.220419714339269,0.41033064391067425,0.21448484020010994,0.32989120707691105,0.5155053755010296,0.47477664756376897,0.25411889737206206,0.4405434991745238,0.33467052611488385,0.41504557837716255,0.5171634508825127,0.3732706927985556,0.059034131328126564,0.15033054795623407,0.4338997958914299,0.2761999253247641,0.045873273569982574,0.4552861340017627,0.18194050388926483,-0.08509005899658013,-0.17976124933334556,0.09771133744157733,-0.03527782606104583,0.1451922124702905,0.011111279077470133,-0.1886746118584686,-0.05602809068026028,0.16541172770874438
0.10396296498782102,0.21773571838945188,0.30126635877286867,0.2658074851969709,0.2850705873209482,0.3502570530343196,0.23117835325105343,0.21170467912311275,0.46366901361067014,0.22082948276023603,0.2247410715342806,0.22958446425399695,0.21775183300163162,0.2596042025778665,0.12082805063580902,0.2876785345021815,0.210710554134584,0.28666713664360033,0.34064514984649097,0.10405267307350594,0.22492978046969894,0.8792677403008535,0.30021212905574995,0.16672683998339854,0.19531288548401324,0.27106361410555807,0.2062894803193852,0.1378626962205835,0.33042987198653206,-0.062407137139892904,0.18789039665580662,0.3126948865699251,0.13229989517454033,0.3407040393396125,-0.010883219407626852,0.2978682656876813,0.1764526503794401,0.13494567458697226,0.2609425955272356,0.08516041408207901,0.12573140975673308,0.20981937673362389,0.30144478719544887,0.08884238748288487,-0.016866243507332748,0.28479369735719323,0.11943804431124196,0.018150273528973523,0.3022236939482773,-0.05581361577505306,-0.017913686311058646,0.048930604651983164,-0.15077260183605123,-0.024268134211937655,-0.023706662614854726,0.08847473915360059,-0.09648555273628506,0.07557661041584568,-0.10363494039658439
0.06674351344989089,0.08496487459596017,0.12571195959809428,0.2978609436405539,0.29287862484101074,0.25927887280742523,0.2656396532969159,0.28626482426675093,0.23966194633793772,0.24559090839925643,0.19851841324926803,0.21816694485885008,0.15422361552160077,0.251004916095525,0.3722450411694784,0.22376108626337124,0.04651504973905443,0.6033562163466866,0.20438144518220358,0.22434818028893758,0.21222010267234934,0.30021212905574995,1.7996840490271493,0.2659959912594351,0.383414867862439,0.16325496350754484,0.18816853266321276,-0.43385108528837985,0.5585800447595238,0.35029631076614676,-0.2592023764924678,0.20472989774020486,0.12955803486281373,0.490880878768385,-0.36527276936082853,0.8173119471416105,0.3715318872132986,0.10261057200372166,0.2549560977756447,0.25398835880523163,0.2733243734942655,0.22676050274393486,0.19758288023903994,0.1727102880021484,-0.29899304832281015,0.8678411998787421,0.46963284135115113,-0.0038599961842395543,0.3642022084716992,0.05939889634451337,0.1011446098676965,-0.3087323162120801,0.12557125289644278,0.11581683085385605,-0.03143010497138909,0.09612135583542877,-0.08860489424319931,0.036798145330744735,-0.09538909942533882
0.08225862879803948,0.09662938931998288,0.2438815831040691,0.20235735563790425,0.18666341236340872,0.25116508360781575,0.14739595386905555,0.15258803867639228,0.2553083396783379,0.17802926397809135,0.19270044602823475,0.16831994275738651,0.1514737538333972,0.19834753498399485,0.199121303084579,0.19348445463864303,0.20613851298790023,0.21358268434745672,0.2108112607845186,0.195624521509005,0.19473768580731496,0.16672683998339854,0.2659959912594351,0.8956309564387013,0.2322226188456762,0.11281078511289187,0.15358603288682693,0.19435532374366463,0.18910123057729927,0.13174222735217023,0.5894578520862472,0.1675438464021045,0.14960608594782485,0.011228824513348123,0.036471131369365146,0.36578099649161655,-0.010934533157028655,0.14594497700141562,0.10508570951001513,0.14352814921409596,0.19011635679424968,0.17925410286513888,0.025907358736698062,0.068061094750685,-0.030397662925204908,0.2608210010497583,0.16587490619274908,0.02802713604202872,0.2310429432105234,-0.09061686637773687,-0.010434581881821413,0.052686763329070074,0.076195160258016,-0.02184396115934796,0.06554419255974638,0.056417694197759174,-0.05078256634443326,-0.2656682805096662,0.16515688475962037
0.10006272964684262,0.3086429779028327,0.26032542730098523,0.26305586308253937,0.2329278742887649,0.3081656863482758,0.2139573447001516,0.3293293020984036,0.1417290329812528,0.2907956478684141,0.2636034355036721,0.3198692961962967,0.18270733142269013,0.2710835835235538,0.38780745185407806,0.3052145789292026,0.28576448549624595,0.3433115827327914,0.2549835305324829,0.30732263611689653,0.22610483400054554,0.19531288548401324,0.383414867862439,0.2322226188456762,1.1760667606463817,0.27621020505877164,0.2795481867920305,0.11481339496617467,0.6920428904730053,-0.032868635994930916,0.5120280529839606,0.2783848377691458,-0.03216414708603146,0.5344005454509327,-0.17168979359090158,0.49682080481806545,0.11586486640147078,0.19712057757000448,0.1561189596039088,0.06077306523124859,0.10985191806900836,0.22609777879710713,0.16104387579223342,0.09258501597816446,-0.014198709152888588,0.38750935759622135,0.15315976240298015,-0.0068480156966148524,-0.08717480092073288,-0.41171014098033176,-0.03889123159191115,0.19081931638723484,-0.017365805212870362,0.06313821798624934,-0.12393145641234521,0.023333277988669673,-0.047645606876200154,0.17009412955919054,-0.14617866201520088
0.08325834514921125,0.23859144979797844,0.2947513431687056,0.35556842482838413,0.36585636312515113,0.4562949199999681,0.2432194058982938,0.4702838887120325,0.3931824819699764,0.2788538700012274,0.2880645021919795,0.30689723142032566,0.16275775146760282,0.3069900117316412,0.3103691573248304,0.26439231587383133,0.1936066656317869,0.4918830541529064,0.2733143800866528,0.40788071913182045,0.2969607156128148,0.27106361410555807,0.16325496350754484,0.11281078511289187,0.27621020505877164,2.1838170218605883,0.24506672821152306,0.17310148527574953,0.02285765405220092,-0.12720814054577045,0.4726342905502241,0.46288035659772175,0.03650345585219504,0.5782535752112148,-0.14629703737991903,0.5472494818641709,-0.44124524355261857,0.29745258524405394,-0.8217024835891565,0.10379815888707575,-0.1791799089744692,0.3088868732800224,0.1747300548004626,0.01388903054691681,-0.150412725714741,0.1899339954463433,0.14796991075329116,0.035402826202394475,0.36243813548508247,0.535153273137758,-0.22997592817185192,-0.18248816982570365,-0.31991549628245536,-0.13883313795414354,-0.03874154917710239,0.019015389191740957,-0.23508800304850777,0.12444903035147135,0.11469300690934855
0.09255789917831367,0.25115685646491376,0.2095568110206499,0.17588406724660427,0.13760247164801426,0.2291145277236182,0.18513288123620975,0.2007532406161488,0.19361851457734705,0.2679215627983011,0.23737796712724205,0.3142273723410607,0.19870620286704702,0.19585146901342743,0.21835794466904304,0.25530222216353005,0.30597922338765765,0.13759958907766323,0.1468817664107859,0.4010929757403476,0.22354035721691728,0.2062894803193852,0.18816853266321276,0.15358603288682693,0.2795481867920305,0.24506672821152306,0.7743049005635806,0.2817229913643531,0.286861312053165,0.05152908665634652,0.17408036050377879,0.2758776170424936,0.16839692113769536,0.28376577039895157,0.14092693654856,0.471039861045892,0.33354731013356326,0.22909473953724152,0.2539361792238635,0.20266119347814082,0.23063699160942544,0.24119417990658729,0.4115034664808728,0.04311138698153557,0.0862669184421167,0.6387325809528651,0.10742308987927959,0.022194766661966354,0.467126801177114,-0.18078127841015743,-0.11927667180086225,0.03906320919978108,-0.034645026304782604,0.1926178382879023,-0.07582058822880948,0.06924421766921597,0.0428551173763751,0.17054600099027978,-0.26127852314522937
0.05967279108265124,0.13087941019952964,0.1861366352419438,0.056609800919503225,0.007121508864971113,0.11959882992190221,0.07867316798901587,-0.06760750198446398,0.2166434302622404,0.12255542469701396,0.19906226102192884,0.12315606585005465,0.14244506644607627,0.09510048711817544,0.14794828268154891,0.20160031543158072,0.6040565338190218,0.032740195753454694,0.22636222219616378,0.22427992412548015,0.17892595828556976,0.1378626962205835,-0.43385108528837985,0.19435532374366463,0.11481339496617467,0.17310148527574953,0.2817229913643531,2.182327452009551,-0.024162768426112518,-0.437299569626147,0.4852523322161912,0.23243074324777038,0.33959271817008607,0.05681509789374676,0.259325387434585,0.6185081439373583,0.1839998007787555,0.14982018950606682,0.051125366096956046,0.03248192798091121,0.10297418252058409,0.15155727807828542,0.252462369593878,0.16081735074562362,0.05187567018361147,-0.20630535577766743,-0.18835804337885753,0.05623991539799954,-0.24940743997853393,-0.10122543712006228,-0.11459033229981451,1.116948755736136,-0.9851350179436131,-0.001998103133157597,0.2781264964251297,0.07912454096219171,0.09057847501902372,-0.21619722227087582,0.17947276797711378
0.11246107967618121,0.487482291734098,0.37271633343905397,0.2754032566281123,0.2500601911796015,0.41282114524653435,0.20180153491363284,0.38078133709228873,0.15846744943095215,0.4025539263532322,0.34293594315450154,0.23541850656971092,0.37003785864831223,0.27550004563540864,0.34727868287997404,0.336986700661135,0.28097842278032925,0.39273960776133376,0.2000298526731114,0.5481033310468489,0.19518527737687386,0.33042987198653206,0.5585800447595238,0.18910123057729927,0.6920428904730053,0.02285765405220092,0.286861312053165,-0.024162768426112518,2.5951464865644085,0.2206135692498762,-0.13347977427416824,0.2935415992559859,-0.3045104525830299,0.6101170621224739,-0.39662921693299885,0.3344275946693505,0.2509856547240504,0.14226347804683934,0.38396232506182054,0.06963172594644246,0.29863334661003177,0.21110504090060442,0.1824482004505597,0.07612322414676109,-0.10897613936579888,0.43325123114798325,0.29357161601207454,-0.12125061023529182,0.6974200408270906,0.26089795232606433,-0.5462204624429693,-9.002008312431309e-5,-0.2469733031357602,0.2814469616113187,-0.11997889879321372,-0.10936143199067724,-0.03742928732636236,0.20043817725643404,-0.06589509370731257
0.08923864868225057,0.2831208743097544,0.242804944855673,0.1329126777119287,0.1979855112308457,0.28241681532220697,0.013811265368666028,0.47369111601953623,0.06735280812122987,0.11164438407884712,0.05008396250844148,-0.031471651670516104,0.036166373674116264,0.1968086745251887,0.21134098768250087,0.044191240997469634,-0.06703784453553026,-0.00883669448305976,-0.031912137584484045,0.6809461175630552,0.2318958575550052,-0.062407137139892904,0.35029631076614676,0.13174222735217023,-0.032868635994930916,-0.12720814054577045,0.05152908665634652,-0.437299569626147,0.2206135692498762,5.290539860592757,-0.5984841588856777,-0.0830632505396901,0.9445920374829008,0.06045057149076861,0.3748964894644184,0.6938046023418257,1.4771155614508817,0.39375216305117816,1.2735182777254763,0.810625142472585,0.6333836557032037,0.26238187476220554,0.5219802549831603,0.1677078186838389,0.39853821016453633,0.7283668584640043,2.6330703448255366,0.05688973539476746,2.4979589514339673,0.2908865300637449,-0.42717490399227104,-1.9344295845137323,1.725458939656694,-0.025427871470644573,0.017506271884039422,-0.3241810496601956,-0.254824437148141,-0.09183112732134129,0.5678401645708854
0.11588762759369936,0.20485907327587086,0.2897103636476739,0.19972776744711393,0.17090846430657844,0.2211036266799036,0.19128960068260417,0.15973748661705098,0.2782954997973713,0.20140198652412084,0.2105448787163561,0.19115183713704356,0.10357063029473874,0.1344962815831786,0.21083312534063126,0.18393368228482132,0.3069621989962687,0.3692109716983038,0.3090717912308053,0.18887706051222114,0.2756256619892986,0.18789039665580662,-0.2592023764924678,0.5894578520862472,0.5120280529839606,0.4726342905502241,0.17408036050377879,0.4852523322161912,-0.13347977427416824,-0.5984841588856777,2.4571070739391416,0.23235042712862755,-0.05948511146199957,0.028013845896045553,0.027587298259769074,0.3376366159044342,-0.6354576494619554,0.2583904830444831,-0.3622000738188871,0.07640572147354797,-0.13074306151421658,0.22513952645864446,-0.040630960618431175,0.07185458404419205,0.2941115879221965,-0.17685280660314595,-0.1412491732661006,0.058868229191835576,-0.8799266357311822,-0.26956587162163353,0.3164000100658711,0.4576693436550318,-0.34714635801966925,-0.18747562465128276,0.02168180253339835,0.15352987071478674,0.02699468779450912,-0.050122051065354035,-0.18863104408569065
0.10666924176820444,0.13719349284400026,0.18383060979644086,0.2234971126831888,0.24813530170058148,0.3089844964332721,0.1672115704427958,0.22732777156578327,0.24900362910800775,0.22373972832459946,0.23132472358635922,0.285383278411502,0.19281684429586118,0.3113165999437752,0.1938605681664471,0.2857247273010913,0.23182822558960614,0.24078620141946758,0.27854619797382,0.2721171783243593,0.220419714339269,0.3126948865699251,0.20472989774020486,0.1675438464021045,0.2783848377691458,0.46288035659772175,0.2758776170424936,0.23243074324777038,0.2935415992559859,-0.0830632505396901,0.23235042712862755,0.6352238356163217,0.06792424037789056,0.3296711174159413,-0.10832356326367475,0.45665753454210817,0.04194649348568936,0.19747624445046863,0.0800567054631376,0.08389596994223303,0.14846988490316554,0.21425466296028806,0.16111493022441564,0.04004991089532773,-0.03988669327622784,0.4008542652857806,0.08047871570608876,-0.003354936080093886,0.3577075433463684,0.004556813045487152,-0.03974186621264326,0.18335236321137394,-0.30844700060445396,0.0868563762125295,-0.16673473680086476,0.0008771653077050816,0.29286020761376713,0.1424173669492481,-0.3424506708962523
0.10617301134465842,0.20976100508609066,0.2552283821089114,0.15755325251902824,0.20089141749463482,0.2394480933563146,0.0809385940567546,0.22716002732559268,0.23287035251666155,0.08361395026217189,0.14351379992738467,0.09146145162441206,0.09529489136167327,0.15211047443434175,0.12129381762047303,0.10450699412484508,0.2513944855672449,0.08116309581346431,0.14394322842220467,0.19300385131756367,0.41033064391067425,0.13229989517454033,0.12955803486281373,0.14960608594782485,-0.03216414708603146,0.03650345585219504,0.16839692113769536,0.33959271817008607,-0.3045104525830299,0.9445920374829008,-0.05948511146199957,0.06792424037789056,1.8846919114646887,-0.13357098402634926,0.5232844325748267,0.5776449909466017,1.1861044679111281,0.2610526980441194,0.5793897535132365,0.1175678440313411,0.37437899972775873,0.3991638458147766,0.3269007287886112,-0.00017067010115715017,-0.201102758207927,0.540429862121214,0.545506058930507,0.012011925417796492,1.0405976299823234,0.7325296451765342,-0.44067612321666105,-0.24393351692024604,0.3445122301986158,-0.2722428027687351,0.19187569336296384,-0.1703423530763673,-0.22357126509352726,-0.19946097982860556,0.5627979173840202
-0.06657730468184991,0.27578191765824983,0.14256769234772132,0.45800152421886947,0.5341506218436438,0.4435776574762066,0.33586689534739483,0.46226114400671986,0.18596027645202662,0.438148526013103,0.3047663123239945,0.37758031215404325,0.17099966084421384,0.28748310621830486,0.38911119664560445,0.3185361515058408,0.28916056247138006,0.35932394448841765,0.32353714820033086,0.5695131867791396,0.21448484020010994,0.3407040393396125,0.490880878768385,0.011228824513348123,0.5344005454509327,0.5782535752112148,0.28376577039895157,0.05681509789374676,0.6101170621224739,0.06045057149076861,0.028013845896045553,0.3296711174159413,-0.13357098402634926,2.2835398363388077,-0.37632739659680037,0.3931190967164598,1.2036456554935275,0.23356253904493665,0.06753612413923993,-0.26185145185129893,0.0638098107329137,0.2680149756847204,0.3169197297520954,0.19781419386673552,-0.42378402872178483,0.08684621439583466,0.2328303560181635,0.06456781923137056,0.37935145224754013,0.115794375089238,-0.3839157049311474,-0.1125816699094018,0.14700963137897008,-0.09026111422103375,-0.11699829948851707,0.0057014627623454585,-0.12913070078233319,0.16814217727950534,-0.08031573521564812
