0.7375458346224123,0.4211202059844612,0.6357469705659321,0.12424238510331319,0.2039261095877321,0.1937080290165645,0.215248881115228,0.17147639691215338,0.16272770274419218,0.1705534980928153,0.16955431244419492,0.1851427606929966,0.17879316487194716,0.183733501476571,0.14170857650170046,0.1592674308005028,0.15555780977286876,0.18074719441244647,0.15377166548811536,0.1697892721153589,0.15865588318933516,0.16991370280530985,0.13495429582875995,0.12365121779244592,0.16637822891750118,0.13723013373412515,0.16671212285466966,0.12836423549382708,0.18658571258888917,0.11831704521119746,0.14592455211453909,0.1676186978832337,0.12268751868814184,0.09166352378962393,0.13354260603762408,0.13524301887154108,0.21431903911645642,0.11933598376975352,0.1621780491553434,0.09380444042187734,0.16717043701951653,0.15280313164366655,0.1815006243882375,0.15148550376378203,0.11534130641093258,0.12535470875503382,0.14320610491172223,0.0007750331093129611,0.13124166331320433
0.4211202059844612,8.52498961561559,0.7698079298701028,0.0768300429219728,0.010379896581483817,0.20701478067089424,0.22343517808248567,0.05901828271782537,0.12647674575433737,0.2558921358761569,0.21974425375813747,0.335178683485049,0.2266958653824734,0.14023343971146346,0.2076536160385584,0.17410563869185677,0.28687716407113295,0.7259353682624792,0.20901444893551283,0.3098370815082597,0.35539823351405575,0.16377410539926116,-0.12415525857933404,0.030346584332783748,0.38825660014168273,0.09969686689107402,0.6844212690095793,0.32626481532941004,0.8032471174941138,0.16835653351597504,0.4738981392966576,0.13582287049335298,0.2726401752300126,0.12478885872009139,0.3111345401841253,0.2634921843054224,1.2151267145027063,0.18187422934514982,-0.014445547991270926,-0.03984192340173605,0.3320780755097178,0.3304550042814051,0.5421075024357848,-0.07338406854884011,0.7098257617992215,0.35462458904546773,0.3978264535084387,-0.017760355516958367,0.15696242291920745
0.6357469705659321,0.7698079298701028,6.20456901669718,0.4763165804523339,0.7943147069304253,0.9003426383912612,0.4265413622855526,1.4607238899299149,0.6723290349872237,1.0755968372389149,0.8667661194422834,0.7978647154905933,0.9837527339816592,0.5973585000019982,0.5955836410321471,0.6718773199751756,0.7003772470779889,0.8029304846151469,1.3078348053523314,0.661907413882547,0.7389164781638357,0.7265707926073941,0.5558921227104499,0.5369336602221705,0.6575198960132437,0.621268597987896,0.7104098790334686,0.5553981461491245,0.9189659707322904,0.38455688656787035,0.6475877897848599,0.5664939594278326,0.3392796604138952,0.9488114258463515,0.8415802089262058,0.6531955428054513,0.7321094030863345,0.4184302889572273,1.2586735253172459,0.5628473023625519,0.7503010988749509,0.6774596436866311,0.8122453339389423,0.6598622845149347,0.4978057055206407,0.5846585331314214,0.7562282297710334,-0.011770218717392512,0.33577852320286916
0.12424238510331319,0.0768300429219728,0.4763165804523339,1.0490831918061847,0.7455939880479586,0.4369919189695974,0.34962640624639096,0.28337261856894663,0.21771321954859596,0.2942207465191756,0.29718581458518156,0.36224867583397874,0.31242290446055004,0.3219072545378234,0.20457119639990207,0.35592806122744797,0.24195848431376593,0.22970705251138626,0.21677149355990932,0.25512089529197873,0.23721001456203072,0.29200354495474407,0.18534854594517997,0.21549045429493668,0.1656424549769212,0.24038368856061176,0.26240191432856375,0.1277640429936784,0.2698094553460456,0.08028210399026563,0.2299363123539121,0.324518065477237,0.17029316772013406,0.31557784740161476,-0.038082226911927516,0.3149911777031621,0.27725349435397045,0.1727351378917998,0.22291495595647284,0.17767150754637623,0.13931011780865235,0.24855281284631903,0.1988103525604174,0.17290649008038134,0.1195049947400996,0.19140459151018427,0.2229852194696477,0.0031612763390140956,0.21273460888787565
0.2039261095877321,0.010379896581483817,0.7943147069304253,0.7455939880479586,1.754109106340566,0.5089715755347576,0.36991750726380873,0.3519403009975928,0.1858922307190727,0.3636404827236276,0.37290536682411723,0.4694931000038584,0.41377406543178896,0.3320127184727398,0.24573642776955196,0.4541613452774573,0.2633790917246791,0.27994433204214375,0.3226487379906755,0.2815870346522945,0.27208895365784763,0.322774962938486,0.23527078035622725,0.2586267137012553,0.1618447658616879,0.2941930996750693,0.3120677503545498,0.11825824992141241,0.27532457600645843,0.08082778479263956,0.27837385979327384,0.3423802859073904,0.2316947718174302,0.34444746417509164,-0.13378658685142952,0.40451953752262565,0.32732647510261914,0.1851786370494879,0.29751583610862736,0.2292180764343934,0.1263568887213655,0.29109687579968296,0.15460548165468488,0.18626142019720954,0.07132228810770487,0.22917257018626802,0.2640369168148972,0.014293422416522846,0.24560024009848852
0.1937080290165645,0.20701478067089424,0.9003426383912612,0.4369919189695974,0.5089715755347576,1.0810378156400753,0.2717203691879017,0.1962525052256783,0.23447034660092136,0.2924073017047342,0.3608624340519703,0.3188883510881114,0.3224609392271942,0.32120385550478164,0.20938731501149416,0.31709432658946357,0.29007262431792746,0.2584600381315923,0.3443429173815063,0.511816312227075,0.3190045964523564,0.30448186612326106,0.24981353398115994,0.2818611207370739,0.3448357891569994,0.26056494792727175,0.29823723549430536,0.18483392089115605,0.48335792642227043,0.14909382975445715,0.265724036353422,0.3318528070515903,0.10434682939276177,0.44753188375309355,0.09946625281044853,0.3393579991016793,0.3932064636047755,0.30932527357791373,0.379506767621063,0.2970254511715222,0.1640858271205962,0.30279073156204867,0.4011934916169444,0.2997964884770668,0.33758418941369883,0.23388462224097462,0.39448387341812163,0.019023744932044746,0.10422815047733226
0.215248881115228,0.22343517808248567,0.4265413622855526,0.34962640624639096,0.36991750726380873,0.2717203691879017,0.6040104410614526,0.0957547293772646,0.30562531962454526,0.20441994478571032,0.27940393796122476,0.34778907451528723,0.2714849622154879,0.16793602250940642,0.17578714463103418,0.25482504615612,0.2639147535175137,0.18348361146940245,0.18506205096803383,0.21038047147400848,0.2299167819544646,0.2908574335857706,0.12186578654127968,0.18637292020430743,0.164579611223235,0.1809577327728483,0.22654005038724032,0.18615150881679288,0.23287003257953856,0.09588885716697242,0.21547225615205118,0.19387713178369556,0.1793021499408959,0.22731541701943409,0.10506617784768396,0.2542187610403832,0.24851270309912943,0.1523576445221719,0.14801778348330677,0.13326867954449448,0.1287702696836271,0.2416271904882423,0.1955913931333172,0.16266918792295482,0.14628023900683795,0.1685267156665541,0.058823956223629265,0.003537781743119957,0.27030778638787245
0.17147639691215338,0.05901828271782537,1.4607238899299149,0.28337261856894663,0.3519403009975928,0.1962525052256783,0.0957547293772646,1.3518194771123153,0.15754849757509207,0.4330168862848665,0.37509113290832885,0.2157084764181526,0.5532934311867752,0.328177543415789,0.20158897586788943,0.32872356164813776,0.2939629707006963,0.3503272640573709,0.5393421293750628,0.34014998626181386,0.3294702788774534,0.2673220236907956,0.22269626540032142,0.20079409154635322,0.2931488330396683,0.35221066693681524,0.3093542894296589,0.21592285387648863,0.39774999290668744,0.13640549685808762,0.2799614833625449,0.2941204009265513,0.034055811016938074,0.47183707827369076,0.5414349762551545,0.2069501854512923,0.26486739060251197,0.17152883671607175,0.8465758636615089,0.28147539883174305,0.4391103799082417,0.28564562170285324,0.3622315845573782,0.29889318518689,0.21319304698912717,0.2446290144882981,0.3792957753416303,-0.0053850561685694605,0.1869461997081757
0.16272770274419218,0.12647674575433737,0.6723290349872237,0.21771321954859596,0.1858922307190727,0.23447034660092136,0.30562531962454526,0.15754849757509207,1.0752291067472795,0.09588857154834406,0.22806871104415297,0.23879787684610407,0.3510281019685168,0.18034904252210937,0.3278101313699787,0.17146350266181298,0.29497872967845773,0.15870515530729143,0.5265092474737143,0.22693039725384764,0.2722712572741841,0.5842254692335717,0.06879431305295076,0.2286542923720884,0.15233960521026407,0.27034923387233,0.22999079319075633,0.2602830294990783,0.24364925536024917,0.14888308458878044,0.28594699542034807,0.21063178102061922,0.2303383017001711,0.31548850648217625,0.2339108656390773,0.2301574907831897,0.30557065054529836,0.180247404464658,0.3045269368077084,0.1461565077529263,0.19861005645491991,0.2676764744178689,0.22531517694070147,0.21628018544745592,0.12947301909733241,0.19444999180555478,0.06282246431667673,-0.03143689340460021,0.634947869630338
0.1705534980928153,0.2558921358761569,1.0755968372389149,0.2942207465191756,0.3636404827236276,0.2924073017047342,0.20441994478571032,0.4330168862848665,0.09588857154834406,0.8394073153033759,0.28574079697770316,0.2601226523846255,0.30932073360936974,0.246876599756375,0.21498580357653307,0.32303523960060254,0.26671134952346776,0.37647236649193294,0.2584962098685652,0.1731207562239334,0.24006259792153148,0.23952651125342928,0.27491286497415357,0.21260566799600664,0.25580292770312935,0.1976357234582993,0.26551387453944697,0.20898838950984316,0.33615598155326776,0.24740500385260963,0.2576183669450572,0.2388141287605269,0.13847791952047625,0.34918154237315785,0.28357288972384637,0.28569146794454225,0.28385939672609634,0.12250979123505909,0.3634273034305755,0.17199468704672788,0.30601031367811476,0.24412967244151176,0.2651027281455364,0.2504229255007783,0.10329266167109484,0.2116192896805449,0.39338751427642826,-0.005125940869928607,0.09171830462963203
0.16955431244419492,0.21974425375813747,0.8667661194422834,0.29718581458518156,0.37290536682411723,0.3608624340519703,0.27940393796122476,0.37509113290832885,0.22806871104415297,0.28574079697770316,0.6054443633233353,0.3896445458080317,0.38547937275880745,0.23944888059151925,0.2960451154385545,0.29724502821683596,0.3292455530928063,0.29228112470138023,0.20125164096634207,0.35428161090301064,0.2851857233403189,0.2714234429757493,0.19796592423020806,0.23050233298896874,0.22054581612300334,0.2746379882335994,0.27810092353447824,0.25640499249708193,0.3427422165874871,0.11830025456632719,0.2854465412064095,0.24271597796217384,0.1339673897388193,0.3399411833218975,0.34380307089882794,0.2686700888336514,0.28766075999241025,0.20827033868861825,0.37040124374954164,0.18386396122100196,0.27439055223641257,0.29077014799776846,0.3042684826206897,0.2451528038877356,0.17006117796254575,0.22910544748918943,0.25796809948033084,0.0028214570804746277,0.13223053648233024
0.1851427606929966,0.335178683485049,0.7978647154905933,0.36224867583397874,0.4694931000038584,0.3188883510881114,0.34778907451528723,0.2157084764181526,0.23879787684610407,0.2601226523846255,0.3896445458080317,0.7841231362141153,0.3384508565724405,0.24675356175679808,0.28150796486902513,0.3463865319948488,0.3169011947132228,0.2567593426019336,0.2731830578938897,0.24421415187754555,0.25444787913112593,0.29055542510568694,0.1710606230421481,0.20276992006104066,0.1807150516604847,0.2542011499989165,0.32110929010438566,0.2195351879046934,0.2739965567619568,0.042318986216190284,0.2426111605546514,0.25531197613481316,0.16612943844132935,0.28961198948961175,0.2577820736851934,0.289074962653018,0.256715624554739,0.1718529215275956,0.16340746021132063,0.15534247312758714,0.20256605191646423,0.2854363706017528,0.26746071737395094,0.18858383611113935,0.13739294422107878,0.20123602148103506,0.1680863140368738,0.012343525304016131,0.23024363770628922
0.17879316487194716,0.2266958653824734,0.9837527339816592,0.31242290446055004,0.41377406543178896,0.3224609392271942,0.2714849622154879,0.5532934311867752,0.3510281019685168,0.30932073360936974,0.38547937275880745,0.3384508565724405,0.9311689442720262,0.2687074186618687,0.17520933281411671,0.352511407026196,0.3458689289960036,0.27219203504205663,0.6144397995544589,0.3319636430515822,0.3607206686205766,0.3743555169476166,0.16292136711423344,0.23587656241645813,0.29774692860804014,0.3676114850921239,0.35931411040370853,0.29192428300451495,0.41843985747049917,0.08989511252305474,0.29821739662297875,0.255946181928934,0.13009186626733626,0.41455364581434,0.44711557363042925,0.27358459908909444,0.2456377052100172,0.1809984866142231,0.7305309004055639,0.26389698506507936,0.37050972220200934,0.314077448356099,0.32994554174977225,0.3441500182899504,0.13186654854935348,0.2959051336544435,0.1872849904292576,-0.013019354875993481,0.28614005324808006
0.183733501476571,0.14023343971146346,0.5973585000019982,0.3219072545378234,0.3320127184727398,0.32120385550478164,0.16793602250940642,0.328177543415789,0.18034904252210937,0.246876599756375,0.23944888059151925,0.24675356175679808,0.2687074186618687,0.5453085186740391,0.24233177915531917,0.3095804400659771,0.22239324540759017,0.18652921216697857,0.25007984236085434,0.2894811648192628,0.2008194151583498,0.2536065026031199,0.12616460501538787,0.19131773736671226,0.2082821027547048,0.24977574799787852,0.24968329400799308,0.16859561345791949,0.2806107495689635,0.12085580932635889,0.21643499480383105,0.4730837090821972,0.08969400742406673,0.3201873910024599,0.21368210733580273,0.18815987147611105,0.27187710775716756,0.19133386335858735,0.22494994814058936,0.11741609426709014,0.25636923781894916,0.22197499627409575,0.2559568897280763,0.17210876035877642,0.1145953165749232,0.17118876636002273,0.23851142367872777,0.008363814715078558,0.40408824570665813
0.14170857650170046,0.2076536160385584,0.5955836410321471,0.20457119639990207,0.24573642776955196,0.20938731501149416,0.17578714463103418,0.20158897586788943,0.3278101313699787,0.21498580357653307,0.2960451154385545,0.28150796486902513,0.17520933281411671,0.24233177915531917,0.8808587671751279,0.23350994187246696,0.29853157440268635,0.24635490795212017,0.26148201821725137,0.2730035241458161,0.22091239537345386,0.2706885680686985,0.08272721987452392,0.17621269681416893,0.16387229600942,0.20068331698878966,0.18563579790160645,0.2630904011432845,0.250988804381713,0.13932118602631086,0.2694599383415792,0.22447628392097296,0.14406371455457231,0.2791338130295038,0.28658528526905,0.1927477036819415,0.3240581526798726,0.17934830587889575,0.26153884781374226,0.12473116148984074,0.2575552327239166,0.24965175521539143,0.24462551326896761,0.1699116173170542,0.17340879144462795,0.19366306823820126,0.19372749869992986,0.00037751898244754137,0.2554387740631825
0.1592674308005028,0.17410563869185677,0.6718773199751756,0.35592806122744797,0.4541613452774573,0.31709432658946357,0.25482504615612,0.32872356164813776,0.17146350266181298,0.32303523960060254,0.29724502821683596,0.3463865319948488,0.352511407026196,0.3095804400659771,0.23350994187246696,0.7817191996367236,0.3381705919110151,0.2956599608850467,0.2607114906034022,0.16890661477993224,0.2551223466185451,0.45581095433682517,0.24332763435345645,0.21900935158915755,0.15233054745327362,0.2693338159766629,0.30450144176910554,0.2596579091404998,0.30014654987394973,0.04932747562027079,0.25605805939274634,0.2996190663719872,0.10531823742028489,0.3424173338353683,0.38321188950680873,0.2553419334714408,0.2517706699352218,0.15350666435514304,0.33104623484110773,0.17207964887221994,0.31227631744247647,0.29516998320635524,0.31335837962720353,0.3201145625473777,0.13157798400401474,0.2124149525592735,0.24605252824197513,-0.03919833538089947,0.26951427160151065
0.15555780977286876,0.28687716407113295,0.7003772470779889,0.24195848431376593,0.2633790917246791,0.29007262431792746,0.2639147535175137,0.2939629707006963,0.29497872967845773,0.26671134952346776,0.3292455530928063,0.3169011947132228,0.3458689289960036,0.22239324540759017,0.29853157440268635,0.3381705919110151,0.6404153849149378,0.24624107211395319,0.266217505017357,0.3489510733853181,0.2987647199914982,0.3461549450302666,0.08389572606608507,0.218896746014641,0.29058528764958885,0.2539511465797543,0.284264043322965,0.4925804380619743,0.3085866344837541,0.15208089804450403,0.32698827796511554,0.2089028387780122,0.2523110796156078,0.29826046436007114,0.48487338776112027,0.23411684614176173,0.445727474316365,0.2454049341061376,0.20081541286244614,0.16695694116283613,0.3303182132699908,0.3985841631853874,0.42085596970546063,0.2846222646691136,0.29703559207817143,0.2340845467711032,0.26162258885162964,0.005192384807781701,0.17064740779961685
0.18074719441244647,0.7259353682624792,0.8029304846151469,0.22970705251138626,0.27994433204214375,0.2584600381315923,0.18348361146940245,0.3503272640573709,0.15870515530729143,0.37647236649193294,0.29228112470138023,0.2567593426019336,0.27219203504205663,0.18652921216697857,0.24635490795212017,0.2956599608850467,0.24624107211395319,0.8956046570492101,0.07701721837691688,0.11341092655807582,0.2757800737511842,0.25187583248167733,0.5452842059075081,0.17083774332994495,0.21552199908710665,0.4062052795517742,0.141310572562835,0.19924498704799007,0.32466418930492186,-0.022729148172272205,0.35419443482802027,0.15256086973841423,0.12746491625725162,0.32547871537615747,0.29326150606466167,0.23764888961078914,0.3606264082506754,0.11571952687126574,0.32215103547199714,0.14641033716408963,0.32693349778395103,0.24156897091368146,0.37067994730842935,0.38955868752125555,0.2814720369998071,0.19114552066018833,0.42795017142758834,-0.0074995544815133755,-0.035629589389759776
0.15377166548811536,0.20901444893551283,1.3078348053523314,0.21677149355990932,0.3226487379906755,0.3443429173815063,0.18506205096803383,0.5393421293750628,0.5265092474737143,0.2584962098685652,0.20125164096634207,0.2731830578938897,0.6144397995544589,0.25007984236085434,0.26148201821725137,0.2607114906034022,0.266217505017357,0.07701721837691688,2.1745530791061602,0.21987866650661828,0.3912352818887773,0.4367160867127782,-0.16193931775042422,0.20211550897282024,0.40404665777050486,0.13639155400612651,0.3066547474716873,0.2624985533625136,0.4439967172955361,0.20695311086606338,0.31286696183458307,0.1914612594951453,0.26079753445479514,0.3300206984834087,0.25349037865303875,0.31788414452910674,0.2968612373288154,0.17405329554895624,0.9277296199181837,0.38167691624778705,0.25978544973277456,0.2979539630520116,0.2576560584795426,0.1707388457292696,0.31076600791367814,0.3698210237412873,-0.03809693222453447,-0.012745094814867563,0.06597885083374835
0.1697892721153589,0.3098370815082597,0.661907413882547,0.25512089529197873,0.2815870346522945,0.511816312227075,0.21038047147400848,0.34014998626181386,0.22693039725384764,0.1731207562239334,0.35428161090301064,0.24421415187754555,0.3319636430515822,0.2894811648192628,0.2730035241458161,0.16890661477993224,0.3489510733853181,0.11341092655807582,0.21987866650661828,1.5168503594751146,0.25648412028087253,0.1686465313815569,0.01779018808095431,0.20368410254460959,0.3541407286163167,0.40013495401471316,0.33924254560554756,0.2748183747385205,0.5059394509467681,0.0847600997516894,0.30988591445925656,0.30012048029166727,-0.01078174718308594,0.47215704501285727,0.44692998273411555,0.03305861843234663,0.672114683974064,0.6978017060869213,0.6816236099384857,0.34375050733750195,0.3097686600083294,0.33422274442775185,0.7152756180964688,0.13930818593366365,0.7258491514023991,0.2677713301677885,0.008900631149580228,0.09880196042751438,0.6838959131541972
0.15865588318933516,0.35539823351405575,0.7389164781638357,0.23721001456203072,0.27208895365784763,0.3190045964523564,0.2299167819544646,0.3294702788774534,0.2722712572741841,0.24006259792153148,0.2851857233403189,0.25444787913112593,0.3607206686205766,0.2008194151583498,0.22091239537345386,0.2551223466185451,0.2987647199914982,0.2757800737511842,0.3912352818887773,0.25648412028087253,0.5504841589973741,0.2696869617363031,0.20377285552196742,0.19749333236988287,0.32094244891284884,0.16487502523182346,0.2444775609458436,0.2316581949647666,0.42882095696365097,0.1737500180376404,0.30362354641741657,0.19206519942077924,0.18099145410274453,0.3103930614029326,0.31271085415077854,0.32945590885985865,0.3888431047368173,0.2186840489544966,0.44856386687286826,0.30183030038738257,0.342316487671282,0.3932980575126903,0.42328576512965077,0.3031994582574907,0.4976558647932494,0.25124015390974125,0.25222605030694395,0.006492183038190929,-0.023488395699025125
0.16991370280530985,0.16377410539926116,0.7265707926073941,0.29200354495474407,0.322774962938486,0.30448186612326106,0.2908574335857706,0.2673220236907956,0.5842254692335717,0.23952651125342928,0.2714234429757493,0.29055542510568694,0.3743555169476166,0.2536065026031199,0.2706885680686985,0.45581095433682517,0.3461549450302666,0.25187583248167733,0.4367160867127782,0.1686465313815569,0.2696869617363031,0.7657995540667897,0.18321168024496046,0.2274076262253671,0.17096209713628588,0.27801969835856033,0.27038192308443365,0.2794422330782168,0.2964010782478632,0.08440198222122058,0.2777182135741076,0.27219966644544136,0.17796505547286423,0.360522585744432,0.33221144118711077,0.24498556359606138,0.2774392901490982,0.17407654162327413,0.36814723628691887,0.17631745807547056,0.2812361966111436,0.2936542892459342,0.2601077273103764,0.3237887679198179,0.07894025468848508,0.2264726749407598,0.16178169065661183,-0.08399264281984427,0.6162429006711307
0.13495429582875995,-0.12415525857933404,0.5558921227104499,0.18534854594517997,0.23527078035622725,0.24981353398115994,0.12186578654127968,0.22269626540032142,0.06879431305295076,0.27491286497415357,0.19796592423020806,0.1710606230421481,0.16292136711423344,0.12616460501538787,0.08272721987452392,0.24332763435345645,0.08389572606608507,0.5452842059075081,-0.16193931775042422,0.01779018808095431,0.20377285552196742,0.18321168024496046,1.4975065129111793,0.27659062807984025,0.43007609467037045,0.11214864895192156,0.11362576813085831,-0.05863594401974476,0.4438434606575684,0.1865247026313024,-0.11451557149141137,0.11420878395160824,0.0905954925170341,0.3467870183027569,0.04273046439265499,0.3222048704581066,0.05025518156984852,0.03148072208093208,0.3853277054776242,0.16751999556786812,0.29648382883682334,0.1365244897957708,0.26304665920693926,0.5963442838051293,-0.14658195359999274,0.20259414395825512,0.424107879575333,0.02624462937981262,0.12056306002330162
0.12365121779244592,0.030346584332783748,0.5369336602221705,0.21549045429493668,0.2586267137012553,0.2818611207370739,0.18637292020430743,0.20079409154635322,0.2286542923720884,0.21260566799600664,0.23050233298896874,0.20276992006104066,0.23587656241645813,0.19131773736671226,0.17621269681416893,0.21900935158915755,0.218896746014641,0.17083774332994495,0.20211550897282024,0.20368410254460959,0.19749333236988287,0.2274076262253671,0.27659062807984025,0.41134720223110055,0.22015750349314933,0.11036315003058988,0.20273375736092436,0.19028154005068798,0.2707957087069189,0.3791675223834878,0.22097239630458065,0.21309978236340796,0.2675460911321586,0.23158603788788942,0.16108508432776275,0.3151092170694843,0.2377515610761289,0.13706392469338394,0.1733251542843537,0.09021579123931474,0.15254233793044564,0.20413561239863123,0.1933914521468994,0.19084328213019475,0.007383450875787363,0.1672291498293835,0.3081958322241287,0.009575968845600944,0.11516511139657604
0.16637822891750118,0.38825660014168273,0.6575198960132437,0.1656424549769212,0.1618447658616879,0.3448357891569994,0.164579611223235,0.2931488330396683,0.15233960521026407,0.25580292770312935,0.22054581612300334,0.1807150516604847,0.29774692860804014,0.2082821027547048,0.16387229600942,0.15233054745327362,0.29058528764958885,0.21552199908710665,0.40404665777050486,0.3541407286163167,0.32094244891284884,0.17096209713628588,0.43007609467037045,0.22015750349314933,2.100387213701812,-0.11904866412646768,0.2001912441514453,0.1914737960709351,1.0187093336630675,0.6924481780245585,0.024110521557896766,0.209104464839806,0.004282610322698668,0.6456307454919837,0.5007939593821478,0.14333055602167713,0.6096661598168103,0.22717196816460677,0.9152061811087694,0.30674810635825417,0.4385022836373242,0.2941319913516131,0.535054135968677,0.41261201625533317,0.33504744452832863,0.46102612775270707,0.4642063202211757,-0.03875898536433998,0.3219049385971974
0.13723013373412515,0.09969686689107402,0.621268597987896,0.24038368856061176,0.2941930996750693,0.26056494792727175,0.1809577327728483,0.35221066693681524,0.27034923387233,0.1976357234582993,0.2746379882335994,0.2542011499989165,0.3676114850921239,0.24977574799787852,0.20068331698878966,0.2693338159766629,0.2539511465797543,0.4062052795517742,0.13639155400612651,0.40013495401471316,0.16487502523182346,0.27801969835856033,0.11214864895192156,0.11036315003058988,-0.11904866412646768,1.7501787733466883,0.2886661949458386,0.2623871932051162,-0.10266456154353103,-0.7573842113573496,0.289501520058551,0.23991223073262247,-0.05560900302017454,0.3270506221168287,0.4757321039916227,-0.07639284918047046,-0.061924557763003,0.24108672995585242,0.27675341133295484,0.2983558227579584,0.2969688135156306,0.2439203002902619,0.3717486543213283,0.28958519790362586,0.634413536859752,0.06583663891177999,-0.2445991394006088,0.019115442654485955,0.12296862081500887
0.16671212285466966,0.6844212690095793,0.7104098790334686,0.26240191432856375,0.3120677503545498,0.29823723549430536,0.22654005038724032,0.3093542894296589,0.22999079319075633,0.26551387453944697,0.27810092353447824,0.32110929010438566,0.35931411040370853,0.24968329400799308,0.18563579790160645,0.30450144176910554,0.284264043322965,0.141310572562835,0.3066547474716873,0.33924254560554756,0.2444775609458436,0.27038192308443365,0.11362576813085831,0.20273375736092436,0.2001912441514453,0.2886661949458386,0.9380094317972797,0.26243343967835475,0.2911543783810811,0.16145716165028492,0.24000862474282583,0.28927699438386495,0.21327281392916508,0.2976509527969165,0.304809906116847,0.46449650045494123,0.3015643943079467,0.20352846845558065,0.24110065463235225,0.16299507908043262,0.2775656836493216,0.29123647735140823,0.42024479775143586,0.03218639280166676,0.16175215781327093,0.2900636706102941,0.18006706130460623,-0.002798704701730166,0.07093937038831588
0.12836423549382708,0.32626481532941004,0.5553981461491245,0.1277640429936784,0.11825824992141241,0.18483392089115605,0.18615150881679288,0.21592285387648863,0.2602830294990783,0.20898838950984316,0.25640499249708193,0.2195351879046934,0.29192428300451495,0.16859561345791949,0.2630904011432845,0.2596579091404998,0.4925804380619743,0.19924498704799007,0.2624985533625136,0.2748183747385205,0.2316581949647666,0.2794422330782168,-0.05863594401974476,0.19028154005068798,0.1914737960709351,0.2623871932051162,0.26243343967835475,1.05719275416623,0.06538332690420863,0.1520762799652772,0.35851301605056884,0.1278083839096292,0.4780218556708003,0.0969117906112952,0.7360379520106132,0.11697825841779685,0.36374414464319893,0.21901060165512642,0.15947366336591465,0.029817497085936333,0.35684434121985925,0.2195448387476802,0.3780862723718106,0.4414377174031524,0.18344302642265234,0.17031074490847975,0.19415695794717222,0.018410521928194135,0.004353086799904128
0.18658571258888917,0.8032471174941138,0.9189659707322904,0.2698094553460456,0.27532457600645843,0.48335792642227043,0.23287003257953856,0.39774999290668744,0.24364925536024917,0.33615598155326776,0.3427422165874871,0.2739965567619568,0.41843985747049917,0.2806107495689635,0.250988804381713,0.30014654987394973,0.3085866344837541,0.32466418930492186,0.4439967172955361,0.5059394509467681,0.42882095696365097,0.2964010782478632,0.4438434606575684,0.2707957087069189,1.0187093336630675,-0.10266456154353103,0.2911543783810811,0.06538332690420863,2.656192066789597,0.12889979211688948,0.11973503004567283,0.3106997482679292,-0.27463232077693556,0.8881684983144658,0.49776272258618065,0.4657110741789956,0.10505022344999089,0.17003057704502836,0.6796729761647697,0.3139435543477947,0.5553189095154076,0.3640403289211732,0.5531311000082559,0.09095586121918371,0.4321023913931097,0.5731628560778234,0.29828504265261524,-0.0853822903523037,0.7071800100670679
0.11831704521119746,0.16835653351597504,0.38455688656787035,0.08028210399026563,0.08082778479263956,0.14909382975445715,0.09588885716697242,0.13640549685808762,0.14888308458878044,0.24740500385260963,0.11830025456632719,0.042318986216190284,0.08989511252305474,0.12085580932635889,0.13932118602631086,0.04932747562027079,0.15208089804450403,-0.022729148172272205,0.20695311086606338,0.0847600997516894,0.1737500180376404,0.08440198222122058,0.1865247026313024,0.3791675223834878,0.6924481780245585,-0.7573842113573496,0.16145716165028492,0.1520762799652772,0.12889979211688948,3.800920263709061,0.2298291847378369,0.1569170429022848,0.31569795219242214,-0.05630445851960879,0.2256201729321601,0.734010924304043,0.6809608882751789,0.08046692629133348,0.23522428140220633,0.40258658923180696,0.43499672494783914,0.18737141870659113,0.4041968002346266,-0.004463427359472364,-0.4310489955733924,0.09604581782153028,1.7583251749487048,0.008103091774583588,-0.1660994644386395
0.14592455211453909,0.4738981392966576,0.6475877897848599,0.2299363123539121,0.27837385979327384,0.265724036353422,0.21547225615205118,0.2799614833625449,0.28594699542034807,0.2576183669450572,0.2854465412064095,0.2426111605546514,0.29821739662297875,0.21643499480383105,0.2694599383415792,0.25605805939274634,0.32698827796511554,0.35419443482802027,0.31286696183458307,0.30988591445925656,0.30362354641741657,0.2777182135741076,-0.11451557149141137,0.22097239630458065,0.024110521557896766,0.289501520058551,0.24000862474282583,0.35851301605056884,0.11973503004567283,0.2298291847378369,0.915421309719033,0.21043968573800695,0.25511137002572515,0.25335283175512596,0.3708453844166564,0.43711483949842345,0.5013860769194076,0.25671986546738707,0.2161762425885774,0.08665612014544616,0.2337678354378436,0.31406316352692903,0.27730448341740016,0.21861959172044204,0.3587092269360734,0.21946789393237254,0.2871471733075819,0.003943715180011896,-0.14943015061252404
0.1676186978832337,0.13582287049335298,0.5664939594278326,0.324518065477237,0.3423802859073904,0.3318528070515903,0.19387713178369556,0.2941204009265513,0.21063178102061922,0.2388141287605269,0.24271597796217384,0.25531197613481316,0.255946181928934,0.4730837090821972,0.22447628392097296,0.2996190663719872,0.2089028387780122,0.15256086973841423,0.1914612594951453,0.30012048029166727,0.19206519942077924,0.27219966644544136,0.11420878395160824,0.21309978236340796,0.209104464839806,0.23991223073262247,0.28927699438386495,0.1278083839096292,0.3106997482679292,0.1569170429022848,0.21043968573800695,0.8003292607594205,0.051074216850314325,0.4030989377930596,0.15508616405304151,0.21210872667201938,0.22018102023567349,0.2088547112698435,0.1881708172441659,0.10422277576447064,0.24591192629511696,0.22573810873882696,0.23080398916547706,0.12344901472279081,0.060374949594224056,0.19406381773135006,0.2253405841474257,-0.002124825781138402,0.47607602956000455
0.12268751868814184,0.2726401752300126,0.3392796604138952,0.17029316772013406,0.2316947718174302,0.10434682939276177,0.1793021499408959,0.034055811016938074,0.2303383017001711,0.13847791952047625,0.1339673897388193,0.16612943844132935,0.13009186626733626,0.08969400742406673,0.14406371455457231,0.10531823742028489,0.2523110796156078,0.12746491625725162,0.26079753445479514,-0.01078174718308594,0.18099145410274453,0.17796505547286423,0.0905954925170341,0.2675460911321586,0.004282610322698668,-0.05560900302017454,0.21327281392916508,0.4780218556708003,-0.27463232077693556,0.31569795219242214,0.25511137002572515,0.051074216850314325,1.8171626556210438,-0.4670447624671123,-0.47730877030473623,0.0342501932823524,0.5145630960403195,0.08176779053417167,-0.332161785290757,0.010575985839723785,-0.28429510635510585,0.16230569058250724,0.00862164481728573,0.15188676114548638,-0.32332769049813237,0.08019742651098416,0.307752010018313,0.09930417293165317,-0.028571902105949332
0.09166352378962393,0.12478885872009139,0.9488114258463515,0.31557784740161476,0.34444746417509164,0.44753188375309355,0.22731541701943409,0.47183707827369076,0.31548850648217625,0.34918154237315785,0.3399411833218975,0.28961198948961175,0.41455364581434,0.3201873910024599,0.2791338130295038,0.3424173338353683,0.29826046436007114,0.32547871537615747,0.3300206984834087,0.47215704501285727,0.3103930614029326,0.360522585744432,0.3467870183027569,0.23158603788788942,0.6456307454919837,0.3270506221168287,0.2976509527969165,0.0969117906112952,0.8881684983144658,-0.05630445851960879,0.25335283175512596,0.4030989377930596,-0.4670447624671123,1.958359789093672,0.6159023155636085,0.3517064408953225,0.3597254956225089,0.19814871395573902,0.7736187766162684,0.24092189527693567,0.396977856169136,0.36554668805940754,0.5733078166526511,0.3363595017576214,0.39716733768493245,0.34011667258608513,0.2706145569152016,0.02007145342254787,1.0778479234395593
0.13354260603762408,0.3111345401841253,0.8415802089262058,-0.038082226911927516,-0.13378658685142952,0.09946625281044853,0.10506617784768396,0.5414349762551545,0.2339108656390773,0.28357288972384637,0.34380307089882794,0.2577820736851934,0.44711557363042925,0.21368210733580273,0.28658528526905,0.38321188950680873,0.48487338776112027,0.29326150606466167,0.25349037865303875,0.44692998273411555,0.31271085415077854,0.33221144118711077,0.04273046439265499,0.16108508432776275,0.5007939593821478,0.4757321039916227,0.304809906116847,0.7360379520106132,0.49776272258618065,0.2256201729321601,0.3708453844166564,0.15508616405304151,-0.47730877030473623,0.6159023155636085,2.7127830235460877,-0.30453068822597906,0.09586478599158108,0.24030346101731823,0.7438319766670285,0.04776003239118088,0.9034790164375476,0.3633474024078711,0.8115176181479953,0.5824242597695947,0.48179303726820283,0.20969972432487105,0.2429134909300449,-0.05874648055366278,0.12725875989839217
0.13524301887154108,0.2634921843054224,0.6531955428054513,0.3149911777031621,0.40451953752262565,0.3393579991016793,0.2542187610403832,0.2069501854512923,0.2301574907831897,0.28569146794454225,0.2686700888336514,0.289074962653018,0.27358459908909444,0.18815987147611105,0.1927477036819415,0.2553419334714408,0.23411684614176173,0.23764888961078914,0.31788414452910674,0.03305861843234663,0.32945590885985865,0.24498556359606138,0.3222048704581066,0.3151092170694843,0.14333055602167713,-0.07639284918047046,0.46449650045494123,0.11697825841779685,0.4657110741789956,0.734010924304043,0.43711483949842345,0.21210872667201938,0.0342501932823524,0.3517064408953225,-0.30453068822597906,2.535903153827844,-0.17259996877525785,0.0012403339481277297,-0.021790866987116065,0.38538278232541906,0.2069872188815899,0.36474561637306696,-0.11466316840285834,-0.3395381129967198,-0.18077544541554916,0.49451218048369144,0.5289249678894499,-0.03588158356565615,-1.0090066333192094
0.21431903911645642,1.2151267145027063,0.7321094030863345,0.27725349435397045,0.32732647510261914,0.3932064636047755,0.24851270309912943,0.26486739060251197,0.30557065054529836,0.28385939672609634,0.28766075999241025,0.256715624554739,0.2456377052100172,0.27187710775716756,0.3240581526798726,0.2517706699352218,0.445727474316365,0.3606264082506754,0.2968612373288154,0.672114683974064,0.3888431047368173,0.2774392901490982,0.05025518156984852,0.2377515610761289,0.6096661598168103,-0.061924557763003,0.3015643943079467,0.36374414464319893,0.10505022344999089,0.6809608882751789,0.5013860769194076,0.22018102023567349,0.5145630960403195,0.3597254956225089,0.09586478599158108,-0.17259996877525785,3.2624700146219388,0.4147643845756656,0.12337793240361239,-0.1896802321212418,0.37677729212733985,0.4962440583083735,0.758880838185949,0.3002798217043811,1.2411210630056304,0.4136744273718595,0.7084107776174866,0.11932494486487139,1.3377982148415788
0.11933598376975352,0.18187422934514982,0.4184302889572273,0.1727351378917998,0.1851786370494879,0.30932527357791373,0.1523576445221719,0.17152883671607175,0.180247404464658,0.12250979123505909,0.20827033868861825,0.1718529215275956,0.1809984866142231,0.19133386335858735,0.17934830587889575,0.15350666435514304,0.2454049341061376,0.11571952687126574,0.17405329554895624,0.6978017060869213,0.2186840489544966,0.17407654162327413,0.03148072208093208,0.13706392469338394,0.22717196816460677,0.24108672995585242,0.20352846845558065,0.21901060165512642,0.17003057704502836,0.08046692629133348,0.25671986546738707,0.2088547112698435,0.08176779053417167,0.19814871395573902,0.24030346101731823,0.0012403339481277297,0.4147643845756656,1.0306575562788753,0.3539368504365637,0.25301702637817536,0.22170429824351573,0.24830265753562897,0.5471789374014011,0.38809416323462803,0.5198243385742899,0.17979061469027702,0.05334241506725668,0.06882472046791391,0.042869831358300046
0.1621780491553434,-0.014445547991270926,1.2586735253172459,0.22291495595647284,0.29751583610862736,0.379506767621063,0.14801778348330677,0.8465758636615089,0.3045269368077084,0.3634273034305755,0.37040124374954164,0.16340746021132063,0.7305309004055639,0.22494994814058936,0.26153884781374226,0.33104623484110773,0.20081541286244614,0.32215103547199714,0.9277296199181837,0.6816236099384857,0.44856386687286826,0.36814723628691887,0.3853277054776242,0.1733251542843537,0.9152061811087694,0.27675341133295484,0.24110065463235225,0.15947366336591465,0.6796729761647697,0.23522428140220633,0.2161762425885774,0.1881708172441659,-0.332161785290757,0.7736187766162684,0.7438319766670285,-0.021790866987116065,0.12337793240361239,0.3539368504365637,4.08057574693606,1.0022383286633894,0.5394246338651788,0.18239093822075866,0.2174034315013766,0.5939305374500421,0.5048641470689955,0.34811051708883295,0.1263330303326682,-0.06741738314493333,0.6871174310628423
0.09380444042187734,-0.03984192340173605,0.5628473023625519,0.17767150754637623,0.2292180764343934,0.2970254511715222,0.13326867954449448,0.28147539883174305,0.1461565077529263,0.17199468704672788,0.18386396122100196,0.15534247312758714,0.26389698506507936,0.11741609426709014,0.12473116148984074,0.17207964887221994,0.16695694116283613,0.14641033716408963,0.38167691624778705,0.34375050733750195,0.30183030038738257,0.17631745807547056,0.16751999556786812,0.09021579123931474,0.30674810635825417,0.2983558227579584,0.16299507908043262,0.029817497085936333,0.3139435543477947,0.40258658923180696,0.08665612014544616,0.10422277576447064,0.010575985839723785,0.24092189527693567,0.04776003239118088,0.38538278232541906,-0.1896802321212418,0.25301702637817536,1.0022383286633894,2.544835290150886,-0.2954987485454791,0.33315139356543316,0.3686555681809489,0.10348324269784642,0.7092719401282357,0.19814679547204572,0.21544523030526339,0.14153884288169358,0.38642928331896187
0.16717043701951653,0.3320780755097178,0.7503010988749509,0.13931011780865235,0.1263568887213655,0.1640858271205962,0.1287702696836271,0.4391103799082417,0.19861005645491991,0.30601031367811476,0.27439055223641257,0.20256605191646423,0.37050972220200934,0.25636923781894916,0.2575552327239166,0.31227631744247647,0.3303182132699908,0.32693349778395103,0.25978544973277456,0.3097686600083294,0.342316487671282,0.2812361966111436,0.29648382883682334,0.15254233793044564,0.4385022836373242,0.2969688135156306,0.2775656836493216,0.35684434121985925,0.5553189095154076,0.43499672494783914,0.2337678354378436,0.24591192629511696,-0.28429510635510585,0.396977856169136,0.9034790164375476,0.2069872188815899,0.37677729212733985,0.22170429824351573,0.5394246338651788,-0.2954987485454791,2.663635027699743,0.3152114192711063,0.4786144866780488,0.7918273889451363,-0.05091116289879326,0.6960387721521135,0.5971030064027993,-0.1822179218657812,0.03648243182234209
