1.0452571457908455,0.3358331271755286,0.5166117614804815,0.058889702426097576,0.04531105989228254,0.2246612725849216,0.2409891663351909,0.15298006250520077,0.12455365168482337,0.11193410842598307,0.15057626127494428,0.17971870141720417,0.08502640026484458,0.18589311530595568,0.16534949801806487,0.1371638175207981,0.11193627169648461,0.16467962969372704,0.09531662069732726,0.14518055303830815,0.12689616708868767,0.12478880665266916,0.1272407717947238,0.007330844077449162,0.13625489481405054,0.21056506155421376,0.18588258701586077,0.0328396898376716,0.06179067885061868,0.07832872236275196,0.16565860424340453,0.19656424960451205,0.09333987261082896,-0.04613746034954726,0.1347343817220701,0.2264042705864074,0.044052803810584656,0.10698708048919618,0.07367497250990272,0.049866473702741713,0.06324763547396742,0.11888530027818907,0.1315933389252841,0.0008930000757281818,0.20811934398888535,0.20619200703235288,0.10822502819362308,-0.03096276880222823,-0.21216699192508198,0.04473803044071531,-0.0144087200516843,0.019329038355339744,-0.060820020556775815,0.020973903653060514,0.10812111690392465,-0.17090432989369153,0.1998834764330166,0.2546302183379921,-0.4284066416421639
0.3358331271755286,2.3120764984565096,1.3553216159021713,0.15834845553080013,0.055357285979817365,0.401305013561927,0.20652206614881813,0.3493505599546622,0.02824224394368695,0.2122748338457827,0.21787025292912338,0.18097936844762116,0.13226223258683634,0.23774093111067202,0.14048878360583905,0.16850261222337584,0.24366913155627482,0.3289971909186135,0.14729540946161837,0.48973805585155544,0.184724544233467,0.09395981194315556,0.0491813599686522,0.00875164646821459,0.1653335398957402,0.34974063237649444,0.3288188706663915,0.2564212750810766,0.26000396118814983,-0.19487092309166093,0.31627728032598784,0.21652531460687355,0.033611587316107285,0.35520447660332255,0.001756881393136268,0.508834270580574,0.07932123484463725,0.26823883214959565,-0.04647489258424834,0.002525486075759879,0.12808199296103046,0.20204904068802235,-0.04463753844055698,0.03492321093285583,0.17578057134646632,0.2867365631608997,0.06253526299915853,-0.018112749149467606,-0.7827966534419343,0.06842708976699696,0.045522569513926955,-0.1197509663216557,-0.010746216913645652,-0.08150045786115648,-0.5643238572090105,-0.422350531979644,-0.16871325999046832,0.18206976546392872,0.7043496287225329
0.5166117614804815,1.3553216159021713,3.0818048911966645,0.18984032346965485,-0.18471215235090507,0.5214248265565852,0.35665201491690757,0.2490763920519153,0.23772657323244084,0.33462494237754353,0.273366224626134,0.3008851383116747,0.21123387062698723,0.22565488190514094,0.2658645503644714,0.18639991480102572,0.2883950070521893,0.2886371101601553,0.11797572100311533,0.18681242439400672,0.17173750129068274,0.19983422817409702,0.11852727212595288,0.22450021626917704,0.2658321768045765,0.4074601783648305,0.2673569167329474,0.3293684062601017,0.158742894179616,-0.6802131694426726,0.35050921865065576,0.22556039087966404,0.020400233417023343,0.4401021488445567,-0.0653248205513608,0.7577175895663787,-0.02448118764548066,0.14753023133931395,-0.13976037616283232,-0.3395419618658564,-0.02276590594302392,0.1500480255561284,-0.33903917605293044,0.032285744979033505,-0.005451955457212683,0.519629426505175,-0.18053746785419245,-0.13363695775764234,-1.3995530808647125,0.15965972451637114,-0.03797733623720951,0.11456621547826384,-0.08191207942686823,-0.14736851882380655,-0.02135836117172568,-0.03136890277104505,-0.15009012539711578,-0.7279200050267142,0.780619819409616
0.058889702426097576,0.15834845553080013,0.18984032346965485,1.198566838243843,0.41841220398615003,0.41283378003093524,0.3624639747929338,0.2940606870740687,0.1280084005192299,0.19129962263622757,0.2606784243901006,0.3383197590884525,0.18168447881468944,0.31345642634439064,0.18738174319443157,0.32256525438875144,0.29059286505459364,0.15430843962006677,0.3032663311933302,0.19503936314978432,0.15921215729051094,0.220291786790325,0.05384861916612513,0.15258824491191839,0.19721322459663626,0.2639252345920173,0.1160505124123578,0.08980049483134256,0.2339120065852689,-0.07824702105765026,0.1549045786485215,0.25292763851412065,0.06609822196317405,0.28135426144177,-0.18180263885224782,0.27537982972116815,0.01908739133144789,0.11715310918221901,0.13942837804900016,0.0385889528977504,0.11945678878426055,0.14378845545418417,0.11006981078802394,-0.011969868936647476,-0.05340948292048958,0.15041155783157262,0.07652473607564453,-0.022465676872304302,0.0908435409834911,0.07307257680574453,-0.0057323684764426066,0.04342861142497688,0.0035287075230888863,-0.09176494882870062,0.005137388770279402,-0.07902157186179593,-0.19461471387524898,0.18941076548906324,0.036579638748655094
0.04531105989228254,0.055357285979817365,-0.18471215235090507,0.41841220398615003,1.1456950057792445,0.24893486964897407,0.24475215468251071,0.3227756528058731,0.1304623331160737,0.2983372893684897,0.2353726426977733,0.25817088556156975,0.19876458425039475,0.24509771618670315,0.20652493647402753,0.2808129371238696,0.2509650850174722,0.17378809056159172,0.4925842128189605,0.17597297705673218,0.137932142547503,0.2057005220323149,0.05190319441018153,0.1846095502357303,0.15939796722149965,0.19004495748318836,0.10859661387912006,0.049878182182324565,0.21029590822479205,0.04973341246040897,0.16008172246279156,0.227801415813244,0.08272738693390597,0.19250893370596942,-0.14859662091633707,0.2540614491515501,0.10402623809298148,0.10434642252550583,0.20339340400739603,0.11252643113329751,0.16876769164612113,0.13169618366381178,0.08820327129676801,-0.004725732327354926,-0.039191072132863214,0.16644069475996612,0.1526277042490648,-0.006046433587344537,0.2223038293310839,0.21913557238814518,0.055153371061508326,-0.07816915996630387,0.0415632571446041,-0.085887431800313,-0.08168244624555154,-0.12065024444889111,0.06284557252881619,0.06357762339622802,0.02845476843953005
0.2246612725849216,0.401305013561927,0.5214248265565852,0.41283378003093524,0.24893486964897407,1.0177168155665173,0.30537455657931345,0.31266021289763296,0.11218745364451856,0.1969855160012794,0.29571470273759276,0.37966325882058083,0.19535845695959758,0.3428322467342984,0.18832999925146673,0.32586306887717925,0.3644641552513506,0.2141000894161313,0.42066918347497934,0.3135025434076041,0.17637140947405106,0.21857666366494083,0.12770850678534282,0.1819457456810029,0.25653443410134485,0.3355767185846337,0.2226321902906509,0.10677821614953538,0.33106596023372964,-0.025789021028598768,0.22876391490883835,0.31190289461376225,-0.06062490062529197,0.35495972994277275,0.13171309865916134,0.3768874764821669,-0.07730706793831917,0.17978499169961856,0.1245089931965531,0.07519254267775584,0.05257721135213057,0.18430189649988926,0.14402365170689518,0.00988758327416019,0.14781852741581347,0.21260164113090974,0.08029220210309654,-0.05298024947661116,-0.23297263107571153,-0.02120061528776914,-0.17284391944816696,-0.07985966006854181,0.019879402045108636,0.05091115875776996,-0.033859663169251174,-0.11027072755593065,-0.003296840977055904,0.16220563387774373,-0.11524197423490257
0.2409891663351909,0.20652206614881813,0.35665201491690757,0.3624639747929338,0.24475215468251071,0.30537455657931345,0.6952136036117283,0.11219700870770305,0.2463478697155449,0.13535666920256384,0.25449814607010113,0.37676098773834776,0.1570164706465217,0.14297858113076287,0.2140969384297788,0.1915483554922502,0.2537300650127156,0.1716457558536019,0.2104714374807493,0.18177264783784172,0.13773101942475524,0.20306535007171728,0.07153083619008502,0.16005562389509218,0.19458341866067955,0.2479479284254913,0.22648666205127288,0.10736715473303476,0.21360868355144616,-0.03275223625109436,0.1654025712385371,0.18597100185243537,0.05358657161603644,0.24797668338002635,0.03897025906098247,0.2745370340555944,0.029836707770611814,0.10968750539567546,0.1517233357962605,0.036364323456638994,0.040492033086971344,0.13310251595967665,0.12547625614931812,-0.0025902015459577086,0.0674741160840715,0.14363378170942376,0.09713023808877855,-0.023344569117525745,0.026372730205673465,-0.06336821067546976,-0.026932332538424284,0.051310116049724346,-0.01627901823788043,-0.026808124096525256,-0.01815288416675258,0.09831630677008636,-0.008120498611258508,0.10670024068903591,-0.2818087695042087
0.15298006250520077,0.3493505599546622,0.2490763920519153,0.2940606870740687,0.3227756528058731,0.31266021289763296,0.11219700870770305,0.879454468149686,0.13434575473197333,0.3815806832583543,0.2515964864951592,0.09950664420876913,0.21829741690493684,0.33108919612960985,0.11781175622805179,0.21206151307779061,0.23470292954963518,0.253637703374358,0.24247248435664265,0.21076749350262983,0.18480425697037844,0.18474601157542583,0.09214970956219387,0.11364466968446175,0.23188223925717466,0.3174938285919532,0.13725584252190642,-0.006881568908054492,0.22652924185271522,0.10643832921971735,0.19596144276552976,0.27234037558295193,0.05861098903039443,0.28469360370592584,0.20752177434232172,0.25037635748354253,0.1918575107081627,0.11882646480126652,0.25925768246740816,0.17069114445993533,0.1366560575056883,0.18848722568308326,0.15152522464511883,0.026754286620420155,0.10922879590895433,0.28283984532061685,0.23157228098247926,-0.009201358991671849,0.04493131065674212,0.11328352376862001,0.044470742937307885,-0.22736685275952073,0.169918750483974,-0.07527122028875542,-0.032221083612130746,-0.4888439692998323,0.1832119131023679,0.26013997926635524,0.14434082112918256
0.12455365168482337,0.02824224394368695,0.23772657323244084,0.1280084005192299,0.1304623331160737,0.11218745364451856,0.2463478697155449,0.13434575473197333,0.6900512577430142,0.11786524897966914,0.16752272433527668,0.16518442319740503,0.12757337863439064,0.12888390048092502,0.23413970291646044,0.09023443425136218,0.10788298841430108,0.15595138425621385,0.0956098093974897,0.04903349119563603,0.16875742974708507,0.3465441226643482,0.06256508580620077,0.22439497536572603,0.16492999294287128,0.2698359781311083,0.18652890444938913,0.11235828148171242,0.2061376341459436,0.05852386439054856,0.15534995927922868,0.1650429406000451,0.13281769509960187,0.2297982566364215,0.12808776695253013,0.26707956758718476,0.14106759584960665,0.059502451981867446,0.18460912596032297,0.03507518055578405,0.07837333233591769,0.15277682616737964,0.13110987295686838,0.019297391707574257,-0.004142146308035355,0.18642807785858967,0.12363495157870266,-0.044180726901420934,0.3120018304008897,-0.18651835398716876,0.04448256643288877,-0.08403451245556132,0.1827048515081097,-0.02850295230885692,0.09857183885199182,0.15219692412237906,0.058126604266920394,-0.07364016805818531,-0.29321010225968175
0.11193410842598307,0.2122748338457827,0.33462494237754353,0.19129962263622757,0.2983372893684897,0.1969855160012794,0.13535666920256384,0.3815806832583543,0.11786524897966914,1.1364621897181013,0.28477878362660997,0.31242940205305453,0.19561165973798286,0.254258781169832,0.26535102203118105,0.23885553463022818,0.33534222392389723,0.35398162113279963,0.23467311598432253,0.14413720645913067,0.13938265493979607,0.18399259829821013,0.14092968919993484,0.26072947143740993,0.2785001862684586,0.22621506944337944,0.3748301989496301,0.12933612280242832,0.24943244006676557,0.10805769115160711,0.22094872204925872,0.2657965208934409,0.001778491597367587,0.29971629080587914,0.23193469630286268,0.3838311641343924,0.18682838867663457,0.0797797261813624,0.2641498387593945,0.12822095452269813,0.13852287951077907,0.1567330142426062,0.1283508167834423,0.02344992509288386,0.08360279367311602,0.25132016049449846,0.32613079038842907,-0.02662190916453968,-0.012046827638260984,0.11997353979763686,0.031976671633074646,-0.03598294827991139,-0.13372208525580043,-0.01279159816800654,0.03414408590503828,-0.06603482631990557,0.34766630820800026,-0.23458986373552065,-0.05080378175954508
0.15057626127494428,0.21787025292912338,0.273366224626134,0.2606784243901006,0.2353726426977733,0.29571470273759276,0.25449814607010113,0.2515964864951592,0.16752272433527668,0.28477878362660997,0.4777073497172757,0.3880607470405854,0.21128353200826447,0.2364292066939281,0.3224921894500963,0.25050767974270605,0.2918463150669803,0.21562809888884646,0.20003698756397587,0.2726871859306594,0.17506487497943185,0.19931247806281358,0.07370097810221869,0.20501323239014874,0.2558132033119829,0.27436070121574424,0.25430875657824537,0.13684980124497248,0.28787947380017176,0.12511977464438906,0.23458465005667803,0.23560595683374919,0.0370297434922018,0.27659882711953127,0.2217162292148079,0.3338070437221403,0.15020966844505534,0.14848138341604836,0.26161722992997066,0.10998579997586404,0.11006026424721696,0.1836417179441727,0.170638732947521,0.022545527463800872,0.1417714017918695,0.21185109991411452,0.20144327608587087,-0.007765255214584077,0.016888831183665274,0.0245547789835712,-0.0290593946020928,-0.006005963678886217,0.05053257337237356,-0.04006418375196672,0.00020983606712369037,-0.008741594549226198,0.025283035131723083,0.05561104929499776,-0.16409724432385303
0.17971870141720417,0.18097936844762116,0.3008851383116747,0.3383197590884525,0.25817088556156975,0.37966325882058083,0.37676098773834776,0.09950664420876913,0.16518442319740503,0.31242940205305453,0.3880607470405854,0.7396240100356416,0.1796470803035948,0.24981432400265588,0.3222637505554276,0.33154165352756204,0.3645637971438108,0.16745192744730825,0.25470455125852537,0.3058005556037859,0.15894680469661415,0.23091931069346858,0.14808359813950533,0.21483608405458934,0.30400374555851817,0.316227074507339,0.3865322282102632,0.11422093841379799,0.34560978536392417,0.0857806706520678,0.22242181110266482,0.28735569934780525,-0.005690794906850195,0.2924594069718559,0.25241986321782084,0.37056658397923486,0.013770505111822382,0.16964144752677893,0.23759892071149294,0.0960924355512905,0.03839580111749881,0.17540553068853695,0.19541213083901102,-0.011053949091815823,0.195561310133715,0.14627387885547838,0.17614805074866813,-0.026881112690456233,-0.018500697592022306,-0.12405122115703508,-0.048534338253751134,0.2016003488404752,-0.12160906486153529,0.06257960387640589,-0.009344616024891856,0.17903534854025877,-0.04970617541147543,0.08413042112014717,-0.44951917742187175
0.08502640026484458,0.13226223258683634,0.21123387062698723,0.18168447881468944,0.19876458425039475,0.19535845695959758,0.1570164706465217,0.21829741690493684,0.12757337863439064,0.19561165973798286,0.21128353200826447,0.1796470803035948,0.3404244173361045,0.15973681952299063,0.11676600406385752,0.1789143715359176,0.1735514107860235,0.1422478199992578,0.17210348457516653,0.1014138770880211,0.12915568517213602,0.162470627580527,0.019141090122836307,0.15560928895488,0.1432552840185213,0.19965867641070362,0.14573984269230816,0.10996819703967106,0.16799751993754963,0.057322451983944964,0.12706691160169248,0.17169226281741953,0.07311970977338803,0.16606003815533002,0.1250948746189532,0.2168054826483493,0.11415400587496956,0.06524609734761674,0.13579622918739512,0.05655982088476792,0.09358197176852137,0.12824112271580182,0.07873193542648244,0.011819042153128383,0.025900009680318224,0.15285774887671394,0.11684537707646074,-0.013860073301564916,0.040286220408578266,0.047073347099376626,0.013704520722738676,-0.06332190986241266,0.02995794155045493,-0.02926944294321978,0.04851116244423902,-0.03399609269421939,0.014451789072389778,-0.0809006674496397,0.026698630598942757
0.18589311530595568,0.23774093111067202,0.22565488190514094,0.31345642634439064,0.24509771618670315,0.3428322467342984,0.14297858113076287,0.33108919612960985,0.12888390048092502,0.254258781169832,0.2364292066939281,0.24981432400265588,0.15973681952299063,0.5850664683864154,0.21164912881526077,0.38882951029167245,0.2627681293165677,0.1990502608762178,0.216881643268268,0.24074328132159276,0.19335794710619417,0.2564535289437928,0.09705644308007713,0.18331304115019048,0.21778827533622785,0.3148853760102177,0.08443296952570685,0.122060314003216,0.24771889459403332,0.11425892514895199,0.20745045465551412,0.4050312353867614,0.07708361177118758,0.21597098651602029,0.19376254825520703,0.35555847788715556,0.07094010048719891,0.154253234959223,0.12298821128279948,0.11639074319605375,0.154963394254757,0.2059155210471251,0.11073148363111963,0.01699577485586693,0.06134726261587013,0.21506345867968424,0.17539930729986597,-0.026940018576925497,0.05246905464998145,0.10810193913582486,0.008673228632297535,-0.1460050818901207,0.0221864317264,-0.0007181183999350322,-0.049315417386024914,-0.1654160222140657,0.045800871157935456,0.18010775249912986,-0.07851083139417439
0.16534949801806487,0.14048878360583905,0.2658645503644714,0.18738174319443157,0.20652493647402753,0.18832999925146673,0.2140969384297788,0.11781175622805179,0.23413970291646044,0.26535102203118105,0.3224921894500963,0.3222637505554276,0.11676600406385752,0.21164912881526077,0.8485855559172621,0.20791044384118443,0.2835355731925804,0.3545040385790021,0.2001607022313987,0.2514621644346997,0.20137096205332367,0.17817928874435704,0.02381507086568471,0.24807919992331606,0.2089510024853994,0.2576863910906032,0.12444106044063866,0.30023797314157374,0.2538640946544755,0.12465167854157959,0.21595682617876874,0.2447164505118554,0.04592688342756282,0.21702962117179744,0.17722306183772427,0.28537621724546697,0.2843749346251855,0.1325653051668121,0.20448905589031666,0.08462837396356916,0.17624054870316166,0.19853199965559054,0.23711095883346525,0.035069242630576224,0.18914673192267414,0.22107669009624778,0.2571971612581634,-0.011719276409685942,-0.01342529531485055,0.5408303956385292,-0.15662506843143348,0.3420720732792853,-0.5531476379264074,-0.10244683415241998,0.10782196286644875,0.06454215293714759,0.060658062254494764,-0.053714807710296346,-0.15896538164840318
0.1371638175207981,0.16850261222337584,0.18639991480102572,0.32256525438875144,0.2808129371238696,0.32586306887717925,0.1915483554922502,0.21206151307779061,0.09023443425136218,0.23885553463022818,0.25050767974270605,0.33154165352756204,0.1789143715359176,0.38882951029167245,0.20791044384118443,0.6521290903964663,0.3922742780515503,0.16172343732581898,0.24096899478328698,0.2177671580857515,0.18675748578884177,0.34453668216286343,0.04762456761789174,0.1974950906768565,0.23606243484438016,0.2452761777859372,0.20255664837693907,0.18152464672273558,0.2995652586156735,0.21028048702737248,0.19147893384782452,0.3262656993150968,0.0763961386628612,0.24837316284696526,0.2951259091968524,0.3343986827905119,0.1565260829512468,0.14332585280402646,0.22627710787125577,0.13716143820527366,0.13316138674650746,0.21419863572521108,0.1995805385095314,0.01965104174214944,0.097726087228406,0.17836680661150267,0.20656020087856122,-0.046109035094266164,0.1670553241970335,-0.02617562715085238,0.013680157966866086,-0.05310007954038932,0.03169992292192131,0.034382959944049524,0.043021377014775396,0.006483039442817117,-0.0804529464904969,0.1255656066794748,-0.14500465992385608
0.11193627169648461,0.24366913155627482,0.2883950070521893,0.29059286505459364,0.2509650850174722,0.3644641552513506,0.2537300650127156,0.23470292954963518,0.10788298841430108,0.33534222392389723,0.2918463150669803,0.3645637971438108,0.1735514107860235,0.2627681293165677,0.2835355731925804,0.3922742780515503,1.0292595611771096,0.18566418210104577,0.2700919054238777,0.41950181528297303,0.17749875747005742,0.24530512547345582,0.15832288608709208,0.23140709015993496,0.28456994408473985,0.1620989046719773,0.3076944180221966,0.17244485564180104,0.25889362892454093,0.11596282006899511,0.2914266473196929,0.2562894899663237,0.18146043617616084,0.3430699695345222,0.1806468935297672,0.4298622521897526,0.25206176682885945,0.21675698051066578,0.40998355791197466,0.15436504955761068,0.12724684072990425,0.2059270421046293,0.2266172526517846,0.03703462047267631,0.10053198119079974,0.20866929586867186,0.2566450720814002,0.004712641206772647,0.09866522295495761,0.25882462043682564,0.08163699411001993,-0.22536670138099868,-0.1819502022090286,-0.07518041785861145,0.10998314324399072,-0.051430005194415034,0.020458224158994117,-0.04952242240036221,0.05313794960478178
0.16467962969372704,0.3289971909186135,0.2886371101601553,0.15430843962006677,0.17378809056159172,0.2141000894161313,0.1716457558536019,0.253637703374358,0.15595138425621385,0.35398162113279963,0.21562809888884646,0.16745192744730825,0.1422478199992578,0.1990502608762178,0.3545040385790021,0.16172343732581898,0.18566418210104577,0.7325720235214678,0.17973337157674577,0.07046629609801695,0.2135112499227043,0.15408618024687323,0.22320232618022234,0.2745046994430773,0.16172838237344092,0.32910311984344515,-0.02647465566350374,0.08498474327074299,0.22159934022692732,0.0325466704463425,0.16979705190813357,0.21928684543161278,0.0594185831305833,0.20960956794128158,0.11689065928694753,0.29159995515018217,0.22639301659782,0.05510443677879227,0.04583171903095346,0.08996122942447381,0.18242265309565978,0.19945315310929548,0.17994029989831867,0.02841069168153568,0.11591337925136481,0.26523084030509597,0.3278486037379381,-0.02434483728883986,-0.16669065063870947,0.5040297642882621,0.06767803639415697,-0.15420192209064218,-0.4161180668867641,-0.15453912720608412,0.03190672316369141,-0.025275098414565732,0.1386327968801913,0.0613538755906233,-0.1771442059328048
0.09531662069732726,0.14729540946161837,0.11797572100311533,0.3032663311933302,0.4925842128189605,0.42066918347497934,0.2104714374807493,0.24247248435664265,0.0956098093974897,0.23467311598432253,0.20003698756397587,0.25470455125852537,0.17210348457516653,0.216881643268268,0.2001607022313987,0.24096899478328698,0.2700919054238777,0.17973337157674577,0.8025252474500971,0.24382282756216295,0.1494932269430865,0.17187272220476954,0.004188928899553099,0.13836619462767102,0.105137446968661,0.1755742452029193,0.09022146827865239,0.16498135985355783,0.18300296629370044,0.059373961271357106,0.16465143772084515,0.23008087827282847,0.07711759532993198,0.1718918741123919,-0.024634331585737305,0.21983043006952738,0.14672409360394575,0.13634210697373958,0.16092423642421527,0.07619491210682454,0.1349990737446841,0.14091220082956626,0.1261484308559821,0.0020990020438531433,0.07318127760252131,0.20077732294167763,0.14159254244369363,-0.011193873907059967,-0.013216020904864335,0.12051843837615532,0.1534156777447498,0.2759175307183263,-0.23804998179661285,-0.12426152480881449,-0.05598686478854482,-0.08070634160782804,0.06600109791278458,0.112552131140963,-0.06093019719063319
0.14518055303830815,0.48973805585155544,0.18681242439400672,0.19503936314978432,0.17597297705673218,0.3135025434076041,0.18177264783784172,0.21076749350262983,0.04903349119563603,0.14413720645913067,0.2726871859306594,0.3058005556037859,0.1014138770880211,0.24074328132159276,0.2514621644346997,0.2177671580857515,0.41950181528297303,0.07046629609801695,0.24382282756216295,1.468079138260321,0.15822476240853664,0.10430715164265847,0.3007559449450482,0.11229333549585906,0.12569368714525245,0.2912443590414756,0.4310001280405643,0.024439728268717757,0.6945554844594232,0.466771724308722,0.3867543002871395,0.25535973925707267,-0.1422909136521178,0.45785669403101736,0.22824091735616642,0.36349913804383494,0.3101839024455469,0.6897773654100905,0.2514071079635099,0.28050190414136894,0.3375450019455276,0.2710560193151861,0.41272391671374015,0.051595896063226905,0.5409706984775584,0.16858753034773313,0.41222330008704583,0.07543813652507278,0.07908548320145894,-0.0603812609564652,-0.038159315762502206,0.15857626883525155,-0.0014357084214306388,0.014338515577385599,-0.10563971873001042,-0.12470746193918489,0.035649785648194085,0.17466254076260965,-0.04754403381628812
0.12689616708868767,0.184724544233467,0.17173750129068274,0.15921215729051094,0.137932142547503,0.17637140947405106,0.13773101942475524,0.18480425697037844,0.16875742974708507,0.13938265493979607,0.17506487497943185,0.15894680469661415,0.12915568517213602,0.19335794710619417,0.20137096205332367,0.18675748578884177,0.17749875747005742,0.2135112499227043,0.1494932269430865,0.15822476240853664,0.5423038436519884,0.18685749801875126,0.05399184334245512,0.12028430225726913,0.1735036042528711,0.09522645433864986,0.07085402492809956,0.1861336766402986,0.07481507160238397,0.28181750343913237,0.2952301901320833,0.1958595096931673,0.3526277619169082,0.13967901350834447,0.18030849812656244,0.39067489310559417,0.4996065534453712,0.13736846972387132,0.3761002895026186,0.191538490681418,0.2648021472028593,0.39992325152326624,0.24844261179646493,-0.0040725128748454196,0.3106631357353154,0.2568474577528539,0.27684688389227063,0.06016557180883788,0.012340186383604967,0.10266836873227222,0.020377531698302843,-0.01825028043674177,0.014069665151805908,-0.09742010640703772,0.05432234748142205,-0.03644854990647173,-0.012863397637538897,0.08790515252720738,-0.09597647341671699
0.12478880665266916,0.09395981194315556,0.19983422817409702,0.220291786790325,0.2057005220323149,0.21857666366494083,0.20306535007171728,0.18474601157542583,0.3465441226643482,0.18399259829821013,0.19931247806281358,0.23091931069346858,0.162470627580527,0.2564535289437928,0.17817928874435704,0.34453668216286343,0.24530512547345582,0.15408618024687323,0.17187272220476954,0.10430715164265847,0.18685749801875126,0.5052395635706,0.12513353247944387,0.2040210047785063,0.1876208366487025,0.20950774450290996,0.1779558258690721,0.09179944216046954,0.2760674163061951,0.15420292423496798,0.17828021728415272,0.25537296785272295,0.13373443147006217,0.25904529584516905,0.19958666985241288,0.3268208448397431,0.15348136310247615,0.10148216368629073,0.24977013339689558,0.0940314792482542,0.11721122617601622,0.18665581851037225,0.15486511160469674,0.031357119065807716,-0.021124994756492457,0.2143183001300656,0.17316165213484846,-0.08828542384061984,0.37487034873781216,-0.09472920490838957,0.03843691742634305,-0.11913964690378381,0.13424311618626114,-0.000916623072791724,0.07029549911273765,0.05396133025440396,-0.006904796360661882,0.017214447753438698,-0.1914496290339329
0.1272407717947238,0.0491813599686522,0.11852727212595288,0.05384861916612513,0.05190319441018153,0.12770850678534282,0.07153083619008502,0.09214970956219387,0.06256508580620077,0.14092968919993484,0.07370097810221869,0.14808359813950533,0.019141090122836307,0.09705644308007713,0.02381507086568471,0.04762456761789174,0.15832288608709208,0.22320232618022234,0.004188928899553099,0.3007559449450482,0.05399184334245512,0.12513353247944387,2.395776982281315,0.14755369120962594,0.4051976014801276,-0.016196825772652756,0.3713768710359506,-1.1996954317226234,0.6368237440630214,0.17485800738588897,0.23509100167310262,0.0738881335445384,-0.41600850832649067,0.4208680473846106,0.01421412820032418,1.1617943735091751,-0.6120198438198386,0.12627070227767787,0.19078183212033745,0.20082516928819916,0.007487380046089398,0.06342977512422396,-0.013206975534204671,0.2079674432407516,-0.18217991236948483,0.3141741977235317,0.1617974955571292,-0.06607749917840312,-0.7438346154960809,-0.31556430600262153,-0.09535339724487074,-0.04301697878160517,0.1691598970376813,0.10776658874050318,-0.07290243403688818,-0.03554226434811302,0.05969401667277847,-0.06047630143455084,0.0010376281499818968
0.007330844077449162,0.00875164646821459,0.22450021626917704,0.15258824491191839,0.1846095502357303,0.1819457456810029,0.16005562389509218,0.11364466968446175,0.22439497536572603,0.26072947143740993,0.20501323239014874,0.21483608405458934,0.15560928895488,0.18331304115019048,0.24807919992331606,0.1974950906768565,0.23140709015993496,0.2745046994430773,0.13836619462767102,0.11229333549585906,0.12028430225726913,0.2040210047785063,0.14755369120962594,0.859033223740955,0.2518973183069404,0.07875500986361487,0.13128928224219155,0.11649032459828,0.34520373153186035,0.19150743298245324,0.07196441075805395,0.17136414889979945,0.11225406148510314,0.10846008572939862,0.19672191381293416,0.3773518225535167,0.16370689900371138,0.07138903449197838,0.25063706053577817,0.035112630344984186,0.05204045845509127,0.12430629875203142,0.007966035507194,0.028372644581417555,0.014666901431660861,0.15990477137246806,0.18470544973962336,-0.023451437991694826,0.011792852728368277,-0.06067967356553269,-0.033307268287550665,-0.044190349065758736,0.05405790137593459,0.0010535880316816302,0.15306040631775647,0.17503335346750032,0.07617558018356749,-0.40488668789855875,0.029028505954983484
0.13625489481405054,0.1653335398957402,0.2658321768045765,0.19721322459663626,0.15939796722149965,0.25653443410134485,0.19458341866067955,0.23188223925717466,0.16492999294287128,0.2785001862684586,0.2558132033119829,0.30400374555851817,0.1432552840185213,0.21778827533622785,0.2089510024853994,0.23606243484438016,0.28456994408473985,0.16172838237344092,0.105137446968661,0.12569368714525245,0.1735036042528711,0.1876208366487025,0.4051976014801276,0.2518973183069404,1.6808818060030875,0.07660904727889649,0.25814837889367154,-0.15216852827718733,0.7171661753176717,0.16839988634524708,0.4197563298876999,0.20297475708733267,-0.060403893268120776,0.6008174132563338,0.2676801393175134,0.5186337946637981,0.021611934814105394,0.11090035423437916,0.40091545411607915,0.12340537415192598,-0.0327864629126655,0.16058852023899178,0.13811463758416384,0.011126722969361026,0.0577790971384352,0.31317770504674974,0.2548677657653019,-0.02308593232173411,-0.050265464465230024,-0.5744012444023018,-0.1995710363941959,0.06037899526084373,0.4018542958038307,0.07497243948325376,0.031223542061004462,0.011668724037554262,0.027728950402537828,-0.02714558348674022,-0.08494731427240175
0.21056506155421376,0.34974063237649444,0.4074601783648305,0.2639252345920173,0.19004495748318836,0.3355767185846337,0.2479479284254913,0.3174938285919532,0.2698359781311083,0.22621506944337944,0.27436070121574424,0.316227074507339,0.19965867641070362,0.3148853760102177,0.2576863910906032,0.2452761777859372,0.1620989046719773,0.32910311984344515,0.1755742452029193,0.2912443590414756,0.09522645433864986,0.20950774450290996,-0.016196825772652756,0.07875500986361487,0.07660904727889649,1.4399127704440653,0.34032135644316824,0.2828998423070039,0.3175336868382246,-0.257932817842357,0.2090902532560193,0.3929450063003226,-0.18119048830510678,0.27508197578207777,0.24066420196549265,0.26488722765860534,-0.25682436024737126,0.18544267342773962,-0.8728414058564653,-0.040418891980314044,0.2632244701173708,0.2129141263329632,0.2718462393856346,-0.01931965396270688,0.1366456712651449,0.19630924508791886,0.07242351525182204,-0.09127853579037437,-0.5241934766358617,0.17763213955993654,0.06962089832351012,-0.19631745017831903,-0.29669072127350016,0.061844566321550075,-0.12206449499211591,-0.07066268240611684,-0.007580086720759763,0.2589370481964874,-0.2515072650494714
0.18588258701586077,0.3288188706663915,0.2673569167329474,0.1160505124123578,0.10859661387912006,0.2226321902906509,0.22648666205127288,0.13725584252190642,0.18652890444938913,0.3748301989496301,0.25430875657824537,0.3865322282102632,0.14573984269230816,0.08443296952570685,0.12444106044063866,0.20255664837693907,0.3076944180221966,-0.02647465566350374,0.09022146827865239,0.4310001280405643,0.07085402492809956,0.1779558258690721,0.3713768710359506,0.13128928224219155,0.25814837889367154,0.34032135644316824,1.815443970825132,0.21349267568855926,0.26205073072852814,0.3765679406544106,0.29807469311122503,0.1650451432248603,-0.0752617289859627,0.2794961739221802,0.39365718922278653,0.6477636827648893,0.0029983805259825567,0.23549355915666217,0.1732408363529713,0.17829433088978552,0.012154331990709701,0.16572469520873942,0.7126698315955393,0.05830844671875982,0.48479995892642685,0.04256448153705955,0.18062140350618883,0.0017220622100948605,-0.1896543797938605,-0.7038330615832203,-0.09321551185776232,0.056103859853479585,0.2173556444081823,0.3839180323398437,0.04055190253513511,0.16502375248548268,0.0778603461347499,0.15572734725248674,-0.5225066697606863
0.0328396898376716,0.2564212750810766,0.3293684062601017,0.08980049483134256,0.049878182182324565,0.10677821614953538,0.10736715473303476,-0.006881568908054492,0.11235828148171242,0.12933612280242832,0.13684980124497248,0.11422093841379799,0.10996819703967106,0.122060314003216,0.30023797314157374,0.18152464672273558,0.17244485564180104,0.08498474327074299,0.16498135985355783,0.024439728268717757,0.1861336766402986,0.09179944216046954,-1.1996954317226234,0.11649032459828,-0.15216852827718733,0.2828998423070039,0.21349267568855926,2.254999848155287,-0.544162192201941,-0.03281883967500003,0.3390608730236911,0.22488984400343345,0.39013354639714215,-0.12766425953037494,0.12129831865160239,0.6608921890575372,0.2124842579112133,0.0361405924466635,-0.05229862146346355,-0.02690982968005482,0.10458529396172313,0.21764725172384372,0.31465162105935507,0.19719614930452525,0.2409423363440103,-0.0014048296419796335,-0.13935890311288807,0.06494446373052712,-0.5093223253108837,-0.06391908360202586,0.05660541774493119,0.3554289311150381,-0.5354015463265103,0.03020522028490593,0.031350292981108765,0.07184735991443161,0.01666067996204164,-0.04730925694773636,0.04166984499702702
0.06179067885061868,0.26000396118814983,0.158742894179616,0.2339120065852689,0.21029590822479205,0.33106596023372964,0.21360868355144616,0.22652924185271522,0.2061376341459436,0.24943244006676557,0.28787947380017176,0.34560978536392417,0.16799751993754963,0.24771889459403332,0.2538640946544755,0.2995652586156735,0.25889362892454093,0.22159934022692732,0.18300296629370044,0.6945554844594232,0.07481507160238397,0.2760674163061951,0.6368237440630214,0.34520373153186035,0.7171661753176717,0.3175336868382246,0.26205073072852814,-0.544162192201941,3.2591619769061375,0.777719403084987,-0.168734154660115,0.24308454265475582,-0.6633297140044357,0.8524854852172841,0.38869437814404934,0.3761030393250759,0.04319119712593919,0.24246705377964606,0.1876127176390365,0.13916139516765746,0.0690907609483465,0.10950653716046073,-0.08565581760064955,-0.09634437423914767,0.46068417326782757,0.3582259002794759,0.700220320351685,-0.10369602004209409,0.4208303009846855,-0.27576098258003834,-0.14870081948723538,-0.011389351623539413,0.18939361404840432,0.1350859292273072,-0.14051760008840133,0.08306677842681305,-0.08556105071970911,0.10396035242127329,-0.17181862490871375
0.07832872236275196,-0.19487092309166093,-0.6802131694426726,-0.07824702105765026,0.04973341246040897,-0.025789021028598768,-0.03275223625109436,0.10643832921971735,0.05852386439054856,0.10805769115160711,0.12511977464438906,0.0857806706520678,0.057322451983944964,0.11425892514895199,0.12465167854157959,0.21028048702737248,0.11596282006899511,0.0325466704463425,0.059373961271357106,0.466771724308722,0.28181750343913237,0.15420292423496798,0.17485800738588897,0.19150743298245324,0.16839988634524708,-0.257932817842357,0.3765679406544106,-0.03281883967500003,0.777719403084987,2.7886761111595417,-0.0023176839122108304,0.055977190029212164,0.1597729947202994,-0.1479036174593449,1.2113895008192677,-0.1772933134059037,1.5090610383459875,0.2796906347187909,1.0864790876230548,0.42584969103939024,0.8936844631952264,0.3928309957566477,1.4069133211763845,0.3394360957318415,1.048950317229775,0.2182564593034075,1.1594246912674195,0.0995839517235322,1.049162095643193,-0.3685844431709048,0.030014537465869455,-0.24667759345736923,0.43252732480209144,0.14908653089075177,0.22047912030466504,-0.02366810323660402,0.06423797345026865,0.40294865250452355,-0.5875133420098179
0.16565860424340453,0.31627728032598784,0.35050921865065576,0.1549045786485215,0.16008172246279156,0.22876391490883835,0.1654025712385371,0.19596144276552976,0.15534995927922868,0.22094872204925872,0.23458465005667803,0.22242181110266482,0.12706691160169248,0.20745045465551412,0.21595682617876874,0.19147893384782452,0.2914266473196929,0.16979705190813357,0.16465143772084515,0.3867543002871395,0.2952301901320833,0.17828021728415272,0.23509100167310262,0.07196441075805395,0.4197563298876999,0.2090902532560193,0.29807469311122503,0.3390608730236911,-0.168734154660115,-0.0023176839122108304,1.6914333431681252,0.20600246836820174,0.08527821370827882,0.26522030804999863,0.1858882404405743,1.0259827797316687,0.07962131172520505,0.27635622244596814,0.2231069460061757,0.2080998593121281,0.20791980541125712,0.3016100338727195,0.1970477183443167,0.00963975365640074,0.2341367708182443,0.40065994961397683,0.09886083362514653,-0.012392832371707041,-0.856328418335957,0.08060687225634519,0.017237283119784858,-0.10664502348075981,0.1280433062978893,-0.11063508406433589,-0.007887040837926974,-0.07776769792688223,0.09804217233121765,-0.025161813417822608,-0.02092134502949757
0.19656424960451205,0.21652531460687355,0.22556039087966404,0.25292763851412065,0.227801415813244,0.31190289461376225,0.18597100185243537,0.27234037558295193,0.1650429406000451,0.2657965208934409,0.23560595683374919,0.28735569934780525,0.17169226281741953,0.4050312353867614,0.2447164505118554,0.3262656993150968,0.2562894899663237,0.21928684543161278,0.23008087827282847,0.25535973925707267,0.1958595096931673,0.25537296785272295,0.0738881335445384,0.17136414889979945,0.20297475708733267,0.3929450063003226,0.1650451432248603,0.22488984400343345,0.24308454265475582,0.055977190029212164,0.20600246836820174,0.6824681298611557,0.14000575548965072,0.17662607340364261,0.1585489698410188,0.3808847125925222,-0.023717221716895748,0.17020966629369322,0.03089117084742436,0.10304069640786026,0.09840940097307364,0.21113551119659318,0.10698412783592724,0.0009900212606802979,0.0837139680401699,0.20383557135446587,0.18271248647726512,-0.021174366030570775,0.022306629842032043,0.06865469777004675,0.011801555623595715,0.11438532633544109,-0.24663863541610692,0.03807952687322679,-0.07256500196489772,-0.17236117987372207,0.25903152247992617,0.12546950817463465,-0.2553832726393922
0.09333987261082896,0.033611587316107285,0.020400233417023343,0.06609822196317405,0.08272738693390597,-0.06062490062529197,0.05358657161603644,0.05861098903039443,0.13281769509960187,0.001778491597367587,0.0370297434922018,-0.005690794906850195,0.07311970977338803,0.07708361177118758,0.04592688342756282,0.0763961386628612,0.18146043617616084,0.0594185831305833,0.07711759532993198,-0.1422909136521178,0.3526277619169082,0.13373443147006217,-0.41600850832649067,0.11225406148510314,-0.060403893268120776,-0.18119048830510678,-0.0752617289859627,0.39013354639714215,-0.6633297140044357,0.1597729947202994,0.08527821370827882,0.14000575548965072,3.1771821129858484,-0.45613768433701807,-0.14809295719923274,-0.006667712214865426,1.1962738858991004,0.05079742022596006,0.3309809938271272,-0.10486339245790813,-0.012595284947097336,0.312602804064256,0.20070177109303944,0.0026993369289399723,-0.6560721115683588,0.2792720581827422,0.187711609226906,0.4447209170859502,1.0089493360827444,0.1545604101133806,0.19661836173501748,-0.09109810030089673,0.1403113596956085,-0.44102771784445555,0.11436213884680227,-0.06519558576528138,0.04202462702660298,0.047197662434619383,-0.0585098681466646
-0.04613746034954726,0.35520447660332255,0.4401021488445567,0.28135426144177,0.19250893370596942,0.35495972994277275,0.24797668338002635,0.28469360370592584,0.2297982566364215,0.29971629080587914,0.27659882711953127,0.2924594069718559,0.16606003815533002,0.21597098651602029,0.21702962117179744,0.24837316284696526,0.3430699695345222,0.20960956794128158,0.1718918741123919,0.45785669403101736,0.13967901350834447,0.25904529584516905,0.4208680473846106,0.10846008572939862,0.6008174132563338,0.27508197578207777,0.2794961739221802,-0.12766425953037494,0.8524854852172841,-0.1479036174593449,0.26522030804999863,0.17662607340364261,-0.45613768433701807,1.9020623184366827,0.28946793308815166,0.34200758080574295,0.03426075498439147,0.17746990774915822,0.16786564614716543,0.05119164547145527,0.01883673498363391,0.22235186204786847,0.45624196069490763,0.14716070398303502,-0.14461804319263621,0.29309233444088467,0.3465791647599437,-0.009393506781783191,0.45695229143585053,-0.40759001812339757,-0.058484638924831175,-0.2816329119539487,0.37331728573486145,0.002680356938380342,-0.072476748178334,0.07080011326969636,-0.17855233716860167,-0.032140542127355405,0.20277418347706394
