1.0346140336742498,-0.0015892656306147202,-0.002216261880163316,-0.0026289408093975834,-0.0023169678116338284,-0.0008271139127690571,0.005331999023443629,0.0021101667595767952,0.00040123996356045605,-0.001668811364918902,-0.0008236513049706372,-0.0008117317691627294,0.0006773924031149551,0.0006298683109093476,0.0010034289213664918,0.0010528774300687925,0.0009714419945924765,0.0010196015058613922,0.0009990551988826842,0.0011545150426660702,0.0013246523516317057,0.0011521400404630535,0.0007721966925016763,0.000564919040223396,0.0003687622458116187,0.00030877905230926604,0.0003057365827295481,0.00034053651613283895,0.0004022000475697324,0.00019275345480612957,2.1579329170643862e-5,-0.0001680895479845041,-0.00030190463228717246,-0.00033942159095641473,-0.0003790705582157382,-0.0003300954719779667,-0.0003047032982042514,-0.0001622652400307118,-5.1864320774860975e-5,-3.6896523656363565e-5,-4.1980797454907326e-5,-0.00011665361396910473,-0.00044235289065741324,-0.00040981273600548135,-0.00035639060009870044,-0.00038042530666768305,-0.00031583911954218816,-0.00027455262933198985,-0.0002055219918987261,0.0004368379770545625,0.0004102595075907118,0.0004405738115198814,0.0007075215640722936,0.0007993498762428313,5.476732108085802e-5,8.045392701610255e-5,8.358746156111605e-5,8.445970402864938e-5,-1.5423282985111118e-5
-0.0015892656306147202,1.0333361972387092,-0.0034428497266609783,-0.00436198344814292,-0.003459349947057899,-0.0006101941390790256,0.011503269684341807,0.003329978216397247,0.000461342913414585,-0.0026897862398191303,-0.0014923004128264002,-0.0015407957591244128,0.0007877625033665766,0.0003550610643901224,0.0011132580604950395,0.0009003969160141799,0.0010116343162169267,0.0009601598652765504,0.000859680539604839,0.0010712244490408021,0.0012315041055192136,0.001040987191920287,0.0007511784721888383,0.0005126689994971289,0.00041942667882542483,0.0002754681017567435,0.00031384577273563583,0.00030732374375522047,0.00037663121164586917,0.00020873589902994726,9.212870009147525e-5,-7.300728311254881e-5,-0.00018972370930104104,-0.00023770693509344966,-0.00029558320027026254,-0.0002617984058801765,-0.0002721539941170312,-0.00014910064239774667,-5.891487358489796e-5,-4.034281531130631e-5,-4.713068373805416e-5,-0.00021653522742080762,-0.0006916108887547401,-0.00028518991549056973,-0.00021052744947269752,-0.00022931767490905262,-0.00018721636105570658,-0.00018204634959466745,-0.00014231453169982343,0.0004053030086714843,0.0003779519701471967,0.00037496339099123675,0.0005650656293448607,0.0007008200773041509,0.00014580917725875121,0.0001813167514569813,0.00013937661953518346,0.00013728278283430638,-1.8313600198731067e-5
-0.002216261880163316,-0.0034428497266609783,1.030102381146134,-0.007107105391600558,-0.006249853674174304,-0.0007079945111594454,0.022719882762859106,0.005457361105000328,0.00037103174128753544,-0.0043028396840883104,-0.001953898397989121,-0.0027121803259340907,0.0014009653047584447,-0.00011777734156943901,0.0011776133970002943,0.0005843155239915396,0.0005121425937493577,0.0006593500935126597,0.0005712120279394952,0.0006735698603979663,0.0008244638038901826,0.0006403199719461745,0.0006297460792979491,0.000396981479673389,0.0005448031599164998,0.00020590057790697888,0.00027471510265674387,0.0002035786291296876,0.00027159144283052795,0.00021699980900013823,0.00021831849661000142,0.0001249335877755103,7.263110255378006e-5,1.860140647998503e-6,-8.186391546136943e-5,-8.926992007181198e-5,-0.00018394275690978684,-0.00011949699511532378,-8.27109425159929e-5,-5.89222628559955e-5,-8.338115740605258e-5,-0.00046080869786926503,-0.0014135368667526087,-0.0003066115576680794,5.012515560421663e-5,0.0001678496704062233,0.00022025108765606245,0.00014018376581822207,0.0001063807841628536,0.0002254630303355982,0.00030675343745141683,0.0004527637471120362,0.0006146908693578225,0.0007939271630416825,0.00022839495810794523,0.0003291716544243314,0.00032320193523547935,0.0002936088866524783,6.7091339680387046e-6
-0.0026289408093975834,-0.00436198344814292,-0.007107105391600558,1.0258709553042626,-0.009280137603861226,-0.0036080199452820875,0.028745854901727562,0.007256820842112266,0.0002328359015608331,-0.005588866826237713,-0.0022658910559322336,-0.003285872926320405,0.002071214183495052,7.024245278963339e-5,0.00215856132696802,0.0014386881000635525,0.0014471713656241377,0.001552124129010262,0.0016369668296004369,0.0015764119438812744,0.0016252257220926377,0.0012628246514632417,0.0014357547793406662,0.0010109579551263728,0.0009968566924531041,0.0005752861298210192,0.0006484267918522198,0.0005826705467035697,0.0006335313600588076,0.00045526811682129287,0.0003309082430440008,9.188257453506053e-5,-5.2350856977487175e-5,-0.0001736676570953057,-0.0003066575150916001,-0.00030157155612093895,-0.0004349897998458355,-0.0002988557855111855,-0.00020178910503432335,-0.0001450783052357177,-0.00015379927269093752,-0.0007091609571626556,-0.002953932398627974,-0.0011238692083877764,-0.0002567556420864263,6.811070829927847e-5,0.00026957078205746697,0.00018561101358066567,0.00017526502706426372,0.00032661109760890304,0.00021945877365695107,0.00035411593302963907,0.00014618168996359497,0.0007680501182595913,0.0003666748582683054,0.000431646101291398,0.0003651958397558338,0.00035161260813393054,4.129377800814918e-5
-0.0023169678116338284,-0.003459349947057899,-0.006249853674174304,-0.009280137603861226,1.023966513587724,-0.011035129611275039,0.016436553107118706,0.008530419890035145,0.0029754947562079283,-0.003773837093335619,-0.00013269021431700203,-0.002808329731089197,0.0030643996135352454,-0.00027143431886052135,0.003353436376019875,0.002726088118816502,0.0029265111241133313,0.003010240100651915,0.003333543513016208,0.0033954678202216173,0.003549794201272991,0.0031176373654957386,0.0026865302264143815,0.0020568026325196546,0.0015623948320344647,0.0012987199381790354,0.0014684575597693381,0.001366037602488148,0.0012766115750559924,0.0007624169009057137,0.00029986791132877085,-0.0002136890168197506,-0.0005152944505091886,-0.0006892352213938619,-0.0008160315563203913,-0.0007281736149052605,-0.0008381481369323842,-0.0005955704545719359,-0.00040671247983243354,-0.0003071856085978238,-0.0002609346292102836,-0.0007317753201223061,-0.0034043152007388324,-0.0024787001169437727,-0.0010357624985574871,-0.0003778884306881275,0.00013939742712538013,0.00014143486210334448,0.00023826564319247325,0.0005611765041163261,0.00045313981048293237,0.0008076528521100407,0.0007412725930049813,0.0017383315857415036,0.00024582470816135,0.00018183430771164633,0.00013876223980339086,0.00015040323229103552,8.10416046418436e-5
-0.0008271139127690571,-0.0006101941390790256,-0.0007079945111594454,-0.0036080199452820875,-0.011035129611275039,1.0055815784406248,-0.04472527368453614,0.005682173297968678,0.012616282872381066,0.002981997506062353,0.0042289284682291315,0.002352045579095397,0.009432662791127906,-0.0019259524725348926,0.006595184290401511,0.005738298711996052,0.008539277278122984,0.007466351661365915,0.007994614786605979,0.00831415971382911,0.009039749983036662,0.008146150369388577,0.0053449441297340194,0.003729036057674695,0.00196524602923682,0.001878139450313171,0.0024858144145109696,0.002467893903037183,0.0026463986526389384,0.0014223056207601215,0.0004951451227773077,-0.0007484458093250386,-0.0014963925503553846,-0.001782871505848417,-0.002029435852830735,-0.0017930495668193355,-0.0019037421519809126,-0.0010586081394214812,-0.00039133732550005677,-0.0001813051384871947,-5.4491786148941075e-5,-0.00044330229370392383,-0.0018141793290124492,-0.0032790383749908814,-0.0017650294174711737,-0.0009383161573952219,0.00010609956703982372,0.0001302580042933792,0.000362686852454285,0.0019432735307537505,0.0012273260774569685,0.0010586223763131048,0.0013556494606832782,0.0028839409797120448,7.970483554948509e-5,-0.0002849922416122465,-0.000280222571828718,-0.0001926970173159924,0.00016807436386756828
0.005331999023443629,0.011503269684341807,0.022719882762859106,0.028745854901727562,0.016436553107118706,-0.04472527368453614,0.6353048202484674,-0.027648141428211925,0.04303344562724656,0.05396767336937382,0.051580066106462846,0.03768200313670333,0.03137749665199631,-0.003778324706512108,0.020737749300301644,0.007925466822923123,0.022195385014192038,0.014101348769450872,0.010615614157564708,0.022678099954987794,0.029844631160019477,0.026531410960185325,0.013837607085027995,0.010027404660811203,0.013528022846292759,0.006322357458422937,0.008567289256665535,0.00545203361154715,0.00834124092246931,0.004357352434086678,0.0033988531813292037,0.0011365114252561556,-0.0019549886527203833,-0.0018978461207846075,-0.0037343439837800984,-0.0032394638535818243,-0.0036184218731017044,-0.0018588541297345515,-0.0006437023129642779,-0.0012087228772773996,-0.002922958604969496,-0.009957321100203536,0.003028562194295489,0.0050436341793912084,-0.0023293490125218664,-0.004958763226222967,-0.00518924722891247,-0.004497249917685693,-0.003625901724429505,0.004338447494516782,0.0031160688005726963,0.002124295981615113,0.004209007047409853,0.005593324482289573,-0.0006895266602702916,-0.0024402149270691103,-0.003350455282682301,-0.0030984875000790906,-0.0011373805115722712
0.0021101667595767952,0.003329978216397247,0.005457361105000328,0.007256820842112266,0.008530419890035145,0.005682173297968678,-0.027648141428211925,0.9505596518028995,0.008051831364912766,-0.03653402913901711,0.04287714374821687,0.0016394030835189543,0.003360873963033895,0.02111365723370015,0.0005653597780013833,0.009811653578790071,0.00029985730566729285,0.0040043185303206595,0.0032493061541140084,0.0026715141316121026,0.004367105627882608,0.002943225970320782,0.0040930112094086256,0.0032692279022335908,0.003968229142646613,0.0029573629967944363,0.0031743309969569896,0.002877327594558278,0.0023313344672223767,0.001854702100846315,0.0021021723542619846,0.00081888545830971,0.0006731657569841213,0.0006759112720726502,0.0002972899441261752,-0.00012802760790564231,-0.0005940837794126693,-0.0011041553802158943,-0.0012135702710422147,-0.001120036532815905,-0.0011288907829376045,-0.0033016537080279643,-0.014834395268429074,0.0007380861157816477,0.0010686439702791487,0.0007122436747375666,0.0008622434286242494,0.0007855451745982421,0.0007611304052083619,-0.000531370242747457,-0.0007263104336909532,-0.0007877979144921416,0.0001694482752896751,-0.0006227565355575958,-0.0008882898683175031,-0.0012463482049754739,-0.0006445626519658282,-0.0005276616668164239,-0.0008661398130700132
0.00040123996356045605,0.000461342913414585,0.00037103174128753544,0.0002328359015608331,0.0029754947562079283,0.012616282872381066,0.04303344562724656,0.008051831364912766,0.8814949935977843,0.07508285149796973,-0.06099282146590341,0.013989892832141661,0.00932990713677091,0.012481237712942156,0.02489873193353754,-0.003430459332736324,0.012054603348530087,-0.004428231347173387,0.004766106418130119,-0.0005771806506854536,-0.00033118422602710404,-0.0007095471918441822,0.0025831211713041816,0.0013646770437684887,-0.00010761614971351246,0.0018048748351206915,0.003342819554802838,0.002569378865756283,0.0016306356269846472,0.0010558308330915664,9.898876224469563e-5,0.0003664434700585557,-5.4623743737794345e-8,-0.00044229605854814925,-0.0005495049035891954,-0.0002582672818150317,-0.0003180022549539745,-0.000527223830793069,-0.0012084797226660391,-0.001112257236365566,-0.0006561642323465588,0.0006334916400616479,-0.0024474080215662413,-0.000565086126425957,-0.0005251247426401906,-0.0005873706123637445,-0.00038735875175946016,-0.00015518552920622882,6.001538436557754e-5,-0.000922723993590489,-0.001663806742187179,-0.0013447611438043288,-0.003117287568256964,-0.0018241517780804538,-0.0006622680375503264,-0.00029911571097010974,-0.0008803890201911203,-0.0008907755699072407,-0.001228463033749373
-0.001668811364918902,-0.0026897862398191303,-0.0043028396840883104,-0.005588866826237713,-0.003773837093335619,0.002981997506062353,0.05396767336937382,-0.03653402913901711,0.07508285149796973,0.8987128690996335,0.027354847419085802,-0.019744347936026828,0.0012364654811193997,0.02523041018965628,-0.012404287471407786,0.018272515663890824,-0.00269249202384033,0.005569108477774597,0.003856359588498418,0.0014877297800054868,0.0005655530294903663,9.870981585423391e-5,0.0034326641585084756,0.003418825262200556,0.0028529185372004042,0.0031521223850531767,0.004057363694264541,0.002897969241098067,0.0018592027008603336,0.0009921170456075358,0.0004923019387763271,-0.00014114712924429435,-0.00042346835734957894,-0.00019061693892281602,-0.0001918959840205702,-3.8617358609037884e-5,-3.458807338842704e-5,-0.000677553199711857,-0.0011840978266091586,-0.0012578928446244676,-0.0011558595513970326,-0.000984800581805328,-0.0006506689117263121,-0.0008677980163080906,-0.0008296627584044248,-0.000559814857926258,-0.00017177839461712926,0.00010671155397272196,0.0003400116962627983,3.231679052029055e-6,-0.0004671945072334564,-0.00047345375050273936,-0.0014303852404642856,-0.00011274890666100079,-0.0012898050025012412,-0.0010828842690887525,0.0010652991448590046,0.0009104437514700284,0.00043550987524919316
-0.0008236513049706372,-0.0014923004128264002,-0.001953898397989121,-0.0022658910559322336,-0.00013269021431700203,0.0042289284682291315,0.051580066106462846,0.04287714374821687,-0.06099282146590341,0.027354847419085802,0.9212770149125217,0.025163514777472678,0.010649765539633227,-0.004275373688679837,0.018812894020143692,-0.004581732706604191,0.011156123764468182,-0.004123741060480768,0.004411305113464458,5.1257637497942775e-5,-0.00012180463096444882,-0.0005581657713587545,0.0022319546907114836,0.001033362876266729,-0.0005330319239607543,0.0019115924587154915,0.0036750025024680543,0.00261915291386481,0.0013080819998483823,0.00040708741855474196,-0.000295355493010562,-0.000668990988026321,-0.001214262217462144,-0.0010601161062872332,-0.0007551774864524345,-0.00014780879258350691,0.0004286255627306734,-0.00022019314510132636,-0.000879104474056611,-0.0010446065035292502,-0.0005176771879938888,0.0013574039628873526,0.0015326527938020645,-0.0006562738646916076,-0.0013476100688449822,-0.00150940679087389,-0.001394657202918184,-0.0009182533706744274,-0.0005401254291289107,0.0003542626165693363,-0.00024975935535101457,-0.0005965176972662138,-0.001738995608167729,-0.0005251677659416262,0.00016266274811644788,0.0009542108214196391,0.0015507235407212613,0.001216173838884243,0.0007832546813719255
-0.0008117317691627294,-0.0015407957591244128,-0.0027121803259340907,-0.003285872926320405,-0.002808329731089197,0.002352045579095397,0.03768200313670333,0.0016394030835189543,0.013989892832141661,-0.019744347936026828,0.025163514777472678,0.9944746924309854,-0.0141494041605354,-0.00021332191653235884,-0.004801822401188648,6.584315283930878e-5,-0.0017861320320029584,0.0016151775183424462,-0.00022360877920994012,0.0014465018245383983,0.0005213391810532566,0.0007166080332581952,0.0013084285686947646,0.0023433677362006532,0.0026334200225041514,0.002449937380498539,0.002569754714830368,0.0016346500496622538,0.000539068533209539,8.917139734315964e-5,-0.0004620690971941042,-0.00018212313843365965,-0.00013241226948863038,-0.000259805319866544,-8.487920019177364e-5,7.37296636938813e-5,0.00010486550626945375,-0.0003404930778810595,-0.000789931002957953,-0.0008138360963292512,-0.0008486304274975811,-0.0005127529519932774,0.0035736629397385335,0.0003321122887366259,-0.0009078485568405513,-0.0010234233363846277,-0.0010138030128533622,-0.0006095419182963695,-0.0003333417990845324,-0.0003825063385097685,0.00012734695406510515,0.0005890298625794445,0.000966454521513562,0.0007155681569186396,0.0012189952329648254,0.0027508168369015876,0.0016764908696008179,0.001437790342998569,0.0008330793143999351
0.0006773924031149551,0.0007877625033665766,0.0014009653047584447,0.002071214183495052,0.0030643996135352454,0.009432662791127906,0.03137749665199631,0.003360873963033895,0.00932990713677091,0.0012364654811193997,0.010649765539633227,-0.0141494041605354,0.9863225989425929,0.00678422170686496,-0.009777870183334893,0.0035801642862443883,-0.005879830447405477,0.00048516934180955546,0.00035367398642285246,-0.00023174101191227698,-0.000548035833001772,-0.00033593954582769863,0.00039528873978434916,0.0007016557422569667,0.0005748675587185503,0.001666237113627723,0.002126432057956755,0.0013800378430096551,0.00014289073000300025,-0.0004815547480468494,-0.0006005771439330696,-0.0013048081782987338,-0.0016138672385369078,-0.0010779931218383922,-0.0004915984443726167,3.8225868388164024e-5,0.0009585981428972185,8.094608593478474e-5,-0.00037347529238575586,-0.0007387967915225266,-0.0005931175869302607,0.000663415328103408,0.0035996370711291496,0.0010974916121910686,-0.0012726212845497926,-0.0021790759462125137,-0.002613758374049006,-0.0019912680009333095,-0.0015431321328095728,-0.0006404773849753904,0.0002644152288230142,0.0008752917761364749,0.002085249973907758,0.0008721225916615405,-6.013713753749472e-5,-0.0003555102850436134,0.00037638648168627684,-0.00024337029763155414,0.0005062430154270777
0.0006298683109093476,0.0003550610643901224,-0.00011777734156943901,7.024245278963339e-5,-0.00027143431886052135,-0.0019259524725348926,-0.003778324706512108,0.02111365723370015,0.012481237712942156,0.02523041018965628,-0.004275373688679837,-0.00021332191653235884,0.00678422170686496,0.9961479902298789,0.000620095689258913,-0.017180371822527837,0.00048277200696453525,-0.0038116384866207706,-0.0016743631833964511,-0.0008801103584944339,-0.002340848368443509,-0.0015949395665316316,-0.0009806558686447154,0.0004929954756279874,0.000999555775901872,0.000931797349211413,0.0006559463814739997,0.00020248269692434961,-0.0008604176414645841,-0.0007032639026187131,-0.0009151651616646602,-5.9857830607938e-5,0.0005820021327579607,0.0003476472087116303,0.0006413144156996734,0.0005588101904070167,0.0004484388014077061,-1.8724152475243825e-5,-0.00038392383353125697,-0.00027023486245230136,-0.00011336231013696864,0.0005787959865980182,0.005176586526030767,0.0013351162419446643,-0.00011493328040140125,-0.000371469715402513,-0.0006373946968627443,-0.0003430923673028413,-0.00021127531365071694,-0.0002573528543629551,0.0007336795226918218,0.0003408782928894795,0.002254288597428325,0.0014545963814877189,0.0004277596607389555,0.0008145214053536221,0.0006377871891610229,0.0005970256139278902,0.00020117667884239924
0.0010034289213664918,0.0011132580604950395,0.0011776133970002943,0.00215856132696802,0.003353436376019875,0.006595184290401511,0.020737749300301644,0.0005653597780013833,0.02489873193353754,-0.012404287471407786,0.018812894020143692,-0.004801822401188648,-0.009777870183334893,0.000620095689258913,1.006510659239116,0.001030273368007205,-0.008671317748688664,-0.0011556402119569105,-0.004141269732784264,-0.003815197943639746,-0.004257757703496396,-0.0030467241462420946,-0.00244657572041853,-0.0012621182454501001,-0.0006866056763489225,2.0355421995027908e-5,-0.000309952437986327,-0.0005391948797681565,-0.0014382935345676065,-0.0010709647438965177,-0.0007885124451034789,-0.0006540796834495768,-0.00034999448332842943,6.5061396887692646e-6,0.0005534393230363201,0.0007458248377652484,0.0012977247968659165,0.0004818610085697965,-2.266140438459507e-5,-0.00027067727984416193,-0.00027540886864694896,0.0007602620832995432,0.0031953142503873743,0.001366050592125671,1.696161617324903e-5,-0.0004873078308510859,-0.0009678791582241562,-0.0007043069063314666,-0.0006026459368554576,-0.0007191107894910035,-0.0002270821634493,-7.268783924721001e-5,-0.00018459192176037214,-0.0013786136106571246,0.0010533649669697163,0.0015574064418542065,0.00018778862107886372,0.0009055825713411564,0.00019055966069267283
0.0010528774300687925,0.0009003969160141799,0.0005843155239915396,0.0014386881000635525,0.002726088118816502,0.005738298711996052,0.007925466822923123,0.009811653578790071,-0.003430459332736324,0.018272515663890824,-0.004581732706604191,6.584315283930878e-5,0.0035801642862443883,-0.017180371822527837,0.001030273368007205,1.0151414168422157,-0.0020208299367793555,-0.005701234229591916,-0.0028348055403914518,-0.0043858231095861705,-0.0050524080389484785,-0.003276891333156274,-0.002636784519052041,-0.0013332307826539012,-0.00039643093037980675,-0.0002881172264687359,-0.0004900524134996081,-0.0008775823706199912,-0.001658805028513225,-0.0009765580118792983,-0.0007454338990818729,0.0003855544320858884,0.0013624603082566507,0.0012001397190966054,0.0014495658173185823,0.0011798996551083156,0.0008886417100680099,0.000327802277879776,-9.261384246329601e-5,6.857226962487571e-5,0.00029833304906464977,0.0009495198913195882,0.004884528609148493,0.002294077611795159,0.001192812499362007,0.0009989518447504656,0.0006461869846086222,0.0006566474080391622,0.0005269001210544147,-0.0013615575558749867,-0.0007115544769435,-0.00041696210541288426,-0.0007868166265332777,-0.0016665608624483487,0.00028244149435259887,0.00037024739780588115,0.0002677632433386407,0.00048803980865743334,0.00020558006929990782
0.0009714419945924765,0.0010116343162169267,0.0005121425937493577,0.0014471713656241377,0.0029265111241133313,0.008539277278122984,0.022195385014192038,0.00029985730566729285,0.012054603348530087,-0.00269249202384033,0.011156123764468182,-0.0017861320320029584,-0.005879830447405477,0.00048277200696453525,-0.008671317748688664,-0.0020208299367793555,1.0189548729598243,-0.0022622986655058013,-0.006381358950595188,-0.0072380580697067485,-0.006929141633817015,-0.0047180779913267015,-0.004391547442518265,-0.0031056020030058584,-0.001900661367189885,-0.0015443075456432287,-0.002177055101013664,-0.002178724586728776,-0.0023539143620831047,-0.0012306553693752036,-0.000611466232220797,0.0001929270581563601,0.000801074803309178,0.0010244968380872875,0.0013391283467099296,0.0012651568518691543,0.0014074093335629725,0.0008405652134479967,0.0004478570869513133,0.0003405332154224154,0.0003206209505546369,0.0008598164237827696,0.0028385036169658855,0.0011048009019496642,0.0010701241737729869,0.00111757411531589,0.0007041684877022255,0.0005759246328669683,0.0003337916764276565,-0.0010799264133193548,-0.0008169302548415355,-0.0010060974579390006,-0.001572994331078249,-0.002913632808679353,-0.00034864504620156256,-0.00039322431320949655,0.00023789892627660935,-0.0006020285247937761,6.903258381320896e-5
0.0010196015058613922,0.0009601598652765504,0.0006593500935126597,0.001552124129010262,0.003010240100651915,0.007466351661365915,0.014101348769450872,0.0040043185303206595,-0.004428231347173387,0.005569108477774597,-0.004123741060480768,0.0016151775183424462,0.00048516934180955546,-0.0038116384866207706,-0.0011556402119569105,-0.005701234229591916,-0.0022622986655058013,1.0269356129225127,-0.006902700235291087,-0.005392854612098891,-0.005223046421927065,-0.004796939147037021,-0.005114859895115421,-0.003812391878956039,-0.0027727390609940017,-0.002676883064314321,-0.0031166041317752954,-0.00240624450429928,-0.0023222614241248905,-0.0009769330419257991,-0.0001855959186617073,0.0010174256344172923,0.0021051083898876925,0.0019118989521620731,0.0019650187231622517,0.001457846979190515,0.0009378890579387831,0.0007414601546000847,0.0005262987876648474,0.0007521995697438597,0.0009073818842882769,0.0010751339925295581,0.0006239824493942443,0.0012644364533142677,0.0024326530724412742,0.0029137686325021255,0.0027544750259412706,0.0022142564028219025,0.0016552434604221826,-0.0014540333932080475,-0.0011781705554063401,-0.001319336887616465,-0.0017364195553857204,-0.00219939263179409,0.00013368714996199655,0.00022708296132180182,-0.00024806515107379687,-9.00631999330967e-5,-0.00014239843852398098
0.0009990551988826842,0.000859680539604839,0.0005712120279394952,0.0016369668296004369,0.003333543513016208,0.007994614786605979,0.010615614157564708,0.0032493061541140084,0.004766106418130119,0.003856359588498418,0.004411305113464458,-0.00022360877920994012,0.00035367398642285246,-0.0016743631833964511,-0.004141269732784264,-0.0028348055403914518,-0.006381358950595188,-0.006902700235291087,1.0223191534059444,-0.006334017915892198,-0.005099823681457178,-0.003984419142017028,-0.007949281357578782,-0.006700091336789283,-0.004841314516147227,-0.004875042186216124,-0.005504551831881347,-0.004395577745547451,-0.003366822825253684,-0.0014490056203982377,-0.00016204797850464563,0.001305858360218387,0.002208918190810407,0.002440758276859574,0.0025174903514973033,0.0020814103724430505,0.0016988217567846014,0.0015986410395827976,0.001451680741062457,0.0014229611668264842,0.001198698582840501,0.0011668081979030983,0.0026328649352219966,0.00047992848513467556,0.0027649983766300764,0.0038302785405376393,0.003679753370727778,0.0028220171331545065,0.001988547819507901,-0.001508139498941559,-0.0011944562707731303,-0.001303532444579923,-0.001978375438494812,-0.0025984994026449237,0.00022083903158841764,-0.0001514341016386625,-0.0005433258349070494,-0.00039606907558739786,-0.0002415964706511855
0.0011545150426660702,0.0010712244490408021,0.0006735698603979663,0.0015764119438812744,0.0033954678202216173,0.00831415971382911,0.022678099954987794,0.0026715141316121026,-0.0005771806506854536,0.0014877297800054868,5.1257637497942775e-5,0.0014465018245383983,-0.00023174101191227698,-0.0008801103584944339,-0.003815197943639746,-0.0043858231095861705,-0.0072380580697067485,-0.005392854612098891,-0.006334017915892198,1.0250344307231967,-0.011252097268683323,-0.009854116840394282,-0.0074253732278340475,-0.007063234114777106,-0.00602894538607957,-0.006022319589016753,-0.006541709600093189,-0.00547470856941805,-0.004139296741427681,-0.0015998291094422566,0.00047436702367891815,0.0017948637585345263,0.002876755690299136,0.002873435042393183,0.0028066051299618353,0.002186954173277887,0.001523749368388707,0.001720033145279095,0.0018847860136266192,0.002105212392203307,0.0022787550318949822,0.00201958665412571,-0.00018412896635552537,0.0007805791312876201,0.004185727029140142,0.005574464333090414,0.005569683949524553,0.004290973123332529,0.00312233123604848,-0.0015949893243252164,-0.0011533523645203872,-0.0012670539183616482,-0.0018343962330179932,-0.0029971175853557488,-0.0002502396143523721,-0.0004984752653031311,-0.00037384020125326645,-0.00023055241066930815,-4.723822428151217e-5
0.0013246523516317057,0.0012315041055192136,0.0008244638038901826,0.0016252257220926377,0.003549794201272991,0.009039749983036662,0.029844631160019477,0.004367105627882608,-0.00033118422602710404,0.0005655530294903663,-0.00012180463096444882,0.0005213391810532566,-0.000548035833001772,-0.002340848368443509,-0.004257757703496396,-0.0050524080389484785,-0.006929141633817015,-0.005223046421927065,-0.005099823681457178,-0.011252097268683323,1.0203445990425204,-0.014893139265754087,-0.008614469680106636,-0.007845863924465154,-0.0073455899486359845,-0.007808656026717148,-0.008481114729318725,-0.006888371648076101,-0.004850657209172205,-0.0018846038866328742,0.0004824875711200564,0.0020570156787452216,0.0031986711568227975,0.003318562536087496,0.003232008082530944,0.0025510151504700845,0.0018378284444229183,0.002257855415737927,0.0026760430626469357,0.002851891699590847,0.0030026125595137313,0.00257434187892966,0.0026978843089379284,0.0007091481976266846,0.0044607793357345,0.006139422283517792,0.0060774062833619654,0.004602479297999157,0.003253517364786413,-0.0016664148916457366,-0.0012282401408433648,-0.0013846998204506168,-0.0020449080167664604,-0.0031682750874146848,-0.000532240390097272,-0.0006789559342752719,-0.0003172226975945057,-0.00013767428157310797,6.398304350728987e-5
0.0011521400404630535,0.001040987191920287,0.0006403199719461745,0.0012628246514632417,0.0031176373654957386,0.008146150369388577,0.026531410960185325,0.002943225970320782,-0.0007095471918441822,9.870981585423391e-5,-0.0005581657713587545,0.0007166080332581952,-0.00033593954582769863,-0.0015949395665316316,-0.0030467241462420946,-0.003276891333156274,-0.0047180779913267015,-0.004796939147037021,-0.003984419142017028,-0.009854116840394282,-0.014893139265754087,1.0196067736689989,-0.008452701629653737,-0.008206700696205643,-0.007705658850928811,-0.00863767757868659,-0.009100271482873408,-0.007059598669629253,-0.004574424603038584,-0.0014173589943298455,0.001174357110523992,0.002647656639132123,0.003647652438388829,0.0037357027782604587,0.0034301911658128157,0.002632023532405864,0.0016259044021957347,0.0023018556901809764,0.0029548322896408934,0.0032234749739825696,0.0035530396985139112,0.002421943149886448,-0.0011476812688655427,-0.0011945255376405975,0.004427294023675684,0.006899109255971827,0.007155451928207278,0.0054394311883684595,0.003900649999883069,-0.0015090256859110838,-0.001106416586634677,-0.0012035170257313264,-0.0016387512918476814,-0.0024808735430682325,-0.0006529718465742775,-0.0007826839821256453,-0.0003101826981800261,-0.00010065289375651159,7.326087936675483e-5
0.0007721966925016763,0.0007511784721888383,0.0006297460792979491,0.0014357547793406662,0.0026865302264143815,0.0053449441297340194,0.013837607085027995,0.0040930112094086256,0.0025831211713041816,0.0034326641585084756,0.0022319546907114836,0.0013084285686947646,0.00039528873978434916,-0.0009806558686447154,-0.00244657572041853,-0.002636784519052041,-0.004391547442518265,-0.005114859895115421,-0.007949281357578782,-0.0074253732278340475,-0.008614469680106636,-0.008452701629653737,1.0268316162620372,-0.008599807480445695,-0.007926426487263067,-0.00797596124561567,-0.008572834911766834,-0.006476062757530144,-0.0043053056014358305,-0.0015599053086184655,0.0004030928354075192,0.0016635534598339527,0.0024957213781907593,0.002617624532549609,0.0025175846314984024,0.0019455883446265075,0.0013202038354680173,0.0021130844458245937,0.002928805719623685,0.0032784435725808866,0.00386746083707571,0.003896901198937589,0.0027241383943827097,-0.0014746201879672913,0.0030384051867191346,0.005282158820520345,0.005630889929239429,0.004281672550504863,0.003046494246587399,-0.0010855717742696267,-0.0008221688498467426,-0.0008779556246164861,-0.001322444179437818,-0.0019789922777154493,-0.00026744040023816366,-0.0006989889096797906,-0.0005372984499484985,-0.00033547145100514973,-9.245417163248602e-5
0.000564919040223396,0.0005126689994971289,0.000396981479673389,0.0010109579551263728,0.0020568026325196546,0.003729036057674695,0.010027404660811203,0.0032692279022335908,0.0013646770437684887,0.003418825262200556,0.001033362876266729,0.0023433677362006532,0.0007016557422569667,0.0004929954756279874,-0.0012621182454501001,-0.0013332307826539012,-0.0031056020030058584,-0.003812391878956039,-0.006700091336789283,-0.007063234114777106,-0.007845863924465154,-0.008206700696205643,-0.008599807480445695,1.0260844671031553,-0.009190461801941703,-0.009301741838106472,-0.00926039131882793,-0.007057879832123147,-0.00422283529099324,-0.0013390239491402238,0.0008598603790838518,0.0021393425945246424,0.0027669310774911422,0.0028846255056659232,0.0024673780029490855,0.0018283462007159389,0.0010265600162384224,0.002164206529219406,0.0033983985810682876,0.003891714312460795,0.004847906789502546,0.004660826023126161,0.0017992218038075686,-0.0026868414438380936,0.002996786587577037,0.005867005004789314,0.006459776037691281,0.004904717352595937,0.003514027733990644,-0.0008506814254118122,-0.0006449419111848248,-0.0007704470414162635,-0.0011350049281952965,-0.0017039143558124823,-0.0003131346365281485,-0.0008959589238113222,-0.0006228613937625123,-0.0003314085428373148,-7.091944539354964e-5
0.0003687622458116187,0.00041942667882542483,0.0005448031599164998,0.0009968566924531041,0.0015623948320344647,0.00196524602923682,0.013528022846292759,0.003968229142646613,-0.00010761614971351246,0.0028529185372004042,-0.0005330319239607543,0.0026334200225041514,0.0005748675587185503,0.000999555775901872,-0.0006866056763489225,-0.00039643093037980675,-0.001900661367189885,-0.0027727390609940017,-0.004841314516147227,-0.00602894538607957,-0.0073455899486359845,-0.007705658850928811,-0.007926426487263067,-0.009190461801941703,1.0250944913657107,-0.009888184648397831,-0.009962933460490922,-0.007109903141924232,-0.004295237149357887,-0.0015120444679458628,0.0007173200904266456,0.0016620528134629348,0.002559539946822235,0.0023604130878880215,0.00200401768725424,0.0012310831247032581,0.00048803851540843424,0.0018959432159473628,0.0032653851812317106,0.0038105195590542812,0.004416938147121018,0.00444893931341499,-8.31915309842728e-5,-0.00039701275757796306,0.0043981691209163095,0.006084191375981753,0.006333951913600083,0.00466268904582041,0.0033099525959754206,-0.0005387606234875001,-0.0003556977921727509,-0.0004825987859402985,-0.0007237285351138621,-0.0011323152940502768,-0.00033511237466074496,-0.0009918181495351384,-0.0006285352414040867,-0.0003101293095992682,-5.02453062941615e-5
0.00030877905230926604,0.0002754681017567435,0.00020590057790697888,0.0005752861298210192,0.0012987199381790354,0.001878139450313171,0.006322357458422937,0.0029573629967944363,0.0018048748351206915,0.0031521223850531767,0.0019115924587154915,0.002449937380498539,0.001666237113627723,0.000931797349211413,2.0355421995027908e-5,-0.0002881172264687359,-0.0015443075456432287,-0.002676883064314321,-0.004875042186216124,-0.006022319589016753,-0.007808656026717148,-0.00863767757868659,-0.00797596124561567,-0.009301741838106472,-0.009888184648397831,1.025360774260296,-0.010788140817899333,-0.008229811950023086,-0.004592114410996989,-0.0017396543225895846,0.0010586048998356078,0.0021750454172911344,0.00301111177339911,0.00277313307947058,0.002082042387748696,0.0011702631838487348,0.00026780865723642893,0.0018955673863328484,0.0037135206163169533,0.004324356757041384,0.004867722471458679,0.0034290315630199184,0.0014466981379241883,-0.0005672298409070116,0.004784615672258787,0.006726341557187672,0.006907840872706395,0.005046035075059129,0.0035502080802313307,-0.0005901571762022364,-0.00045663997917577627,-0.0006102567595671593,-0.0008919305172184197,-0.001307647776511056,-0.0001671064204346188,-0.0009014414524420433,-0.0006525978490913277,-0.00026385270201555216,4.871284388347021e-5
0.0003057365827295481,0.00031384577273563583,0.00027471510265674387,0.0006484267918522198,0.0014684575597693381,0.0024858144145109696,0.008567289256665535,0.0031743309969569896,0.003342819554802838,0.004057363694264541,0.0036750025024680543,0.002569754714830368,0.002126432057956755,0.0006559463814739997,-0.000309952437986327,-0.0004900524134996081,-0.002177055101013664,-0.0031166041317752954,-0.005504551831881347,-0.006541709600093189,-0.008481114729318725,-0.009100271482873408,-0.008572834911766834,-0.00926039131882793,-0.009962933460490922,-0.010788140817899333,1.0231709633852257,-0.009505701823302475,-0.00552332138194392,-0.002240138276864145,0.0010852697520260096,0.00216954563077909,0.003374532553126218,0.002625340924978286,0.001714063249661635,0.00038274871961737836,-0.0005988368996817099,0.0014310225128076207,0.00393729279968059,0.005001670989391629,0.005695050743789811,0.003337758134637637,-0.0033458427146978668,0.00101600575116812,0.006432853805208108,0.007762922943686875,0.007737260600112316,0.005645018068438924,0.004010600384295079,-0.0004741614706925998,-0.00040652158844070786,-0.0004906087879334439,-0.0007960545390137573,-0.0011404076470053585,-2.6857165484141544e-5,-0.0009298983110663893,-0.0007544065168214675,-0.0002912274295891568,9.77365509860308e-5
0.00034053651613283895,0.00030732374375522047,0.0002035786291296876,0.0005826705467035697,0.001366037602488148,0.002467893903037183,0.00545203361154715,0.002877327594558278,0.002569378865756283,0.002897969241098067,0.00261915291386481,0.0016346500496622538,0.0013800378430096551,0.00020248269692434961,-0.0005391948797681565,-0.0008775823706199912,-0.002178724586728776,-0.00240624450429928,-0.004395577745547451,-0.00547470856941805,-0.006888371648076101,-0.007059598669629253,-0.006476062757530144,-0.007057879832123147,-0.007109903141924232,-0.008229811950023086,-0.009505701823302475,1.0275353856483889,-0.004540086277236032,-0.002410693284967084,0.00048634475105463357,0.0014750259637043056,0.002260018290413779,0.001955789959170457,0.0011764820002135344,0.00023377910478784424,-0.00030244429378319896,0.001085528315539453,0.0031884814018607903,0.0040951683593636965,0.005148059278201639,0.0026332321125371503,0.005198044620674424,0.0007980789358497132,0.004020284444401656,0.005058866129001745,0.004964000564816784,0.003662320293308689,0.002572324355966345,-0.0005358990494312009,-0.0004695717442921499,-0.0006107163010851439,-0.0009557003778353886,-0.0013938781345272466,8.273473512465758e-5,-0.0006919470568151891,-0.0005969100191452512,-0.00018533547578481857,0.00012737845130232706
0.0004022000475697324,0.00037663121164586917,0.00027159144283052795,0.0006335313600588076,0.0012766115750559924,0.0026463986526389384,0.00834124092246931,0.0023313344672223767,0.0016306356269846472,0.0018592027008603336,0.0013080819998483823,0.000539068533209539,0.00014289073000300025,-0.0008604176414645841,-0.0014382935345676065,-0.001658805028513225,-0.0023539143620831047,-0.0023222614241248905,-0.003366822825253684,-0.004139296741427681,-0.004850657209172205,-0.004574424603038584,-0.0043053056014358305,-0.00422283529099324,-0.004295237149357887,-0.004592114410996989,-0.00552332138194392,-0.004540086277236032,1.0325337611986436,-0.0018258159082516785,-0.00013263124373200178,0.000417907507451086,0.0010713472998110014,0.0006028683032471414,0.00021993945838273167,-0.0002879758605593339,-0.00047339593684279284,0.0003802923109629953,0.001715841999067839,0.0026692459489170016,0.0038191671940794227,0.00378598988163169,0.002528838781996461,0.0022451383746171782,0.002964508589921966,0.002998384144858775,0.0027305339119254417,0.0019777265628913745,0.0013549096279050368,-0.0005641041008128694,-0.00045652292842369535,-0.0005578796228820184,-0.0008542880483396896,-0.0012683303864934826,-4.883895483268917e-5,-0.00043481408469232883,-0.00031867175076723644,-0.00013040332145146825,2.3278755959931118e-5
0.00019275345480612957,0.00020873589902994726,0.00021699980900013823,0.00045526811682129287,0.0007624169009057137,0.0014223056207601215,0.004357352434086678,0.001854702100846315,0.0010558308330915664,0.0009921170456075358,0.00040708741855474196,8.917139734315964e-5,-0.0004815547480468494,-0.0007032639026187131,-0.0010709647438965177,-0.0009765580118792983,-0.0012306553693752036,-0.0009769330419257991,-0.0014490056203982377,-0.0015998291094422566,-0.0018846038866328742,-0.0014173589943298455,-0.0015599053086184655,-0.0013390239491402238,-0.0015120444679458628,-0.0017396543225895846,-0.002240138276864145,-0.002410693284967084,-0.0018258159082516785,1.0333988727562897,-0.0012250783854938349,-0.0003147902212121695,-0.001805502501079145,-0.0025108592490571077,-0.0013882134275931077,-0.0012834901120279687,0.00019988386469098414,0.0009734162574572377,0.0025056221345023818,0.002933866154250275,0.0033389173056057935,0.002272875813940134,0.008602412224216751,0.0026101661725952815,0.0005474550311228293,-0.00021910599455229825,-0.0006355270303692044,-0.0005412930063889628,-0.0005074586726092525,-0.00026322086239407433,-0.00029120809264652326,-0.00043635372323289095,-0.0007210394537819517,-0.000993543990062641,-7.597618511226915e-5,-0.0005676516790196369,-0.00018011310064979875,-0.0001152201622026345,-1.0067438344712562e-5
