0.957759321730248,0.22882122876829128,0.3549852104868047,-0.25773297709246135,0.19119858184289626,0.014634116060088064,0.18582549622509822,0.008213491026792134,0.03482524384048225,0.05423921161468279,0.08004152186580722,0.12246681173967737,0.05571098021057214,0.06350290838190505,0.07880268713006269,0.09281475146653394,0.06427781322662295,0.12631544333106495,0.07143285074290107,-0.011502839798635566,0.05150673552372667,0.04915717069277767,0.012437616442277663,0.03851516240852343,0.05279314983538497,0.021718087559458872,0.06286760817677793,0.004950262123953464,0.047620515491045824,0.013682194685138808,0.09517697080985274,0.08523798644045387,0.05226642473697609,-0.06930649398191896,-0.031589619087373226,0.11155571167672332,0.14224541764285858,0.03571851569134965,-0.02031802016437432,-0.06791520502871412,0.05511943780008774,0.04382478482956701,-0.02308004965396819,-0.004757647406386826,0.058223522835341365,0.15689656512968098,0.09322577112580178,-0.00868727601524359,-0.10503751509243657,-0.024414990022206148,-0.012423490329092356,-0.11827469025824452,0.13777234223236945,0.002296109486232038,0.06708538684904954,-0.02540786217010959,0.06317325439403818,0.09602827537618111,-0.24107563083233025
0.22882122876829128,2.2921416306052067,0.2702480061304092,-0.6456397099392475,-0.08525346434250258,0.10810959576315116,0.06305090717510903,0.013278680079654222,0.0012670183951701622,0.08637907975040174,0.08396219033850158,0.0871208834210902,0.03450488951972355,-0.040749458096970205,0.07919524714537095,0.08603649584667271,0.18339911749993307,0.44342036383408673,0.04419825402005723,-0.14972714408831608,0.08115993987843083,0.00689767076098048,-0.11748270390171545,-0.016309298511948612,0.042861812753593846,-0.055619323971867037,0.08910942893314952,0.20200837205030367,0.18537086749044526,0.1502525261730363,-0.021913105253252796,0.05637266727427655,-0.043846977758355145,-0.09763246429905129,-0.05139974006943308,0.21632432968615792,0.3791522082085479,-0.041134122164097814,-0.11773675416321147,-0.05382430158840598,0.1433724058111244,0.053067086873408005,-0.040103742481913306,0.010788642308425012,0.15795014922712078,0.19498120675824335,-0.02320883190582945,-0.009943543626127913,-0.29305609965329366,-0.09967385941085027,0.26138983227505935,0.04873338183423073,-0.1620167109345946,0.014288272214016743,-0.4100410358768089,-0.10206893760450081,-0.06494889244623822,0.20093266598483076,0.27280953458329843
0.3549852104868047,0.2702480061304092,2.0589864596869996,-0.15248330898248894,0.09466165832788957,0.15595009073629862,0.16516810567109885,0.13577197331280355,0.12959972221477561,0.1304670196358392,0.10921452327907097,0.17223486483615358,0.11945335173696081,0.010925311633186252,0.15548696154959135,0.1627542290317768,0.25534934670536324,0.21841189672709435,0.15383788174577795,0.1965775659053188,0.13919266111893597,0.1467890911598216,0.13816317475737105,0.0827400457657481,0.14513300895576428,0.26795614961863373,0.14682391549791313,0.23336358807066537,0.1732870837426535,-0.47977111086643226,0.20234538750175166,0.07948661969421547,0.318575438812773,0.4498748360245811,-0.29723401525583826,0.4597476871541305,0.22918016891404241,0.15856065920538812,0.06964651722839181,-0.44211527300708714,0.15323112631035307,0.1337004230107209,-0.1030845538309983,0.08034726697588586,0.2595471497007914,0.5530167114872863,0.1728133555645851,-0.010609096668146946,-0.54886019925861,0.11098650497630026,0.09927156006304338,0.06195212972887126,-0.04842154538806466,-0.2006602420762792,0.048568955894330176,0.0584535767682106,-0.15104851389133497,-0.19814755356640884,0.10848251184073586
-0.25773297709246135,-0.6456397099392475,-0.15248330898248894,2.6116105232149507,0.2801932110544452,0.39704149013377965,0.3337310155634197,0.5194103249812152,0.0594894027398454,0.14472330596925795,0.29651944881319986,0.3175724679233994,0.24372862060599412,0.5400523144904397,0.26832613422194473,0.37081641312977953,0.2693981047773843,0.13068546516234558,0.29792184000103034,0.3915413344217587,0.25032624116932195,0.31457948652221973,0.41372567958504364,0.2812643430828674,0.38788117771897573,0.3879078690716483,0.24509691090294566,0.09662495524470843,0.42946267748297,0.31994080821801985,0.13320839534049436,0.28111563514306576,0.10995582012597434,0.48262853345542117,0.3928395650840453,0.1881074377507129,0.10045821493166997,0.19737012393350312,0.37854151798203245,0.28160212098608045,0.3002071456470537,0.25296070063252857,0.358245620397966,0.06913702559972759,0.31286305812953036,0.35006034892374677,0.5391470441983282,0.04874834057118742,0.28975013248104964,0.19746977303045019,-0.011194466661116495,0.013916788550715925,-0.34091631927355265,-0.029151909336042666,-0.1017522640496922,0.09794239689512084,-0.1501812005917683,0.09477695524918593,0.06613545516711015
0.19119858184289626,-0.08525346434250258,0.09466165832788957,0.2801932110544452,1.1610844477622217,0.11936123182623025,0.20938721054736795,0.17254377554012215,-0.05422490272245891,0.06694689138768528,0.15041917253099985,0.19261970844259915,0.14038742842200383,0.13288824643700078,0.21126195498824166,0.19174229952927457,0.04078082475455088,0.09530511340182413,0.48903652275096665,0.019454061529491272,0.06284045043182973,0.08661645225954587,0.17859870461320007,0.09045929231383447,0.11508829127645737,0.13047974457246733,0.06986580171453008,-0.02698207879383557,0.20859181346287503,-0.15639502811871273,-0.0028176234011436717,0.13505598712866787,0.012829849858434658,0.2666656018565494,0.0054418488656042645,0.06336378248114095,0.15557615090406882,0.03453550857813052,0.2022944356931184,0.027384758687893463,0.038445202150669544,0.06515660245681412,-0.02186859566369346,-0.018760947627682233,-0.06363844239255424,0.012213098384698981,0.1719610388341989,-0.00448308786232946,-0.00398552798309184,0.2678477692425114,-0.1421320887214472,-0.2823788938615096,0.007823547510707613,-3.0491071337649394e-5,0.059390489238045116,-0.14184275477132702,0.007510427431294579,-0.037932234792378054,0.13687563505496905
0.014634116060088064,0.10810959576315116,0.15595009073629862,0.39704149013377965,0.11936123182623025,0.6774341026053793,0.07843863488175992,0.43027337148893163,0.06997611756714761,0.13214192420975382,0.25279556647570156,0.24504502457848665,0.17314129435455267,0.2471463134076921,0.1609862392528726,0.21903711569800752,0.28716915706635443,0.164874307687998,0.315453085362076,0.34038677730100614,0.1746800496874346,0.2650411394415339,0.29293519315227545,0.1567182792401531,0.2641587407241546,0.2829414699491234,0.19761485024264816,0.032976873746511134,0.435889196677475,0.14898269601419836,0.07461154090912424,0.23218323119888212,-0.01643361557917991,0.2795808392720691,0.10718494032664391,0.21828973425447512,0.1654043706376039,0.19031067453607364,0.26182854086957624,0.11774212356622434,0.15105752717921722,0.1737574080488112,0.17096846105673466,0.049017666576554916,0.15110715986390377,0.26598962443093377,0.27802740844393703,0.0004199619847486633,0.20593749089491054,0.12869445488800305,-0.1021420057897508,-0.217553474000331,0.06913087410544334,-0.012747422902331922,-0.06608987414815404,-0.02058853532347637,-0.046155776925350556,0.10372336577678792,-0.005321049963497431
0.18582549622509822,0.06305090717510903,0.16516810567109885,0.3337310155634197,0.20938721054736795,0.07843863488175992,0.6131695107989664,0.1444577395871383,0.09552157726167902,0.03396208267398683,0.21505272481640328,0.2722127441063367,0.1347231649467833,0.12974770837313365,0.13720122998205617,0.20582219174670757,0.15446028944731247,0.16943379816229165,0.11830363255177434,0.1860312211804694,0.14154890278409657,0.19073364166323312,0.17843720924728304,0.11942925520157839,0.18765715422602006,0.18992184500713763,0.1594094836088767,0.012428240128488201,0.19308594088249517,0.11893802182729458,0.0868054841017358,0.14146291274048864,0.12352042685337664,0.19831117873574128,0.09167747491047118,0.18220513275949385,0.10976395592578907,0.10870067645871388,0.1284730366984857,0.06961355937651308,0.168779665300628,0.13530216929460662,0.15830129828753742,0.01838771054968002,0.17469026698385198,0.251885109941424,0.20199253689788624,0.023987439025444077,0.15543575815254196,0.0043322655640382285,0.015944547652786713,-0.06634075693113076,0.015730510840682138,-0.02605528761357989,-0.024138358630603412,0.09700887279776071,-0.12124778430417209,0.1345515710688806,-0.21024148256402667
0.008213491026792134,0.013278680079654222,0.13577197331280355,0.5194103249812152,0.17254377554012215,0.43027337148893163,0.1444577395871383,0.825811864431922,-0.013798134131322023,0.19942290136989535,0.27983750514906364,0.10889832101910722,0.20736631999181043,0.29060858800454226,0.14061339818869295,0.2572854274862016,0.3739516954118531,0.21307087767731564,0.2637193626235225,0.39437734600960994,0.21453489953565313,0.32555507872604694,0.3595228279337954,0.18440844060415257,0.3259306919523797,0.32634959294869054,0.21253553980553685,-0.006845679021193202,0.41528616843429034,0.2099068080655,0.11498061579540018,0.19662179321315776,0.12217099790183229,0.3377072232201687,0.17016144063113256,0.23364475187048947,0.21308166149207733,0.20969283676789002,0.37960943096715416,0.15843752121534588,0.21622051286363903,0.20835625932070254,0.23775214291525848,0.06142129774115563,0.20292809673258647,0.3460075221589197,0.43664204005664653,0.0120222114348459,0.28905173409091905,0.2221475981348939,-0.02923103044259827,-0.12144156859272977,0.044306436412569296,-0.12348473560639071,-0.131037540024574,0.023398047118700006,-0.04294586370948206,0.20583743501972318,-0.05976615938569769
0.03482524384048225,0.0012670183951701622,0.12959972221477561,0.0594894027398454,-0.05422490272245891,0.06997611756714761,0.09552157726167902,-0.013798134131322023,0.5566768037075744,0.16816853639574375,0.1140756426961379,0.13972172649741035,0.05537503955168107,0.12169121964047222,0.12351299590293935,0.10835648172995845,0.10797846281001945,0.14212756769006413,-0.07385760425632067,0.18109075259046337,0.1234063429230906,0.07864600108860291,0.13403773623309181,0.14040358748188295,0.13017193189454734,0.2014487161412697,0.10639996699391858,0.1762323785439296,0.06001622824188768,0.14269680227375164,0.1530334168516686,0.10413363776668078,0.25242114610682875,0.06830128327500203,0.12222121875426507,0.07026035900833003,0.13913220285065375,0.10224092480322051,0.07915370147308637,0.043025340054746945,0.1659223833185563,0.12998448726867184,0.14269639332308418,0.010841561448280477,0.20347030171297242,0.2126401147760135,0.29901911537065406,0.07788004693633128,0.21121245440439418,-0.09568825977132324,-0.07877244372304947,-0.20201832169195502,0.2756217613932043,0.00571744034271569,0.030339559055143017,0.11979128685111047,-0.072404963497064,0.017425300620650543,-0.15661060520810052
0.05423921161468279,0.08637907975040174,0.1304670196358392,0.14472330596925795,0.06694689138768528,0.13214192420975382,0.03396208267398683,0.19942290136989535,0.16816853639574375,0.8397266428365,0.23210034558687528,0.2225484656263109,0.1622374221316892,0.14817017920710854,0.17241010782432586,0.16237238437830726,0.2654207244582036,0.3530492220315108,0.06768594806542245,0.4915831953944841,0.24447967185438566,0.23674936584499112,0.3877672755800262,0.25510750219196826,0.27113654989944314,0.26666503897560606,0.2098150142591127,0.20323515671677958,0.3682373721065092,0.18078217631675722,0.20710523901301853,0.22271189468774677,0.25170534530792277,0.5718906625418989,0.28224761930514164,0.24203755093236293,0.24486282563606201,0.2671693149203304,0.42290552983308,0.25171595691590165,0.5096796547182061,0.24963498159258127,0.19148296961015013,-0.0003434109646773466,0.34854644590055067,0.43642742859567335,0.9223118635939032,0.08082950257978105,0.21837578196075424,0.04206147416364723,-0.020334849800334405,-0.10315143675202955,0.1649204569501406,-0.051369209287385614,-0.04522359332511983,-0.04565521842546155,0.047257892213376125,0.035015078628203876,-0.0777061584450696
0.08004152186580722,0.08396219033850158,0.10921452327907097,0.29651944881319986,0.15041917253099985,0.25279556647570156,0.21505272481640328,0.27983750514906364,0.1140756426961379,0.23210034558687528,0.5138558257757067,0.30910865762435435,0.181401756174614,0.16566068319493776,0.23147261234853075,0.19230134708225205,0.3141792927348198,0.20819091342882215,0.1263629763417502,0.2807613008137265,0.17336511941680807,0.21081441163016928,0.301332369678044,0.18938825428036282,0.26666908820264446,0.2292738307132855,0.19899964168374035,0.08765216978529349,0.31384814941954153,0.17002532554999658,0.14536973668762243,0.20288655502854003,0.19203748925036082,0.26389151433754027,0.1481686275739214,0.2237785975603362,0.17583825925221286,0.16065732467729618,0.24232583236198205,0.11713381776667033,0.21865157639389643,0.17762708902565255,0.15936214950160643,0.01931469375836147,0.12585148350155292,0.3180426162716905,0.4368551207381425,0.035944487444105666,0.09834241102112673,0.020367607198568456,-0.07330858909827692,-0.19131646903431773,0.27270321389234187,-0.06015408107483057,-0.04307503839517125,0.04939353924043117,-0.03376329506334239,0.1279316261457185,-0.19014341497362008
0.12246681173967737,0.0871208834210902,0.17223486483615358,0.3175724679233994,0.19261970844259915,0.24504502457848665,0.2722127441063367,0.10889832101910722,0.13972172649741035,0.2225484656263109,0.30910865762435435,0.6102104143422115,0.11839684466596442,0.1994810692825986,0.1963757654542356,0.22211114773081028,0.20464035571400488,0.23008874120143277,0.13944943409682029,0.26858044191398844,0.15908873862801262,0.18512264234889134,0.3161146510330424,0.18319266815837654,0.30521930384377177,0.21538978987102317,0.21396178474329644,-0.07307169680162326,0.34126068718254243,0.15253189243541776,0.06617971088123721,0.21841964035508685,0.11966565149734704,0.32962692010280364,0.17067551814159437,0.21357313263087374,0.12454833402546027,0.16301629296707876,0.1813468553431909,0.1292513005804931,0.24992905333522628,0.16906787287006755,0.17099145720197303,0.004409706157334737,0.2311139481667697,0.32759729699666085,0.4507408297058897,0.048337766500605374,0.15256502447925405,-0.06761086555668945,-0.04123736557501223,-0.26216095039864185,0.23300356912363673,0.04208179696116179,-0.03678281788364168,0.04555859467231473,-0.10705049774974051,0.09950961225702945,-0.1985703671532104
0.05571098021057214,0.03450488951972355,0.11945335173696081,0.24372862060599412,0.14038742842200383,0.17314129435455267,0.1347231649467833,0.20736631999181043,0.05537503955168107,0.1622374221316892,0.181401756174614,0.11839684466596442,0.3316093681691267,0.1109678848343629,0.08740995009566023,0.12131457605220176,0.14301986860001797,0.13563260854786047,0.11769634977488491,0.18899883579969187,0.13499538708543948,0.2753095491778657,0.14009510347662166,0.12960066019243519,0.1341898738292719,0.20540288842840246,0.14457311064903222,0.07401451717002087,0.20965785486327224,0.11138275189368883,0.0705436816371928,0.15910793278295426,0.10562756283369332,0.18566200182971682,0.12680925403995996,0.1839452599466559,0.07049118104546788,0.10832400244478835,0.23202157285320996,0.09410137172272025,0.17131357051911034,0.12873804125058896,0.10618708688083683,0.03749972473130029,0.12027604444542925,0.23853574789102736,0.22854023722990952,-0.007415242023580507,0.20861352292404003,0.08069946095558625,-0.030499919233066577,-0.10668917862035475,0.030182947146161317,-0.03210413934151589,-0.019950186806486928,-0.00929251413957265,-0.044931300619752645,0.0656685947762948,-0.04869906263556082
0.06350290838190505,-0.040749458096970205,0.010925311633186252,0.5400523144904397,0.13288824643700078,0.2471463134076921,0.12974770837313365,0.29060858800454226,0.12169121964047222,0.14817017920710854,0.16566068319493776,0.1994810692825986,0.1109678848343629,0.6539691318324298,0.21950700621247007,0.27287277782716085,0.27324057457083567,0.1295852959896244,0.14871634224267083,0.19532998007605912,0.12938180167075386,0.15206568583611813,0.2635871830369486,0.17924500209237174,0.25462740736860984,0.22030004814256768,0.13503973273437603,0.16533152660096476,0.24581181707343502,0.20015850357990272,0.10398568262179167,0.16286464972024117,0.10451292578890278,0.23045559082661435,0.22265064896610956,0.0892215674683707,0.1593925609296371,0.11094412967749609,0.14193270604441363,0.1268764237474372,0.20764803051849604,0.14710245561192917,0.1923210312294617,0.03851991756500846,0.13890310841623374,0.23782885868494982,0.3819625903587924,0.0592668008135864,0.3255436925176536,-0.04427351226079524,-0.04940331843375162,-0.07472259311166579,0.1289461420289247,0.017038422437302952,-0.1175564656490883,0.03791076863911095,-0.08024707783872115,0.1390230108865931,0.07700816802595264
0.07880268713006269,0.07919524714537095,0.15548696154959135,0.26832613422194473,0.21126195498824166,0.1609862392528726,0.13720122998205617,0.14061339818869295,0.12351299590293935,0.17241010782432586,0.23147261234853075,0.1963757654542356,0.08740995009566023,0.21950700621247007,0.7318924816873548,0.1209965630915547,0.17447854174385963,0.16842376605083775,0.15598988240149134,0.13702087416636383,0.14914590247503262,-0.053344958851158746,0.2054600491886633,0.13625310052107736,0.2697320587950659,0.2287609348797237,0.11632463060912755,0.30498625123719475,0.22348010278398112,0.09336350971998555,0.11519057309903193,0.07654455747360742,0.21618638002111346,0.2891464592570151,0.13649332824751692,0.09190694458705258,0.1468189392034086,0.0587737509902356,0.2375334033213501,0.05922745082577095,0.1797515192164913,0.13970171655644217,0.17661463665756832,0.017372773399140538,0.2555920943606943,0.19382639318468695,0.31062101925327074,0.10013007570624965,-0.01097389912312038,0.1831974833957297,-0.03894426532553412,0.06403092590863248,-0.18924550264675621,-0.03917566172389354,-0.042164187472614176,0.14967046439933504,-0.1638697140207763,0.12061098806662636,-0.09019759796879133
0.09281475146653394,0.08603649584667271,0.1627542290317768,0.37081641312977953,0.19174229952927457,0.21903711569800752,0.20582219174670757,0.2572854274862016,0.10835648172995845,0.16237238437830726,0.19230134708225205,0.22211114773081028,0.12131457605220176,0.27287277782716085,0.1209965630915547,0.5590806099694133,0.20138602333502728,0.17290740555785306,0.15685129810165235,0.16580028632485966,0.12425541396247625,0.15576195767249265,0.19586660888244165,0.17128786183449624,0.26905660374770796,0.16405605974468337,0.18208387344349858,0.0701520182001972,0.252456193946813,0.16422316704605555,0.05054802029387768,0.20435751258790374,0.08599312929685825,0.27146011324442104,0.1768946274921613,0.15004035115621947,0.13495619970535971,0.09211856446447152,0.2144065939684749,0.1013091799041788,0.18962633847635124,0.14851813641127476,0.16121736793941963,0.0629767349303656,0.14224881605013673,0.23791656121570756,0.3147114041039997,0.03429774150049865,0.13789723012180738,0.005436263790174631,-0.01864276942648092,-0.15245945538453556,0.12440245057409645,-0.008917601860798189,-0.058299866909121305,0.025195218318135766,-0.06764404516736434,0.10771533620842681,-0.04376637629754185
0.06427781322662295,0.18339911749993307,0.25534934670536324,0.2693981047773843,0.04078082475455088,0.28716915706635443,0.15446028944731247,0.3739516954118531,0.10797846281001945,0.2654207244582036,0.3141792927348198,0.20464035571400488,0.14301986860001797,0.27324057457083567,0.17447854174385963,0.20138602333502728,1.1082926741647454,0.1484207420212923,0.12807346360489927,0.2486925562616019,0.1240303031441568,0.19498030829347748,0.29156257427555743,0.23688496292573316,0.2628014435036638,0.10755017900286414,0.1685588310869634,0.2709597440800268,0.34106802887879256,0.12315992534025316,0.11951427887398323,0.15919868887329694,0.4064468457522741,0.24672130304002468,-0.018809551086404412,0.16083697299328753,0.36580360214857804,0.17036872212759577,0.03396390601660923,0.009175920909495414,0.1931316826387535,0.1401325997300993,0.15740861959549168,0.009614668264408103,-0.019403050774390838,0.33004201136172906,0.6795166753065658,0.04885614060118019,-0.010514200902082275,-0.10484743165603387,-0.0650418030075898,-0.14113052593347652,0.38729496929285884,-0.09621319189995846,-0.03979603391795095,-0.029340369168915893,-0.023558509632337608,0.08054353841361019,0.11703880689085122
0.12631544333106495,0.44342036383408673,0.21841189672709435,0.13068546516234558,0.09530511340182413,0.164874307687998,0.16943379816229165,0.21307087767731564,0.14212756769006413,0.3530492220315108,0.20819091342882215,0.23008874120143277,0.13563260854786047,0.1295852959896244,0.16842376605083775,0.17290740555785306,0.1484207420212923,0.9079705454325905,0.06784633239646998,0.030443637392396968,0.2145213326722577,0.2610083529690991,0.5470176757082308,0.20492974255519703,0.25738396435414074,0.45745133014270584,0.05545493946472009,0.17871530467789426,0.31385105888685644,0.08117115318861136,0.12741790756218907,0.16320906106571828,0.10483061088470944,0.36740435212117933,0.24025431406934974,0.20526333826003532,0.2291255376626041,0.045806742972398735,0.3293634445514913,0.14451533079526377,0.3019596364166449,0.19516616794172387,0.17827473330056345,0.008278032235798422,0.3235478494669925,0.35402453409695833,0.4677640335805037,0.013158630836604651,0.11738829371398103,0.05354201159027976,0.04716598459741458,-0.2825728759953751,0.08314688054998974,-0.020937689205990245,-0.23661575761443576,-0.005935567145594655,-0.08851964553434746,0.3826029669562744,-0.19319796946777953
0.07143285074290107,0.04419825402005723,0.15383788174577795,0.29792184000103034,0.48903652275096665,0.315453085362076,0.11830363255177434,0.2637193626235225,-0.07385760425632067,0.06768594806542245,0.1263629763417502,0.13944943409682029,0.11769634977488491,0.14871634224267083,0.15598988240149134,0.15685129810165235,0.12807346360489927,0.06784633239646998,0.6155153336150371,0.1784702137614728,0.09172592344761697,0.1070524400575143,0.08303791506977555,0.0633788723513178,0.09163512027415883,0.13378992614132285,0.10007454317116264,0.12972907202864475,0.24068788093403357,-0.05540096676421147,0.042296045369822885,0.1238842010884764,-0.03816817761480848,0.296690236873958,0.024013493411431403,0.13151530284280233,-0.04769446993078802,0.10372622285771985,0.1570624153151454,0.08655595853955521,0.0825076248000403,0.0692166132713377,0.10021945585557043,0.015049088716823951,0.16002353658485052,0.14700882438188606,0.11411338433123215,-0.007080321617425665,-0.056452632309151735,0.13814861105155898,0.1954734633576174,0.5320892527877407,-0.6072585274008392,-0.08621442027112228,-0.059191336832355355,-0.05959039305981913,-0.02536560921737932,0.09325933108838254,0.03887710784924742
-0.011502839798635566,-0.14972714408831608,0.1965775659053188,0.3915413344217587,0.019454061529491272,0.34038677730100614,0.1860312211804694,0.39437734600960994,0.18109075259046337,0.4915831953944841,0.2807613008137265,0.26858044191398844,0.18899883579969187,0.19532998007605912,0.13702087416636383,0.16580028632485966,0.2486925562616019,0.030443637392396968,0.1784702137614728,2.553128142119707,0.33119182036867395,0.2936404275881751,0.22170216699758025,0.3009643578871413,0.3039897275819043,0.5713608900834839,0.5157670229725806,0.09713527029728052,0.5291502239402607,0.2500726628113416,0.4055427758556637,0.34361170582400385,0.21093911717039646,0.6504931856150173,0.23999018040224415,0.2582408023019323,0.7329986328775778,1.1119259297577297,0.46366895715919126,0.5261098707168812,0.8162609699325187,0.44351981052481376,0.6010001039916221,-0.18112686056409405,0.8421439488867686,0.6933487868629856,1.088844185193774,0.24729833953577002,1.0218582546321506,0.05341129287997139,-0.20689997357689463,0.03883277265605495,0.3225113762024739,-0.06193365294506114,0.03120313215848525,-0.028699985639374797,0.06413360812718244,0.10904876777576879,-0.24270474764066305
0.05150673552372667,0.08115993987843083,0.13919266111893597,0.25032624116932195,0.06284045043182973,0.1746800496874346,0.14154890278409657,0.21453489953565313,0.1234063429230906,0.24447967185438566,0.17336511941680807,0.15908873862801262,0.13499538708543948,0.12938180167075386,0.14914590247503262,0.12425541396247625,0.1240303031441568,0.2145213326722577,0.09172592344761697,0.33119182036867395,0.5251074292717818,0.2727970731215749,0.2308730140893092,0.18210350480011356,0.17059989708969592,0.2858052958533712,0.1542513149818778,0.25196501991180614,0.17617547702085307,0.3266538348843464,0.3792733936196332,0.2141249949269212,0.25579905026170235,0.22085750785159955,0.29872905775865405,0.2978589780574501,0.28785285522100496,0.23118763911897242,0.356334014685009,0.21876819677101925,0.4950400223108731,0.39856425559578357,0.18135786308059496,0.0572182543304614,0.6776883230033723,0.43545867458989035,0.6369497600536203,0.0873863248740029,0.06011557589442776,0.11581508454123422,0.04986833922248489,-0.21638499951206383,-0.027803344675853957,-0.02114910136958836,-0.10044029227962066,0.029424207525995658,-0.12296419013489794,0.13549939495777164,-0.05518363110353496
0.04915717069277767,0.00689767076098048,0.1467890911598216,0.31457948652221973,0.08661645225954587,0.2650411394415339,0.19073364166323312,0.32555507872604694,0.07864600108860291,0.23674936584499112,0.21081441163016928,0.18512264234889134,0.2753095491778657,0.15206568583611813,-0.053344958851158746,0.15576195767249265,0.19498030829347748,0.2610083529690991,0.1070524400575143,0.2936404275881751,0.2727970731215749,1.2635498813721031,0.8785537996686358,0.24448353033674786,0.29839043740448057,0.2489944110251997,0.19331404826934834,-0.03265776736957532,0.3846164898397517,0.30011287368010925,0.19372847685412428,0.31420414291735643,0.19950874288755574,0.3449086994895849,0.26696063141238524,0.4268330313338709,0.09329884526504316,0.2194213363103988,0.45417383023819324,0.19908504291167864,0.3610586743396293,0.25622462968351734,0.10634787035033409,0.1454966451477056,0.024999006377877674,0.5972839449094842,0.568963916721407,-0.2166449739281151,0.7319852291402941,0.1416524201475221,-0.024094929018110813,-0.39827042227284576,0.1632060754308125,-0.07314858850938945,-0.044470021239563416,-0.04019570056008139,-0.08245553544811841,0.020535458246345593,0.036551581430216216
0.012437616442277663,-0.11748270390171545,0.13816317475737105,0.41372567958504364,0.17859870461320007,0.29293519315227545,0.17843720924728304,0.3595228279337954,0.13403773623309181,0.3877672755800262,0.301332369678044,0.3161146510330424,0.14009510347662166,0.2635871830369486,0.2054600491886633,0.19586660888244165,0.29156257427555743,0.5470176757082308,0.08303791506977555,0.22170216699758025,0.2308730140893092,0.8785537996686358,2.7042776310758225,0.36130534345509435,0.7281076437367813,0.11799446835930738,0.17734090466390925,-0.12040090559455313,0.8930344715005305,0.23746755334621153,0.2698972296743173,0.1602569195773879,0.36155329825873944,0.9531124137901036,0.29801450166595855,0.503484964871861,0.18222412284944722,0.12275415483322391,0.6715516757769524,0.2227155258696872,0.4067985378083061,0.23890292707383945,0.04690064137167478,0.07934339915279663,-0.3715680459681418,0.6888238173753195,1.2037503842563253,-0.11210977633629517,0.31047728705791366,0.2225128240361817,-0.1544204130493648,-0.652488061203568,0.43128596359688737,-0.12084193553317624,0.0515479318524993,-0.027287996362620054,-0.20784486166852367,-0.13721829610828518,0.2788671260886182
0.03851516240852343,-0.016309298511948612,0.0827400457657481,0.2812643430828674,0.09045929231383447,0.1567182792401531,0.11942925520157839,0.18440844060415257,0.14040358748188295,0.25510750219196826,0.18938825428036282,0.18319266815837654,0.12960066019243519,0.17924500209237174,0.13625310052107736,0.17128786183449624,0.23688496292573316,0.20492974255519703,0.0633788723513178,0.3009643578871413,0.18210350480011356,0.24448353033674786,0.36130534345509435,0.7149870210717978,0.325328605560921,0.08385554076811283,0.1521572635291979,0.2812179923220157,0.2748723319223077,0.3923475565951771,0.028823256941155864,0.2500962529065145,0.4827593659558644,0.3459261927977045,0.30404453536419407,0.13167389575667782,0.30588295082675415,0.17387728609121061,0.2790812742982203,0.10118429997851555,0.3042177808857898,0.19814499911466057,0.23041270020987006,0.08159856758951306,0.1341793256732974,0.42315299035304144,0.5594968842577203,0.11700472463796514,0.3820439448805888,-0.004342131701511413,-0.0921650543476144,-0.20033137113123176,0.23811781222147982,-0.06348305909654532,0.0919309140390584,-0.09872380576898909,0.014703885060165562,-0.2629746988393972,0.30008566365482287
0.05279314983538497,0.042861812753593846,0.14513300895576428,0.38788117771897573,0.11508829127645737,0.2641587407241546,0.18765715422602006,0.3259306919523797,0.13017193189454734,0.27113654989944314,0.26666908820264446,0.30521930384377177,0.1341898738292719,0.25462740736860984,0.2697320587950659,0.26905660374770796,0.2628014435036638,0.25738396435414074,0.09163512027415883,0.3039897275819043,0.17059989708969592,0.29839043740448057,0.7281076437367813,0.325328605560921,1.0747345512869457,0.17807224605260724,0.19641868715413824,-0.07586514524648098,0.6526860357782877,0.3338048438301947,-0.1645595659563685,0.14205451723634996,0.26347809646472836,0.6733784732439733,0.33637913575009776,0.19583183515033195,0.1976222354097518,0.16464416950029842,0.45642107694263084,0.13267769207332153,0.254138718237579,0.1891256554554062,0.29925726938182956,0.10917440173209425,0.11614418593758662,0.48333887266373754,0.5883846430344645,0.06031069346489188,0.2468611749159562,-0.043063297196721986,-0.10648937987942478,-0.33288347679831404,0.3249189318690659,-0.026960887374782756,-0.012619368634638167,0.07101538596465291,-0.1286264493781505,0.019287361456741706,-0.007386421475064314
0.021718087559458872,-0.055619323971867037,0.26795614961863373,0.3879078690716483,0.13047974457246733,0.2829414699491234,0.18992184500713763,0.32634959294869054,0.2014487161412697,0.26666503897560606,0.2292738307132855,0.21538978987102317,0.20540288842840246,0.22030004814256768,0.2287609348797237,0.16405605974468337,0.10755017900286414,0.45745133014270584,0.13378992614132285,0.5713608900834839,0.2858052958533712,0.2489944110251997,0.11799446835930738,0.08385554076811283,0.17807224605260724,1.7531737865880674,0.22707469299525085,0.4955460787503496,0.27367580920741263,-0.2947834482848881,0.23918199442799215,0.28481490172909807,0.18932785719054096,0.45210502490987814,0.4483751776868275,0.10764830263672037,-0.26047582106021944,0.26132167588966543,0.5342863783819113,0.3838039502575818,0.3615157102765896,0.3048720955925881,0.4631926239509297,-0.11211663270732745,1.082076042247403,0.2609448685180691,0.3573878773265539,0.12372322022395617,0.7416062244621854,0.12987122705121157,-0.1374517642400539,-0.1324564903702192,-0.1505526941718959,0.013028780529976764,-0.08231243380935524,0.10819098160104955,-0.24591304308811937,0.22862463095655056,-0.12960921061281222
0.06286760817677793,0.08910942893314952,0.14682391549791313,0.24509691090294566,0.06986580171453008,0.19761485024264816,0.1594094836088767,0.21253553980553685,0.10639996699391858,0.2098150142591127,0.19899964168374035,0.21396178474329644,0.14457311064903222,0.13503973273437603,0.11632463060912755,0.18208387344349858,0.1685588310869634,0.05545493946472009,0.10007454317116264,0.5157670229725806,0.1542513149818778,0.19331404826934834,0.17734090466390925,0.1521572635291979,0.19641868715413824,0.22707469299525085,0.4470226181259754,0.12336821474432055,0.21656839654167895,0.15504684357229864,0.17816823774989868,0.2671554606208874,0.11515605747324503,0.2609733080771559,0.13579191314084005,0.2624649460974733,0.18755096634119656,0.2604126451210849,0.22874818080079146,0.17613610304034907,0.30647755185865855,0.17777364336931223,0.26728207375279905,-0.029073271622410083,0.3420121915926038,0.3020728057115373,0.3682190773676693,0.05420217648353287,0.2572589554694186,0.023321609108981147,-0.048173801199024494,-0.07052925168422182,0.11321024559982278,-0.03444343890692793,-0.033927842605061154,0.024843533948625034,0.06541619566435028,0.0990494032537915,-0.21334965546966397
0.004950262123953464,0.20200837205030367,0.23336358807066537,0.09662495524470843,-0.02698207879383557,0.032976873746511134,0.012428240128488201,-0.006845679021193202,0.1762323785439296,0.20323515671677958,0.08765216978529349,-0.07307169680162326,0.07401451717002087,0.16533152660096476,0.30498625123719475,0.0701520182001972,0.2709597440800268,0.17871530467789426,0.12972907202864475,0.09713527029728052,0.25196501991180614,-0.03265776736957532,-0.12040090559455313,0.2812179923220157,-0.07586514524648098,0.4955460787503496,0.12336821474432055,3.635714620632491,-0.5402310485220023,0.09241023051658581,0.46744710928346683,0.17450144973051493,0.6509158509238939,0.26484961096587256,0.2337786410185162,0.01942363160777941,0.3500735929614477,0.07072625176843536,0.3146437698667371,0.05692988314842946,0.7293911892291873,0.2712337580822228,0.25175730001026425,0.06944898849350542,0.6766877580197797,0.1908487335984417,0.22000525235959453,0.24097671985073732,0.16955729868100972,-0.15107352546897812,-0.05610265378626877,0.8798390078764732,-0.4060792699611082,-0.15107960594415423,-0.08460849808949937,0.06252693432071604,-0.08585274077883347,0.04961171228058149,0.13441406741922812
0.047620515491045824,0.18537086749044526,0.1732870837426535,0.42946267748297,0.20859181346287503,0.435889196677475,0.19308594088249517,0.41528616843429034,0.06001622824188768,0.3682373721065092,0.31384814941954153,0.34126068718254243,0.20965785486327224,0.24581181707343502,0.22348010278398112,0.252456193946813,0.34106802887879256,0.31385105888685644,0.24068788093403357,0.5291502239402607,0.17617547702085307,0.3846164898397517,0.8930344715005305,0.2748723319223077,0.6526860357782877,0.27367580920741263,0.21656839654167895,-0.5402310485220023,2.661539399901051,0.2825833963699406,-0.5345263136501848,0.2806762596413757,0.0390610902940842,1.11241886567964,-0.058701345936787885,0.825082555857073,-0.876300970919724,0.1797100146201632,0.43996417343879946,0.24483880501406202,0.33957554620745256,0.10052828354668814,0.004289135730488491,-0.21754794269767538,-0.09562931093910705,0.644385831540522,0.6222514672020233,-0.09229919583830054,0.4797850512455662,0.012148257523085735,-0.08523096168445041,-0.286481822387507,-0.03646014239600452,0.13133852532452364,-0.16049675827580867,-0.026196371053131575,-0.10267784563231051,0.13896944337162473,-0.015159282966237158
0.013682194685138808,0.1502525261730363,-0.47977111086643226,0.31994080821801985,-0.15639502811871273,0.14898269601419836,0.11893802182729458,0.2099068080655,0.14269680227375164,0.18078217631675722,0.17002532554999658,0.15253189243541776,0.11138275189368883,0.20015850357990272,0.09336350971998555,0.16422316704605555,0.12315992534025316,0.08117115318861136,-0.05540096676421147,0.2500726628113416,0.3266538348843464,0.30011287368010925,0.23746755334621153,0.3923475565951771,0.3338048438301947,-0.2947834482848881,0.15504684357229864,0.09241023051658581,0.2825833963699406,2.3138015681595228,0.08185498421452489,0.29015788044731566,0.0406507789300069,-0.4767838050949272,0.8830951778415776,0.44784855178543204,0.32497267936674235,0.17877959984899214,0.018888331814275582,0.20946864061379455,0.7919943014205442,0.36118046537302384,0.6780235823057705,0.3954575799215753,0.6967231287496075,0.9974110202312213,0.4445716144395154,0.07224568748120071,0.1420453111563764,-0.3353208351473269,0.09562045731121743,-0.42324479484820954,0.239306711166174,0.2533730848717714,-0.027496074669964884,-0.19998285434730617,0.04330378172280553,0.16561622452576796,-0.006315885466097961
0.09517697080985274,-0.021913105253252796,0.20234538750175166,0.13320839534049436,-0.0028176234011436717,0.07461154090912424,0.0868054841017358,0.11498061579540018,0.1530334168516686,0.20710523901301853,0.14536973668762243,0.06617971088123721,0.0705436816371928,0.10398568262179167,0.11519057309903193,0.05054802029387768,0.11951427887398323,0.12741790756218907,0.042296045369822885,0.4055427758556637,0.3792733936196332,0.19372847685412428,0.2698972296743173,0.028823256941155864,-0.1645595659563685,0.23918199442799215,0.17816823774989868,0.46744710928346683,-0.5345263136501848,0.08185498421452489,2.215915149702346,0.4237219111935326,0.28097114917196914,-0.13805103234902913,0.1611812977591815,0.37856064726797756,0.9012654806932326,0.3202107879200244,0.2501833105674756,0.1274051786905295,0.48083097174646694,0.3923588256446363,-0.10523301741322727,0.10508367911970386,0.355140527500462,0.4809413930423886,0.9726579125196153,0.06621279342959173,-0.6228635660491884,0.4551098381401754,-0.08107637447747618,0.16931645548911986,-0.27059205087686494,-0.20459968505027612,0.0028726079902303726,0.16991644673368386,0.3638668771454585,-0.13502295280208018,-0.3651944103362454
0.08523798644045387,0.05637266727427655,0.07948661969421547,0.28111563514306576,0.13505598712866787,0.23218323119888212,0.14146291274048864,0.19662179321315776,0.10413363776668078,0.22271189468774677,0.20288655502854003,0.21841964035508685,0.15910793278295426,0.16286464972024117,0.07654455747360742,0.20435751258790374,0.15919868887329694,0.16320906106571828,0.1238842010884764,0.34361170582400385,0.2141249949269212,0.31420414291735643,0.1602569195773879,0.2500962529065145,0.14205451723634996,0.28481490172909807,0.2671554606208874,0.17450144973051493,0.2806762596413757,0.29015788044731566,0.4237219111935326,0.8683480664240466,-0.030649411174731155,0.1676646308695078,0.2242511613742775,0.38677819413799625,0.13465093831837585,0.22213014395385275,0.28722556806331534,0.20414978169605993,0.4081583691564839,0.2379022546451143,0.032418798925665265,0.0033809813227007957,0.271833593645417,0.4782233519547462,0.5282930169006046,-0.014411788092921466,0.14027334704323302,0.03935271061869978,-0.01250902049502031,-0.24845382235878877,0.13416823433730568,-0.035148623104006,-0.1119284787878694,-0.01628114167913608,0.4856017478678533,-0.1407139471174613,-0.2929850051348464
0.05226642473697609,-0.043846977758355145,0.318575438812773,0.10995582012597434,0.012829849858434658,-0.01643361557917991,0.12352042685337664,0.12217099790183229,0.25242114610682875,0.25170534530792277,0.19203748925036082,0.11966565149734704,0.10562756283369332,0.10451292578890278,0.21618638002111346,0.08599312929685825,0.4064468457522741,0.10483061088470944,-0.03816817761480848,0.21093911717039646,0.25579905026170235,0.19950874288755574,0.36155329825873944,0.4827593659558644,0.26347809646472836,0.18932785719054096,0.11515605747324503,0.6509158509238939,0.0390610902940842,0.0406507789300069,0.28097114917196914,-0.030649411174731155,2.050570682596856,0.10667098640110853,-0.266932728816806,-0.2042334631752927,0.4580726769763249,0.17005167845019062,0.18214056804404283,-0.11170787291513161,0.0033561581800794424,0.21676247418118125,0.3405143638699595,0.10240349678299474,0.11733459378235152,0.38277945664543034,0.981305248669288,0.32851387420012707,0.34042906721148714,0.1714970562805047,-0.18108081218252067,-0.03825647647843372,0.1946303508914457,-0.2753377792086119,0.08544200503787003,0.17899939823214286,-0.3751314142956859,-0.1260774486490355,0.33439848668721117
-0.06930649398191896,-0.09763246429905129,0.4498748360245811,0.48262853345542117,0.2666656018565494,0.2795808392720691,0.19831117873574128,0.3377072232201687,0.06830128327500203,0.5718906625418989,0.26389151433754027,0.32962692010280364,0.18566200182971682,0.23045559082661435,0.2891464592570151,0.27146011324442104,0.24672130304002468,0.36740435212117933,0.296690236873958,0.6504931856150173,0.22085750785159955,0.3449086994895849,0.9531124137901036,0.3459261927977045,0.6733784732439733,0.45210502490987814,0.2609733080771559,0.26484961096587256,1.11241886567964,-0.4767838050949272,-0.13805103234902913,0.1676646308695078,0.10667098640110853,2.803874295068832,0.31284704073436326,0.3019000232993464,-0.3441997930779846,0.24728355308520075,0.8387916301889132,0.1603102560269574,0.6021689405299429,0.2094580563190829,0.4852365863993132,0.1345219359938938,0.10669888618245013,0.3197868089725317,0.8536629010348012,0.12612356385372273,0.5117627982501768,-0.13088001080386724,-0.019669296873831902,0.33540293869612575,0.029015350110174788,-0.09770106261198377,-0.0641410548399571,0.09639946718639368,-0.279277997658195,0.07908284067269065,0.01958982528643187
