3.177176807889964,0.4707355532589766,0.9930831752632928,0.7487722879897127,0.6334066248430616,0.5000971387113852,0.22317089408945087,0.2772383587589583,0.5290241906162063,0.37225121066305344,0.33037271607967794,0.3558023885135899,0.4158231260754002,0.34312523828315716,0.32964209811292106,0.2912570425374465,0.3227174770742499,0.22653257217834452,0.33484006443039915,0.36114967864669717,0.4894328967993635,0.4482351238312943,0.3396875023807405,0.3223006622536211,0.3825002246424698,0.21616544475695387,0.28680449157728616,0.33576581557844454,0.24304793677270947,0.3409304780143352,0.24470348343149353,0.2704213380561491,0.2688803623549207,0.36005046528202517,0.31397090631649915,0.2585930299037961,0.42582933424523506,0.44078774848234115,0.5917574162042243,0.3024187999855161,0.23995575291494506,0.22570172835442623,0.1473059022758749,0.45764780966038066,0.03385831314472106,0.5318990735444419,0.36958117674165303,0.6032080190341674,0.3767855612234934,-0.05246014387186821,-0.15759023026346702,0.39176950846845887,-0.07878585712802447,0.021587426535196026,-0.7571329996700391,0.20311450791264712,-0.023103843899017797,0.15173456198690835,0.1278324005462547
0.4707355532589766,4.014311522474522,0.5420256046267731,1.377647598858901,0.12717925051774173,0.2772096060208221,0.446328517079938,0.45104181539906507,0.533130327248405,0.41342719627368635,0.3871163061457536,0.365300289515952,0.37488131840499467,0.45320996145966924,0.3785562272724532,0.3733489983850591,0.3636600427783717,0.3917272113998052,0.4841663375040761,0.34474365718569533,0.4299006103641231,0.27766582773156256,0.5130306950456011,0.35940654124039645,0.2532417437315031,0.4811728159034004,0.3452435090579974,0.44344311876529624,0.2680521104154795,0.2428540311892031,0.312344472579359,0.2549363250480196,0.18388099412419998,0.2739815203955986,0.24521195121596215,0.17885377709309042,0.25447505020489275,0.3172062075251446,0.20172190613847613,0.2400433735541235,0.1803437547678201,0.2822336038131305,-0.085120705640332,0.4688047273081254,0.07763697424157144,0.4492422532344063,0.2488319547556285,0.5482563443872339,0.09195621695843666,-0.011162086748436864,-0.07549254164352528,0.06197977196705144,0.09675912842873505,-0.02448325727986853,-0.17467608079907684,-0.033796029054896363,0.10531463362251291,-0.12614738208940424,0.17106345229855166
0.9930831752632928,0.5420256046267731,1.648595044768552,0.8127656850556192,0.8304842152207622,0.7851728441361261,0.5275357756824344,0.5545349306348419,0.709684255514927,0.6111056116145338,0.6119190478885005,0.5536147856560498,0.6324029793207167,0.6074324433970812,0.5482666858630312,0.5576300757113972,0.6186381525542393,0.5194547178568002,0.5514665267622216,0.5327922713284251,0.6703466620657862,0.5713200968992175,0.4934007168083625,0.566181281852298,0.5395342827807724,0.5344679254156349,0.5120471164105175,0.5748049841025964,0.3583960013245444,0.4244490459670918,0.35543718820026765,0.43076385736735695,0.34239648776345183,0.46783824129737206,0.4088359783325183,0.33189259405344923,0.48869174271572824,0.5590614690142547,0.39997842522525656,0.38037740647651075,0.3233076061871257,0.4658667953262699,0.060126726331146026,0.7396621186969107,0.10150630045815637,0.766882088738135,0.4582764692660639,0.7732459444781951,0.39428542507865777,-0.04820092899869313,0.1430755881088456,-0.2701163152628896,-0.05606341736248113,0.007174113496513306,-0.17191098905598384,0.012500184948683357,0.04818575480237916,0.0529320347657738,0.04361915438194919
0.7487722879897127,1.377647598858901,0.8127656850556192,3.8927703105146283,0.7485032177085469,0.8987723071694914,0.6228728872648647,0.6497504217933655,0.6659214605124051,0.7218947781805568,0.7186183584264545,0.5760403652014259,0.7015448308653887,0.7418060929037413,0.5628083157924175,0.5951813691583346,0.6488763990055112,0.6181202032343492,0.7569278798647963,0.6269086647928576,0.9229138334770073,0.6425705195363967,0.7064096858377422,0.6460739740770044,0.8054520920930304,0.8410152540844011,0.6324342786155865,0.7519815568581235,0.4581983820572326,0.5821962599025049,0.5428825641135276,0.5551010015167003,0.45850222058690265,0.6971665104233074,0.6234155203022861,0.4066107156151326,0.734047170508113,0.8224151129443072,0.5084605452202164,0.3812179411407926,0.44217909194633126,0.5117321951611176,0.2545824285460558,1.1220670395929055,0.13578748846546188,1.061377992136121,0.6686824585294305,0.9585989585650733,0.7742101194626817,0.22587057296879656,0.10694743399103439,0.16255834612786424,0.06308316238349262,-0.115637713968735,-0.10370456607243707,0.023859177904458215,-0.005954336656638691,-0.13706055897562883,-0.1668958343235188
0.6334066248430616,0.12717925051774173,0.8304842152207622,0.7485032177085469,1.2263099385290317,0.8397888246355961,0.4554045528094008,0.5132540874378451,0.5649359308325401,0.555482354353005,0.5453152731233804,0.5205563582118993,0.5789176117299887,0.5323924229643684,0.48241273308965577,0.500495538854323,0.5247507899622796,0.46648918261479577,0.5077406073451727,0.5139777180515523,0.5888223149996686,0.5402468384198874,0.46884676295796823,0.5000367765945093,0.4962533446870244,0.43987962702949424,0.47902546156007936,0.5207031669332213,0.33407992644782664,0.404375608173592,0.3093302493811511,0.37531450197616784,0.30965150572753036,0.4541073266328341,0.4226382774937946,0.28206740605027725,0.48393342212937385,0.4880531445409357,0.3850747684931942,0.3095830501697505,0.3354078273410109,0.3583671293064713,0.17655663718843534,0.7808987777518568,0.11000634160410999,0.7195756949126201,0.45354602761211593,0.6502414505633572,0.5910430703285727,0.15586397874746377,-0.03094140869151715,-0.1861799206449122,0.0008241449787317271,0.04770220050603601,-0.16954088633133207,0.05123417473496845,-0.0269885427709624,0.09497452202432628,-0.015617585229485125
0.5000971387113852,0.2772096060208221,0.7851728441361261,0.8987723071694914,0.8397888246355961,1.1931809000820293,0.5421449967558668,0.5405861915506697,0.5780886270979276,0.5808379509448287,0.6376862876744396,0.5417357804478876,0.6197712362521427,0.5894525190174692,0.5706258008981244,0.557586166635642,0.5886630498219125,0.5338246003551954,0.5227665365032412,0.5490649609633672,0.634102524784056,0.6061079882264282,0.4949460263384273,0.5421018476716396,0.5255134602375532,0.3887205637196942,0.5058112611048312,0.5462950161034171,0.394357055675453,0.4538142868336851,0.2748974000948652,0.39000633624167624,0.3390030891205509,0.4835496814590146,0.40380693268552964,0.31611013255686654,0.5212583972606183,0.5255590980789736,0.40778801416801,0.3437423358456882,0.3683554121993122,0.4006687205761915,0.2001727045222396,0.9113872451851335,0.13572191837689096,0.8163220067386588,0.5051688333143263,0.7493482698279774,0.598154829603078,-0.05567855448159046,-0.02527137746696772,-0.1636585768558974,0.04271976695601213,0.07410184836170822,0.036015931346854685,-0.007321437599536529,-0.0411477252973519,0.15295765280674303,-0.04206381009686377
0.22317089408945087,0.446328517079938,0.5275357756824344,0.6228728872648647,0.4554045528094008,0.5421449967558668,0.9071435179901542,0.6151436830782979,0.5795937858323457,0.5911182106008291,0.6653877805905181,0.5882790400948132,0.5803749390954124,0.6352593075065921,0.6087378846098097,0.5977308867799079,0.663424991547202,0.6132628819050386,0.5720480055970785,0.5517618280913242,0.5840662342749684,0.5197263280849637,0.5707315974629052,0.582881000435671,0.4629915476184294,0.5727935017338313,0.5355132640898785,0.5268591423990145,0.43039971348223455,0.3961289181137654,0.35843132275504525,0.40735102672451595,0.31189447605345105,0.43179552814942246,0.4154335705234464,0.2752599580600523,0.4303125183564924,0.4813395160913161,0.32565385020738186,0.3287655462069559,0.28764600534778867,0.4464907803533181,0.05267779789456637,0.7032225160996215,0.10939490122235915,0.7260706803291964,0.4175344194480725,0.7016953429063225,0.2669553203412375,0.11537252242454184,-0.04795298223932755,-0.12657656596960162,-0.044878731457817816,0.0010418020430023349,0.16147139604853497,-0.03202188028850074,0.037488085804094386,-0.03915437430145385,-0.12460386211582623
0.2772383587589583,0.45104181539906507,0.5545349306348419,0.6497504217933655,0.5132540874378451,0.5405861915506697,0.6151436830782979,0.9547208582630193,0.5024768807269022,0.5518371214559071,0.5660721985805648,0.5353469374582481,0.5461771576827471,0.5831260753337081,0.554428114290024,0.5744948521420647,0.6635695573974832,0.5798644905383111,0.5884462236227671,0.5659198833516824,0.588096033418413,0.5487071502663389,0.6107583979738845,0.5565900767120956,0.4711616158420985,0.5947043950088483,0.5917631849697378,0.49905449824399833,0.44874474913681595,0.4164049840168157,0.38231826835036337,0.4029447027698887,0.31931709461175983,0.44223826039739805,0.3806245753866418,0.2831692315292355,0.4353864533295215,0.4907803714967095,0.37821247598071006,0.352508050769352,0.30191317182056976,0.45810699354485473,0.06703574966659431,0.7433940901677298,0.13219091647245734,0.759853233202661,0.4598248669356161,0.7943540077372757,0.26630773332200314,-0.17907360863559169,0.020545457557773223,-0.16723758653458068,0.06649471768579249,0.05781323569457945,0.017085305985424057,-0.006291547938193661,0.06805410838020276,0.028462019899284745,-0.0945931176256531
0.5290241906162063,0.533130327248405,0.709684255514927,0.6659214605124051,0.5649359308325401,0.5780886270979276,0.5795937858323457,0.5024768807269022,1.304431158549704,0.6450500070552672,0.6380857084066974,0.6450447442423202,0.6722247591958497,0.6230231437616612,0.6460513950075402,0.5108865760305957,0.601482962776826,0.6644669936804987,0.5681024397582625,0.5028262696826581,0.5656297301398165,0.4736522424224709,0.5559165850406356,0.5279393068631058,0.4961718739930957,0.5295902930112306,0.5011871386290185,0.5604973153713639,0.42009683152675226,0.3573681396564647,0.42431048254393217,0.3906340283295606,0.2907085555996655,0.38372294094965526,0.35174871877996283,0.25968521782047077,0.3935175276528025,0.4825184365985628,0.14593912322528163,0.3052372243622351,0.2630727870325099,0.45212891401743904,-0.061553025457048306,0.6052559707847777,0.09747622236559757,0.6690660894220335,0.38263680632866104,0.6897997997935487,0.23622738043871164,0.0019672480758019762,-0.039310149607895084,-0.0551633989102855,0.02127666799885447,-0.017628733034864542,-0.20303582928752895,-0.054177901122057455,0.06806707694387507,0.32052675315100165,-0.15380603699763376
0.37225121066305344,0.41342719627368635,0.6111056116145338,0.7218947781805568,0.555482354353005,0.5808379509448287,0.5911182106008291,0.5518371214559071,0.6450500070552672,0.8733740368675319,0.5894131712500218,0.6118317164438972,0.6067100358714371,0.6356671976692094,0.5448683855464641,0.5933856884602375,0.6231603455555643,0.6003442978546141,0.6320327487802898,0.5856814113928875,0.5925820072960567,0.5215572444840777,0.5782698180603932,0.5660656294731949,0.49800442126888506,0.5870135464519383,0.5120651673499405,0.7444837678855232,0.450828383772989,0.42409941509353405,0.3692949404707768,0.39862756595971943,0.3275352290992458,0.4690200326666145,0.42645918661053056,0.28877962516787403,0.46878751303442323,0.5377337098507946,0.32221500921709534,0.30888152192419754,0.29778704808095885,0.425386471427403,0.08951898916676652,0.7217520400110906,0.10934086657567287,0.7260077978136845,0.4428576049449154,0.7355317299354993,0.3611979252167525,0.11592742413899021,-0.0030904807503235746,-0.11544440700280383,0.1344592385763683,-0.054827082398963986,-0.15102142079494354,0.028747752987243202,0.009825838466129428,0.02022888423919424,-0.0378327620020206
0.33037271607967794,0.3871163061457536,0.6119190478885005,0.7186183584264545,0.5453152731233804,0.6376862876744396,0.6653877805905181,0.5660721985805648,0.6380857084066974,0.5894131712500218,1.0365671139927568,0.6411506553210554,0.6783386460326636,0.6487420420991229,0.6938670138721149,0.6146883113160513,0.6844488289137093,0.7014440821530056,0.614980828207907,0.5356917106555681,0.6547306784802827,0.5465770944971076,0.6022644140172081,0.6264203142360424,0.5291936806696765,0.5484890891332314,0.5432074536783177,0.5377679065610861,0.4800322169996774,0.4551750230999978,0.3958008809257124,0.4625845897649555,0.3453660317351424,0.46767699579722877,0.44265318443668855,0.32767609176794,0.49310203782902057,0.5576708901284086,0.36889180744775046,0.3809570688741862,0.3069763544238424,0.5195867063326558,0.04177832787620024,0.7775775513879262,0.10733041936714918,0.8193985055647705,0.4681571539536408,0.7962259771374781,0.19873325426866958,-0.013915355368562246,0.011209755020112913,-0.3341055532735951,-0.15766702548080294,0.08374658239056261,-0.0452759869104695,-0.030569351539771156,0.016947208415031702,0.09813010588275163,-0.12703482140051373
0.3558023885135899,0.365300289515952,0.5536147856560498,0.5760403652014259,0.5205563582118993,0.5417357804478876,0.5882790400948132,0.5353469374582481,0.6450447442423202,0.6118317164438972,0.6411506553210554,0.8651863078459281,0.6181226626510687,0.6298556035802084,0.6266070516584263,0.5668687803611123,0.5922501882465637,0.6522669622402913,0.5519902182351265,0.527614804306669,0.5667556122259501,0.4662954430588236,0.5556302408825848,0.5713761274383485,0.4924412191487765,0.5534463463486199,0.5394105821359471,0.4338334718405909,0.47889802278370386,0.3958191722689209,0.4698724523001311,0.40887775070192306,0.30912840332375907,0.418179460763431,0.40018367445708547,0.28528820676858707,0.4361455488444917,0.4571758056222736,0.3435912292759476,0.32376785934769603,0.288225815747394,0.44348143802808315,-4.232102691183551e-5,0.687173789613277,0.0897613379507712,0.6967236260280175,0.41247750777967634,0.740687211048807,0.28783605259021505,0.016607942277548592,-0.03141590233692562,-0.05410907882750554,0.037995293102632374,0.01387952635501126,-0.05069275378618986,0.00046695943630339014,0.015645623354988904,0.07773680948571006,-0.10914201762623855
0.4158231260754002,0.37488131840499467,0.6324029793207167,0.7015448308653887,0.5789176117299887,0.6197712362521427,0.5803749390954124,0.5461771576827471,0.6722247591958497,0.6067100358714371,0.6783386460326636,0.6181226626510687,0.9400864572804347,0.6598754076318218,0.6102210301327701,0.5683874219164304,0.610003030198782,0.6127669833344673,0.5993080568666115,0.5451314850354921,0.63721928075568,0.5160647381839887,0.576511238477363,0.5643125566507404,0.5251420811814487,0.5364046593022971,0.5149015696629349,0.5285990963077306,0.4645611563789996,0.4233069675764324,0.40265255605040384,0.4186473701500616,0.3302284363391272,0.4413784847930977,0.3927553628208053,0.30986285484717474,0.4925075608818896,0.5353264621862183,0.32942688499775385,0.3143629827952771,0.3062680221846159,0.48156985154339094,0.03779496850857606,0.7397411563680338,0.0989573742015873,0.7523605938925696,0.43460934037174653,0.732363315778282,0.3007903801429533,-0.05484245327387821,-0.021361325332304348,-0.1420210670505012,-0.046170656007649365,0.059996901151105356,-0.15238230491762134,0.02460288391012001,0.017414298959840938,0.08938980773632674,-0.10934146485665118
0.34312523828315716,0.45320996145966924,0.6074324433970812,0.7418060929037413,0.5323924229643684,0.5894525190174692,0.6352593075065921,0.5831260753337081,0.6230231437616612,0.6356671976692094,0.6487420420991229,0.6298556035802084,0.6598754076318218,0.9543706430375806,0.6803889192128185,0.6112477263773182,0.7010478228915817,0.6934107649881095,0.5855232640555827,0.5702522638633077,0.6333483499544961,0.5624932627601543,0.5772729340798451,0.6027903315090655,0.5284766082404107,0.5858814869819708,0.5543749947138804,0.5140263232311141,0.4317002333118399,0.42908316871519714,0.3719673105943688,0.4182564447965151,0.3270184112406969,0.45143430719986993,0.421123701134416,0.31146896352958287,0.48212700316983864,0.5060548022112479,0.38517714630639754,0.33553051390341565,0.32444497084387575,0.4542690844218162,-0.04252481091648318,0.71326981129526,0.10590730272022317,0.7249124978207812,0.42481572201670426,0.7948158564380469,0.36997049293634643,-0.05120372715371124,0.001167909913108997,-0.1440282834656994,0.05133668108898836,0.013996495785520044,0.032990317646015496,-0.04667912308082016,0.07421602323505395,-0.17070412962873374,0.03379116724512265
0.32964209811292106,0.3785562272724532,0.5482666858630312,0.5628083157924175,0.48241273308965577,0.5706258008981244,0.6087378846098097,0.554428114290024,0.6460513950075402,0.5448683855464641,0.6938670138721149,0.6266070516584263,0.6102210301327701,0.6803889192128185,1.2057883238217801,0.47747643321747907,0.5318230168361432,0.6780847042303911,0.595615348815164,0.5507732984641772,0.5581712239038524,0.4936599294241817,0.5768364542652922,0.5071557083870973,0.4866517817032867,0.38614540337041886,0.47053116833516917,0.47329267161835004,0.4591296552449489,0.3980626122469713,0.3135853977772647,0.3848902230247646,0.3081295852167567,0.39432874431468,0.32735174085067686,0.30208427930611637,0.41064830108206857,0.4694149241838694,0.3026770832104885,0.3550281353427443,0.2801345034088083,0.48234116522514725,-0.0521243265152302,0.6811368117034517,0.1030321395222856,0.7218914129480349,0.4075895578871305,0.7966405612496352,0.17824196437394693,-0.13874923220863478,-0.020353971634328276,-0.21351026141882942,-0.049588764032359324,0.10041269221244768,-0.074555664460683,-0.04273228385674108,0.07359708209785981,0.13628521585181624,-0.10940156741562711
0.2912570425374465,0.3733489983850591,0.5576300757113972,0.5951813691583346,0.500495538854323,0.557586166635642,0.5977308867799079,0.5744948521420647,0.5108865760305957,0.5933856884602375,0.6146883113160513,0.5668687803611123,0.5683874219164304,0.6112477263773182,0.47747643321747907,1.171901909444211,0.7690694139942565,0.7439791532419799,0.6141302759919782,0.5897338135809538,0.7128696669690138,0.5808241026431673,0.6102209664495359,0.9120159136876758,0.5495484741952482,0.735027354730933,0.5651616159674385,0.5475305186762036,0.5051908740845658,0.5123728579092348,0.41849745639769576,0.46047156722474075,0.3572472469218825,0.49380110990979087,0.4731044481451122,0.3386949847368216,0.5481997991567833,0.6197547345980621,0.4031842158568565,0.33509361603548327,0.35072763195098616,0.5409708972462086,0.07489635254196059,0.8813760204142402,0.1367983164050411,0.8472864648114024,0.4814660478768657,0.7225814987843822,0.40274744062491996,0.03489215990063316,0.03268852116202432,-0.2621844364692024,0.08358585755310816,0.004814169004937144,-0.043746972582809,0.01872709195355435,-0.028027620896459906,-0.005419171646621646,-0.04015283066067928
0.3227174770742499,0.3636600427783717,0.6186381525542393,0.6488763990055112,0.5247507899622796,0.5886630498219125,0.663424991547202,0.6635695573974832,0.601482962776826,0.6231603455555643,0.6844488289137093,0.5922501882465637,0.610003030198782,0.7010478228915817,0.5318230168361432,0.7690694139942565,1.2528133370914012,0.7772867661991576,0.6121477108249493,0.5883522440862731,0.6735278366985437,0.6298331627071576,0.6304050847885448,0.7534326085554259,0.5415807751254823,0.792539119046193,0.6492004605696083,0.5001566998289132,0.5323195656224977,0.4453366842495119,0.44716112449532375,0.4745448596438659,0.35481856194012484,0.48297856509120973,0.45367073346087994,0.32531743492148657,0.5026927448664457,0.5878575409000467,0.44703258023797177,0.36275147069301295,0.3235576135437946,0.5472496258607328,0.025233896055556843,0.7998729039046077,0.1213239214213442,0.8240090776928543,0.46223356477355354,0.8034905758716191,0.2976029614797228,-0.10814506584751034,0.00988326848458324,-0.2738033816142565,0.07988987458295854,0.026613587786624447,-0.017415780908072477,0.0033501386825314874,0.03975103562109033,-0.01991183302966871,-0.08258662091529914
0.22653257217834452,0.3917272113998052,0.5194547178568002,0.6181202032343492,0.46648918261479577,0.5338246003551954,0.6132628819050386,0.5798644905383111,0.6644669936804987,0.6003442978546141,0.7014440821530056,0.6522669622402913,0.6127669833344673,0.6934107649881095,0.6780847042303911,0.7439791532419799,0.7772867661991576,1.9889833963441474,0.5582013854227684,0.5988789622469373,0.7998831651349227,0.46744953201400724,0.5849746871252313,0.7113948947595783,0.5261816622603901,0.7643025687437326,0.5499396182071309,0.3897179234542903,0.4754898319953874,0.4562451878884152,0.27734393357190346,0.44546378583688706,0.3399147908881341,0.45491286419048965,0.4673423546117636,0.29458494707864863,0.48260797280724377,0.5068360757089552,0.3361130501685329,0.3628702317063934,0.2902430022656335,0.4906883891450542,-0.10515044889957768,0.8150108652096125,0.0509474726523681,0.7442788402717003,0.39096946875352706,0.8391852749623798,0.37509635562602395,0.09220638101716802,-0.10405060118448234,-0.4418996491410876,0.13080886099029254,0.025561706928725964,-0.13203119214165435,-0.03754962766562919,0.03432666821081432,0.0660791782777768,-0.08906737130486109
0.33484006443039915,0.4841663375040761,0.5514665267622216,0.7569278798647963,0.5077406073451727,0.5227665365032412,0.5720480055970785,0.5884462236227671,0.5681024397582625,0.6320327487802898,0.614980828207907,0.5519902182351265,0.5993080568666115,0.5855232640555827,0.595615348815164,0.6141302759919782,0.6121477108249493,0.5582013854227684,1.1779519540445023,0.6719564926818329,0.7660629491326433,0.4588450816165315,0.9960348359309352,0.5943011603741675,0.6841202740106711,0.7101377298888499,0.5314059541580551,0.7978033316661141,0.5294866752755496,0.48279924351798753,0.4036400506902073,0.4480481391763734,0.3509655616786351,0.48507067574530477,0.4558882236226627,0.3152236893433988,0.4380946711194274,0.5379565981706421,0.33597830766070863,0.40918115728161675,0.29154140612124535,0.5097930467896382,-0.027546090586116352,0.8053751524768525,0.12848575162246162,0.831707597287124,0.4803683368610858,0.891176033009996,0.2202058326094403,-0.00521081870542563,0.0011436468730067735,-0.23519019530266597,-0.027074455025907676,0.010902725937768988,-0.1027885521137897,0.03227923384274182,0.008431877260602733,0.0030934049943049996,-0.1017882956170331
0.36114967864669717,0.34474365718569533,0.5327922713284251,0.6269086647928576,0.5139777180515523,0.5490649609633672,0.5517618280913242,0.5659198833516824,0.5028262696826581,0.5856814113928875,0.5356917106555681,0.527614804306669,0.5451314850354921,0.5702522638633077,0.5507732984641772,0.5897338135809538,0.5883522440862731,0.5988789622469373,0.6719564926818329,1.0900282847083111,0.6136361377119219,0.7795666142918758,0.6522795529930032,0.5582135556136166,0.5747566568168897,0.5015100584149391,0.5589726607709192,0.6357893322437099,0.4033797184101876,0.4645424043210425,0.356600247645252,0.40521391177755234,0.33913496657488124,0.4659008593493589,0.4252099058594643,0.3135410112748003,0.46297831327886296,0.5103935865431252,0.3844476195136602,0.3586588844234808,0.312219797449484,0.44597667524655293,0.08846420333439209,0.7108025394121142,0.11488441346928079,0.7531093098082119,0.4615808911854575,0.7831436570062267,0.3934595954079882,-0.036905976023308945,-0.02775458461727696,0.0017322377357117335,0.053235459284883505,-0.014603679444084425,-0.08559377920313423,0.05797507667219324,-0.08003655889852426,0.01873775484509033,-0.04598122528906809
0.4894328967993635,0.4299006103641231,0.6703466620657862,0.9229138334770073,0.5888223149996686,0.634102524784056,0.5840662342749684,0.588096033418413,0.5656297301398165,0.5925820072960567,0.6547306784802827,0.5667556122259501,0.63721928075568,0.6333483499544961,0.5581712239038524,0.7128696669690138,0.6735278366985437,0.7998831651349227,0.7660629491326433,0.6136361377119219,1.3453824954561708,0.6263136054918066,0.7770367904131129,0.7134791663192739,0.7815551304042625,0.7082394634113391,0.5951370687802294,0.6221042115915439,0.5081707588364947,0.5659487289678942,0.3777211938134145,0.523436247242483,0.4515411466893774,0.6553432626254662,0.6263145529886824,0.39516714779677353,0.8041365454064201,0.6956398853593089,0.48763396657336716,0.34970496299804854,0.3928178981422586,0.47492120832582,0.3042436892352615,0.9201696906410768,0.08209459690261701,0.9336793127403267,0.601379603218728,0.8414722943122556,0.6087282543253919,0.08690985737750248,0.004815363408828956,-0.4527563312416386,-0.08616313736922193,0.08437658732653082,-0.2145022011974011,0.07184444313229053,0.011096817085685473,0.014287422736150832,-0.05298358420740684
0.4482351238312943,0.27766582773156256,0.5713200968992175,0.6425705195363967,0.5402468384198874,0.6061079882264282,0.5197263280849637,0.5487071502663389,0.4736522424224709,0.5215572444840777,0.5465770944971076,0.4662954430588236,0.5160647381839887,0.5624932627601543,0.4936599294241817,0.5808241026431673,0.6298331627071576,0.46744953201400724,0.4588450816165315,0.7795666142918758,0.6263136054918066,1.4455396787984116,0.4927097732968097,0.5583009685887518,0.7427184018239067,0.4268264521738552,0.6655778083636598,0.5066935276623177,0.18010878013909204,0.4303433424415296,0.31876787460139655,0.38033793557681583,0.34252949628806884,0.4921660618105714,0.4521703388709852,0.3136407221101028,0.5298119724020256,0.5584497821047733,0.44463833281750337,0.35571137032176964,0.3504433971389506,0.3538320205139587,0.19326023194877037,0.7047553649501467,0.09818853799191703,0.7634987051617921,0.48112396855089784,0.7347972837890901,0.7650062004858313,-0.03440356728325684,-0.09852682548492818,-0.0523384982002934,0.14531717302664288,0.013628274473406018,-0.077118633189034,0.010811462659904316,0.00452548905310286,-0.016299405641781804,-0.03742163449161765
0.3396875023807405,0.5130306950456011,0.4934007168083625,0.7064096858377422,0.46884676295796823,0.4949460263384273,0.5707315974629052,0.6107583979738845,0.5559165850406356,0.5782698180603932,0.6022644140172081,0.5556302408825848,0.576511238477363,0.5772729340798451,0.5768364542652922,0.6102209664495359,0.6304050847885448,0.5849746871252313,0.9960348359309352,0.6522795529930032,0.7770367904131129,0.4927097732968097,1.2961457692106053,0.6092102758059477,0.6435198326962396,0.777266488414102,0.5420729855466709,0.5749824162438545,0.5912461418263703,0.4938534805491502,0.4687005192304408,0.4218683722936282,0.3181304058021402,0.4228247668536469,0.4211109235566954,0.3038289859043212,0.3759139053116362,0.4337672868303651,0.35429679568027295,0.44795328701182496,0.30178618960318654,0.48970851873372157,-0.23248778989368854,0.842461197923739,0.1327201047822405,0.7934738438324039,0.44296540250099825,0.9928438626442279,0.2667374200555616,-0.18293959233203433,-0.05866201625197102,-0.10001950818771732,0.1267416459294776,0.05359156459616497,-0.10965139924422541,0.03813545525265848,0.0025919853961272657,0.01689331973403589,-0.11498793165865222
0.3223006622536211,0.35940654124039645,0.566181281852298,0.6460739740770044,0.5000367765945093,0.5421018476716396,0.582881000435671,0.5565900767120956,0.5279393068631058,0.5660656294731949,0.6264203142360424,0.5713761274383485,0.5643125566507404,0.6027903315090655,0.5071557083870973,0.9120159136876758,0.7534326085554259,0.7113948947595783,0.5943011603741675,0.5582135556136166,0.7134791663192739,0.5583009685887518,0.6092102758059477,1.170704267934941,0.527218350382175,0.8247832734369983,0.5668623585845974,0.529972628253366,0.5410207925051455,0.553752233970238,0.469224614170394,0.4786382141180403,0.3691301714498297,0.5045495734240103,0.49187906101760875,0.3611094609813716,0.5632831280485507,0.679972353578489,0.40315702009688026,0.33151650828687995,0.36049357119950426,0.5615660114746662,0.06301778731413886,0.8764521620708722,0.15007653389470615,0.8897914336122831,0.4946726410284559,0.6295771036483124,0.4094770721117303,0.017981028030449153,0.041278912542795566,-0.20555315404048913,0.030329810293166337,0.01732979242524276,-0.058002194352668034,0.021947670843170026,-0.02138574173601513,0.005899194960783736,-0.06418258925185985
0.3825002246424698,0.2532417437315031,0.5395342827807724,0.8054520920930304,0.4962533446870244,0.5255134602375532,0.4629915476184294,0.4711616158420985,0.4961718739930957,0.49800442126888506,0.5291936806696765,0.4924412191487765,0.5251420811814487,0.5284766082404107,0.4866517817032867,0.5495484741952482,0.5415807751254823,0.5261816622603901,0.6841202740106711,0.5747566568168897,0.7815551304042625,0.7427184018239067,0.6435198326962396,0.527218350382175,1.525475455435421,0.6486544358984931,0.6670809805045441,0.47478660134700423,0.27773840156573365,0.499916711126713,0.4285559476620589,0.4727953482605436,0.41023778681128326,0.5453053257457672,0.5162139678602216,0.3453561063283103,0.5457700778595795,0.4979987672820342,0.41334673390971566,0.3936778961290843,0.3325067909380004,0.42538071005197153,0.21457944918720984,0.6919997824813637,0.10461271867506627,0.7953816696803678,0.5488709196235503,0.8170588882062318,0.7728491151406639,-0.002603178626790687,0.04250065620442218,-0.22024876155235115,0.08108900714313515,0.00555066459388146,-0.1447307851201741,0.03980068858004949,0.04134964129166354,-0.03171381314046611,-0.11685295282036103
0.21616544475695387,0.4811728159034004,0.5344679254156349,0.8410152540844011,0.43987962702949424,0.3887205637196942,0.5727935017338313,0.5947043950088483,0.5295902930112306,0.5870135464519383,0.5484890891332314,0.5534463463486199,0.5364046593022971,0.5858814869819708,0.38614540337041886,0.735027354730933,0.792539119046193,0.7643025687437326,0.7101377298888499,0.5015100584149391,0.7082394634113391,0.4268264521738552,0.777266488414102,0.8247832734369983,0.6486544358984931,3.147401740746486,0.5503215567296965,0.5202684075866085,0.776531183476623,0.4048422903109362,0.7906217411514305,0.572675339023448,0.3743065697424137,0.42470510583158794,0.2812411624597376,0.2345427026053589,0.49195911429486944,0.3756484330433238,0.1795457794263737,0.2518925577886316,0.36991776145691335,0.9405426944739387,-0.17549948119241576,1.25293270504075,0.2551564064950107,0.8321322139242411,0.5874435391761292,0.9099498752167822,0.10956520020271497,-0.06336150361471807,0.08865043589069536,-0.1884561112072232,0.3367521218675134,-0.06141444725666539,-0.054809783765855616,0.03738516809989023,0.1353246120815782,-0.15851187973192474,-0.148443486635648
0.28680449157728616,0.3452435090579974,0.5120471164105175,0.6324342786155865,0.47902546156007936,0.5058112611048312,0.5355132640898785,0.5917631849697378,0.5011871386290185,0.5120651673499405,0.5432074536783177,0.5394105821359471,0.5149015696629349,0.5543749947138804,0.47053116833516917,0.5651616159674385,0.6492004605696083,0.5499396182071309,0.5314059541580551,0.5589726607709192,0.5951370687802294,0.6655778083636598,0.5420729855466709,0.5668623585845974,0.6670809805045441,0.5503215567296965,1.0974887788123806,0.43552799627989397,0.3427520347296356,0.3963456208564375,0.574512776579301,0.4541983523643881,0.3710861127980714,0.5480458085851829,0.4825573505658966,0.3027685801445297,0.43898284036886087,0.46037526946596474,0.42019051989363504,0.3739295574457043,0.28865144002972126,0.4331020952575932,0.21130786280760822,0.673132347605098,0.12999860681189365,0.7780124383889394,0.4739474777548716,0.7740653680104002,0.3308300267848936,0.00952383005925538,-0.013656731243861723,-0.1442967534863889,0.04230812880489332,0.01966609772691696,-0.051209870953546704,0.03317586013077101,0.09295745905144444,0.008239533981787207,-0.1716170278796524
0.33576581557844454,0.44344311876529624,0.5748049841025964,0.7519815568581235,0.5207031669332213,0.5462950161034171,0.5268591423990145,0.49905449824399833,0.5604973153713639,0.7444837678855232,0.5377679065610861,0.4338334718405909,0.5285990963077306,0.5140263232311141,0.47329267161835004,0.5475305186762036,0.5001566998289132,0.3897179234542903,0.7978033316661141,0.6357893322437099,0.6221042115915439,0.5066935276623177,0.5749824162438545,0.529972628253366,0.47478660134700423,0.5202684075866085,0.43552799627989397,1.788782030176652,0.47351948049750964,0.38279103272812404,0.20566157988058112,0.4089607866988544,0.3786666520647677,0.5973731971473607,0.4173495803523624,0.3141662083899176,0.49477347324672877,0.7391227590434303,0.1803860797193183,0.2683979919786881,0.22970104364579183,0.4441973771558695,0.35050342183477384,0.6490214265174659,0.12271441239715614,0.8340828405688955,0.5061898917822698,0.6643742696354601,0.11592808754126346,0.24187626362550615,-0.08046338424982274,-0.16439596605951903,0.007103612268842886,-0.06477449669592349,-0.0923445055848587,0.025654866622640216,0.0210402795171575,-0.009288136775195853,-0.05203007067155157
0.24304793677270947,0.2680521104154795,0.3583960013245444,0.4581983820572326,0.33407992644782664,0.394357055675453,0.43039971348223455,0.44874474913681595,0.42009683152675226,0.450828383772989,0.4800322169996774,0.47889802278370386,0.4645611563789996,0.4317002333118399,0.4591296552449489,0.5051908740845658,0.5323195656224977,0.4754898319953874,0.5294866752755496,0.4033797184101876,0.5081707588364947,0.18010878013909204,0.5912461418263703,0.5410207925051455,0.27773840156573365,0.776531183476623,0.3427520347296356,0.47351948049750964,3.0602197756148968,0.8196889561149416,0.6000548865273555,0.691364255279347,0.4848800727110037,0.5746883160687104,0.6489932392243775,0.33102756555777035,0.6260954209864756,0.4544157455870645,0.41319716033410525,0.5220372114053594,0.2569307153795894,0.9588907835626964,0.338536963007506,0.8134262219540223,0.08442965511501825,1.0051399565969703,0.7234081855768687,1.3665307372886226,-0.8683352225940005,-0.3191151530103227,-0.029904801949886647,-0.04712126281050306,0.005683960293016503,0.08777143914044512,-0.03747706432382202,-0.01943697654258931,-0.023905970469442546,0.16265969314117407,0.025180180895841658
0.3409304780143352,0.2428540311892031,0.4244490459670918,0.5821962599025049,0.404375608173592,0.4538142868336851,0.3961289181137654,0.4164049840168157,0.3573681396564647,0.42409941509353405,0.4551750230999978,0.3958191722689209,0.4233069675764324,0.42908316871519714,0.3980626122469713,0.5123728579092348,0.4453366842495119,0.4562451878884152,0.48279924351798753,0.4645424043210425,0.5659487289678942,0.4303433424415296,0.4938534805491502,0.553752233970238,0.499916711126713,0.4048422903109362,0.3963456208564375,0.38279103272812404,0.8196889561149416,1.1240605365941971,0.3504758256319043,0.5469153757964896,0.4376397602087157,0.5504127617891671,0.7211640513729929,0.4326722960719556,0.64942987455193,0.6488293319833663,0.6069840889339201,0.4766138787314119,0.4179332888708827,0.5246563290604558,0.4800634174344252,0.953157823274765,0.13118908830309334,0.977675115108392,0.664865548587663,1.0039924802991744,0.36108390034924265,-0.01772813105776126,0.0254945896297579,-0.11731649994184934,-0.04400426201822492,0.02882585379042793,-0.16912525625727262,0.027920570953098217,-0.24304537358599906,0.10253517008918668,0.18904069312307026
0.24470348343149353,0.312344472579359,0.35543718820026765,0.5428825641135276,0.3093302493811511,0.2748974000948652,0.35843132275504525,0.38231826835036337,0.42431048254393217,0.3692949404707768,0.3958008809257124,0.4698724523001311,0.40265255605040384,0.3719673105943688,0.3135853977772647,0.41849745639769576,0.44716112449532375,0.27734393357190346,0.4036400506902073,0.356600247645252,0.3777211938134145,0.31876787460139655,0.4687005192304408,0.469224614170394,0.4285559476620589,0.7906217411514305,0.574512776579301,0.20566157988058112,0.6000548865273555,0.3504758256319043,3.171056646896618,0.8613068584732653,0.2774908768988529,0.4122726554936867,0.7248914306116815,0.2946543417946462,0.4812174909594437,0.26911531601267324,0.21681798750100686,0.24238937105420036,0.36328869864180346,0.7472371910018542,-0.11980296383762462,0.60936114766912,0.17172565391787734,0.6129541465658859,0.5244704777228592,0.789262133621729,-0.23649654952837135,-0.05755842597691413,0.04356024676210526,-0.03226817287514679,0.051801216503898344,-0.030602055537006536,-0.298900204892505,0.058441491204827625,-0.0937954825532689,0.17262216631679997,0.12944861543147493
0.2704213380561491,0.2549363250480196,0.43076385736735695,0.5551010015167003,0.37531450197616784,0.39000633624167624,0.40735102672451595,0.4029447027698887,0.3906340283295606,0.39862756595971943,0.4625845897649555,0.40887775070192306,0.4186473701500616,0.4182564447965151,0.3848902230247646,0.46047156722474075,0.4745448596438659,0.44546378583688706,0.4480481391763734,0.40521391177755234,0.523436247242483,0.38033793557681583,0.4218683722936282,0.4786382141180403,0.4727953482605436,0.572675339023448,0.4541983523643881,0.4089607866988544,0.691364255279347,0.5469153757964896,0.8613068584732653,1.103477344745961,0.5709282810687994,0.6729344293392037,0.8846892518146366,0.41073741074663356,0.6537113844681641,0.6302325825877608,0.3964537743381009,0.3667243988804111,0.3415699643153937,0.921746349585844,0.4511394385014288,0.665917150681307,0.13196921045156942,0.9238355368302515,0.7143184773906784,1.0024014516838953,-0.10499664453167408,0.20332535030601434,-0.060501838790051374,-0.2490902505869297,-0.1338022777674096,0.013209981663101292,-0.0708668099738559,-0.0391715992034386,0.015430490638122364,0.06941757778018862,0.02129319632337317
0.2688803623549207,0.18388099412419998,0.34239648776345183,0.45850222058690265,0.30965150572753036,0.3390030891205509,0.31189447605345105,0.31931709461175983,0.2907085555996655,0.3275352290992458,0.3453660317351424,0.30912840332375907,0.3302284363391272,0.3270184112406969,0.3081295852167567,0.3572472469218825,0.35481856194012484,0.3399147908881341,0.3509655616786351,0.33913496657488124,0.4515411466893774,0.34252949628806884,0.3181304058021402,0.3691301714498297,0.41023778681128326,0.3743065697424137,0.3710861127980714,0.3786666520647677,0.4848800727110037,0.4376397602087157,0.2774908768988529,0.5709282810687994,0.8252969323100295,0.6380186779381324,0.45874171839274674,0.4218210099045265,0.5362390775190637,0.5123791495041354,0.3550839968178522,0.2362522539294823,0.29196095287029816,0.6075793076013968,0.584568573308699,0.5752171398433529,0.09673332933409734,0.7336549790481542,0.5704329904789011,0.799912188170299,0.13589660658406444,0.02903793262541284,-0.07065601483820075,-0.056297678651235625,-0.03455140460427119,-0.0273592702686402,-0.11208174689040562,0.07445063645699979,-0.023055081671233154,0.008951699098576965,-0.02254765177704326
0.36005046528202517,0.2739815203955986,0.46783824129737206,0.6971665104233074,0.4541073266328341,0.4835496814590146,0.43179552814942246,0.44223826039739805,0.38372294094965526,0.4690200326666145,0.46767699579722877,0.418179460763431,0.4413784847930977,0.45143430719986993,0.39432874431468,0.49380110990979087,0.48297856509120973,0.45491286419048965,0.48507067574530477,0.4659008593493589,0.6553432626254662,0.4921660618105714,0.4228247668536469,0.5045495734240103,0.5453053257457672,0.42470510583158794,0.5480458085851829,0.5973731971473607,0.5746883160687104,0.5504127617891671,0.4122726554936867,0.6729344293392037,0.6380186779381324,1.2493136401746041,0.872568289077116,0.3495405832915589,0.7935545008331821,0.7286935138690742,0.5356019697916685,0.34313658053191076,0.38179694680028153,0.5200097759656163,0.7005933793265577,0.6648584595920406,0.1306593725329409,1.0583738362869994,0.7003079856137351,1.044161264794608,0.3595832670409842,0.24606802960955546,-0.020634520760026587,-0.2304157284078527,-0.09213799929926161,0.026026844509713255,-0.13984086761662456,0.10698091921829929,-0.0034705936695470473,-0.019284512288667465,-0.05509830927105555
