1.8241591625364322,0.8637687181429589,1.5301296015614205,0.15891984639454368,0.333517312925517,0.18955098333677842,0.297249242233287,0.32906270926745307,0.3884948379009609,0.4220310548589043,0.25383331942396803,0.25687456769562955,0.14632934344413495,0.2497555032721065,0.33763025033835503,0.05054526911108748,0.07367904581669985,0.5722723983902989,0.2947228391530679,0.148124328308575,0.29531203042222076,0.24953876687049753,0.31470046490516923,0.1480285558901974,0.6195646807082722,0.2251972653902391,0.4202545862231941,0.052880771099009356,0.1861996079923161,0.49058032830262327,0.37852880618475215,0.21787365568887385,0.10380154209356368,-0.6020615483544735,0.022224821128592347,0.5197956811647414,0.06679372308614447,0.0791162219041435,0.40717828414989116,0.2138005960295133,0.3042960652760528,0.07835047879103772,0.2783062157860494,0.007153106516113914,0.3070981005669484,0.551799117771562,0.23556381151046418,-0.17235378964331877,0.24078430773226445,-0.1828158099025954,0.22486100236105247,0.056389560057227825,0.20339003821694612,-0.1727839372091837,0.09086301426149039,0.060140345701382915,0.15703474659883396,0.17635112192286306,-0.5161098848388476
0.8637687181429589,2.6581226451115327,2.9346472107546244,0.3177254614303282,0.38141507812924297,0.40852023164201406,0.3628665928386562,0.8276050961418887,0.6312124267797624,0.7156893637295516,0.46717361276405994,0.3250645023138549,0.3020220082858777,0.42880838240888197,0.5186588615245021,0.14736849900983115,0.3933157377555493,0.6348445559182153,0.47278767618276707,0.41165197202215015,0.5822919976403202,0.3848177366627636,0.3247022255248663,0.31158523279745237,0.036644161869636406,0.6971041444313595,0.5503571318713121,0.2362777873814692,0.5568740252317704,0.3190667027820787,0.41655876061409525,0.32924190677090587,0.47024897652496556,0.420715665465354,0.17464581827421935,0.7059393581024597,0.3066398107649701,0.21536544532858604,0.3263033631379563,0.19698507135305307,0.4550894172703782,0.3423525871705667,0.49405400604779415,0.058678667424316114,0.5958539450153509,0.6358300509836567,0.6418200063385923,-0.16686817017792124,0.4230447363918801,-0.0939990077580829,0.19740579732518804,0.24426838587626656,0.2713359064921912,-0.3154946472128578,-0.40184273714548263,-0.2555295473617654,-0.7060756381923005,0.41435927817252394,0.614587415866519
1.5301296015614205,2.9346472107546244,5.710613685475417,0.06538413445327083,0.37840386868150006,0.39657019450111736,0.4663531852646603,1.2232842553577212,1.1603406648591696,1.194464254247251,0.6207909820919048,0.4111936260063537,0.3946973317187986,0.5945284551371454,0.7804454751394607,-0.07140838568641378,0.4944282304758439,0.9164123363302688,0.5603356440034781,0.32554087161018863,0.7746600995764673,0.5469976178984995,0.4814445948210078,0.4875031412071184,0.18459417770318867,0.7971523524936063,1.1310971906838276,0.3484311022885392,0.6309779373126181,0.5146141194426777,0.7169035661766844,0.44355822104843506,0.6574793795623269,0.4236313333509307,0.30770305555968797,1.1202379849403363,0.5824410505293859,0.19591299026490974,0.7623964778060563,0.37736180536903907,0.7948324823717013,0.3479896997994686,0.655660530248332,0.0064051752595785235,0.5871942319664344,1.0242916887130833,0.942027238535998,-0.2764528102999555,0.5263122996973641,-0.12568326890866144,0.33276242167857695,0.40880851092759846,0.4730814960946412,-0.5321942845382515,0.3070365605750334,0.19453126806365864,-0.24514554122485008,-0.46097137989623177,0.26563750245546786
0.15891984639454368,0.3177254614303282,0.06538413445327083,1.983481277710567,0.6229578984466888,0.40894258922326837,0.16278656027557734,0.4019139185483731,0.07023231223009116,0.18494426321464358,0.2740494865586888,0.3714629608278431,0.19179539398144974,0.3461665392968497,0.21569284994958263,0.6079825340615809,0.23937656484940303,0.09009650387503959,0.4813084513493792,0.2550602577126397,0.23753618410172816,0.3241552258994453,0.14307698924931378,0.17832674276108562,-0.055873036926944966,0.3332600152181462,0.16557071709290774,0.0245562629559469,0.29186599435487887,0.037715642291608044,0.10287172602032685,0.32468489289512165,0.18780861247981212,0.39167431286045973,-0.15392965151654692,0.16131560151131205,0.09074684977619109,0.11847361919900955,0.1382169694576355,0.0062779393650063174,0.09695316378343045,0.3475780552811635,0.24634596578510093,0.13052373805323034,0.1914744052859655,0.19013445427352793,0.3180352452193535,-0.0811083710724199,-0.05575126688799566,0.036876185597047355,-0.07467636618063198,-0.06681044449827622,-0.038728071987503485,0.009040991907645589,-0.3630874851704112,-0.16925369304659388,-0.30681871498871166,0.4456304686346996,0.15729732367413246
0.333517312925517,0.38141507812924297,0.37840386868150006,0.6229578984466888,1.3974547505401216,0.40597399883487695,0.29156239087439534,0.3986654974870817,0.4137871035333767,0.32812285214615033,0.35643094259792407,0.401620031697143,0.23785299959964679,0.4664570192736895,0.38513316834812616,0.6347181074196095,0.3320084251591418,0.2630485498771351,0.7749096130014166,0.3448280163280599,0.31183525957292024,0.5005914652708308,0.20550827137307184,0.2555745063230872,-0.13451782911587687,0.5499802242604707,0.4969657553421308,0.07084880790934009,0.38574589527027536,0.16624611225758584,0.2849368424937792,0.3897541394582102,0.278598314536152,0.5972815105011633,0.05431350496243739,0.4461668970321571,0.2528291748773719,0.19473975403735116,0.125103153280446,0.06782133552916896,0.3053508999075881,0.44417527070732415,0.3673824964696424,0.05371721244235489,0.03393106759082037,0.34496630955650226,0.3736910388892524,-0.14263421237473806,0.3176787583167727,0.009230691478227188,-0.0970226637086987,-0.20854936773772584,0.2654436343805189,-0.031074985476387363,-0.15479442652747152,0.04475099365617793,-0.28356452010261474,0.18485013900921551,0.10171954156722546
0.18955098333677842,0.40852023164201406,0.39657019450111736,0.40894258922326837,0.40597399883487695,0.9186574053290281,0.306027361422179,0.4268913920239164,0.3285521688614711,0.34662340062841684,0.3997725695956648,0.3757168944259874,0.21174125024595866,0.35880871319415625,0.32630044775799,0.47167637900129455,0.3972492358094159,0.15418916002943642,0.6331875509400754,0.441029602234551,0.3554665895486633,0.4131131783703579,0.12767249369237393,0.27680394790510465,0.08843381450473517,0.44217573882722644,0.3884423608620002,0.23039160822318397,0.5356965368267087,0.1939426244720647,0.2709214077684603,0.3558427530297443,0.17632780133482762,0.5431948823320315,0.20588258642911622,0.2993432279910699,0.33751967729271903,0.2427962532874448,0.30889085411252903,0.17954477976856778,0.16038453387012552,0.3662993674690819,0.36927316187313675,0.10719997533774452,0.31411251370082754,0.34350387927924547,0.5381566190281806,-0.07975464130042889,0.5990764562776596,0.37098395866162287,-0.4347545839325258,0.28404801006670466,-0.2042866603491466,-0.18611129522119313,-0.1779558460146288,-0.006200791087908934,-0.23725314044267634,0.2022217243913601,0.09532941746365832
0.297249242233287,0.3628665928386562,0.4663531852646603,0.16278656027557734,0.29156239087439534,0.306027361422179,0.8058933959092652,0.21190238050213542,0.6250992760236425,0.28712608396551353,0.31586601043903095,0.42151169164409846,0.19862099321552373,0.4245522806448313,0.30192806838563485,0.3639538360210619,0.3748031168340455,0.2530017050385749,0.27956203338918584,0.25585321226504293,0.35007812176761477,0.48479731370104845,0.16461340557543538,0.28084444497960454,0.14480749729835518,0.45772113248805507,0.4483520258665436,0.16190749776170776,0.37550413871744154,0.24438469522051853,0.30286246120194804,0.3557505191557039,0.29681464512434724,0.494159786817681,0.19210227146713763,0.49316826265535596,0.22396149649353814,0.14903475725840373,0.24741200584302606,0.12085483116213964,0.260345041883724,0.31989565606431786,0.3477762638884304,0.035891200512009204,0.16984636003481798,0.404391459241497,0.2998497800419564,-0.12252147478742362,0.31279237098284157,0.021788348539028016,-0.19654696129862614,0.08541049335255609,0.23312014153289515,-0.20421471688793127,-0.007787251035333462,0.08361661037785034,-0.2006136648246688,-0.031043961954576326,0.09308580083292162
0.32906270926745307,0.8276050961418887,1.2232842553577212,0.4019139185483731,0.3986654974870817,0.4268913920239164,0.21190238050213542,0.9712667965419468,0.27077226467805576,0.5043534060089294,0.3962598668663122,0.2727499788145183,0.23660668313612507,0.3714045688422345,0.35304109055730337,0.24569151780279103,0.3803486001121537,0.2715961708490297,0.4505997567119828,0.33771338206433893,0.36081449507987906,0.262299868433337,0.17175768315771128,0.24734945719303864,0.01165878070003274,0.46107538312023094,0.3400474771845678,0.20549270326704117,0.3907266485081603,0.1413434734178039,0.27885580518779746,0.32489458970634394,0.26692928546037054,0.5514641074393426,0.2230337288779798,0.36197839447992647,0.24200220971130468,0.1874672455736819,0.38226980630980084,0.18038155217426888,0.3026329717964179,0.29441008862605095,0.30679997387069363,0.0893496113050385,0.32235044251448564,0.3714895684766638,0.6063551614069104,-0.11201161385020791,0.5811258677882126,0.02179222473357085,-0.05482229749978752,0.18398412499844854,0.05074095790109868,-0.08939097483327574,-0.22301158838761873,-0.08457389994160505,-0.14753213183036534,0.23756252735197517,0.04466203551981852
0.3884948379009609,0.6312124267797624,1.1603406648591696,0.07023231223009116,0.4137871035333767,0.3285521688614711,0.6250992760236425,0.27077226467805576,1.3307560715223823,0.28547156999491186,0.2642847741098168,0.23194013788033796,0.23301948565913136,0.5241838280688026,0.4669086036310545,0.23230092526576526,0.436016611542206,0.2706683492305679,0.3957572978295292,0.3490621936328386,0.43929217434627765,0.7411436231246722,0.13836869952048,0.3573474248284862,-0.021231052797509874,0.7036588502056129,0.7235994830587194,0.23190107400325152,0.36570130448732696,0.2718693609969085,0.3933224099287901,0.41027103065884346,0.46558527529189686,0.42464285537918317,0.19508696941573755,0.6156361748714759,0.32384894907913736,0.19913813534267286,0.2045886762441708,0.14177234272690148,0.3622169241555102,0.3868275120291285,0.4349753895260169,-0.01347969906881666,0.16731263514200134,0.5184832826944697,0.35168751244729285,-0.19631348380672262,0.002239700425336239,-0.07956380179573537,-0.1014448246785409,0.019379568498878105,0.30198006672285094,-0.14621384682326383,0.12037562225195891,0.200786696390744,-0.22407599729287517,-0.2088431495961504,0.11569495997257394
0.4220310548589043,0.7156893637295516,1.194464254247251,0.18494426321464358,0.32812285214615033,0.34662340062841684,0.28712608396551353,0.5043534060089294,0.28547156999491186,0.9818173260723044,0.40394485858603035,0.3718302909438615,0.21400769332131525,0.33319868106017175,0.404270297856722,0.19195891682292426,0.3831372621298815,0.40226495573510007,0.33896598808191997,0.2524363597918673,0.3190720713029116,0.24558931045844562,0.23793104723015115,0.27840085456610697,0.14579611533723086,0.3950580819677417,0.5327257676276126,0.22213076564833215,0.3704019653047199,0.2846516511839621,0.36746863513699196,0.27929299512819694,0.31203739400178543,0.5618654465381474,0.30651711570958157,0.5025964986653363,0.3475722927876075,0.1584661653156984,0.3679698856538,0.19636899759367138,0.40328652740079357,0.2567308539846314,0.3974276256348198,0.09016120452773176,0.2549363366278498,0.4620799407420067,0.604318516252766,-0.15623617583848612,0.5527658559753508,-0.03589065809343514,-0.039799666666299076,0.050670461574512174,0.20804669710437135,-0.09117223676990133,0.08761725239782597,0.09388306477417238,-0.07438645799596133,-0.13283743133091347,0.04200420900843458
0.25383331942396803,0.46717361276405994,0.6207909820919048,0.2740494865586888,0.35643094259792407,0.3997725695956648,0.31586601043903095,0.3962598668663122,0.2642847741098168,0.40394485858603035,0.5640307550776843,0.42046509346235933,0.2546391146861033,0.3285646447943248,0.3658690901051161,0.33022121293148504,0.4420724268333984,0.22374511879267325,0.3811462629308517,0.3836399573096427,0.30585015412308075,0.2951788875723611,0.13341753514709012,0.25557472343029,0.13280122266391828,0.38559726617606693,0.3590093376218147,0.2025579241946629,0.3736948539801407,0.23184833161985477,0.3023835668244805,0.2945096665650353,0.21883768310704085,0.450935382158426,0.274258156433084,0.40129222514947466,0.24629957276137096,0.20845387799684753,0.3191356035223872,0.18665943209294167,0.2744334029230407,0.3176828011464863,0.3116520379949792,0.04988513711366417,0.3246125861871113,0.39132447681925075,0.4637350647494837,-0.1104666495520935,0.3703065266010348,0.04829504687352322,-0.11053523705967529,0.1334966160360877,0.1121627998615324,-0.15406634045969356,-0.09107587526043957,0.04883766634438096,-0.17252934026982036,0.07366719178112233,0.0241543584544066
0.25687456769562955,0.3250645023138549,0.4111936260063537,0.3714629608278431,0.401620031697143,0.3757168944259874,0.42151169164409846,0.2727499788145183,0.23194013788033796,0.3718302909438615,0.42046509346235933,0.8650533346491251,0.19597346998828058,0.37115174152107994,0.2028445426678592,0.41105116146194437,0.35053631164908705,0.29305218038033315,0.3780715991593215,0.24997560950442668,0.27119392312190654,0.3155038400244751,0.20173326600175162,0.23202861395114727,0.1864369612575647,0.3188740114589136,0.32379273552746446,0.13522451033580668,0.3201900724516212,0.19781711215364692,0.270364241959402,0.3423624725758606,0.16723844771005406,0.42931158943994513,0.20688767010716147,0.3764869803919328,0.05657063567513595,0.14327240586176887,0.34794987865626537,0.1772030008872825,0.23424375166551664,0.26986189583984527,0.30544022793575765,0.052663633905611885,0.16221957942533377,0.3374003768097671,0.39699204766537327,-0.1002260453008533,0.7351369983510396,-0.09623550448593045,0.027914738349832328,0.0044055863509438265,0.12347110286727157,-0.12094928947730488,-0.05122594747453143,0.0960868731926689,-0.17539172030588407,0.03926537150499041,0.03564188887332978
0.14632934344413495,0.3020220082858777,0.3946973317187986,0.19179539398144974,0.23785299959964679,0.21174125024595866,0.19862099321552373,0.23660668313612507,0.23301948565913136,0.21400769332131525,0.2546391146861033,0.19597346998828058,0.43950968149585234,0.18316716922941473,0.16194473571632811,0.17903478057935074,0.2626821671176525,0.11251745090590032,0.23180704089006773,0.20961289490011065,0.19495576429376923,0.20470845310506697,0.09824543218427965,0.16419562176365116,0.08367518275334102,0.20221350687648748,0.1489924459730162,0.13131879201071922,0.25589016162855616,0.16606871099119733,0.15515886149676994,0.19717143657816918,0.13546641946008112,0.2656491906765739,0.15864321195423803,0.23892434873202528,0.1369518881298729,0.1097108832052135,0.24089674044933063,0.10748916129002753,0.15817041931780546,0.18921424051301364,0.17538469455284478,0.0585868468348761,0.16226740850482638,0.229725234971333,0.2674489575086372,-0.0797120974164579,0.23551530893972483,0.011005285456227002,-0.027905693301162632,0.0664636549649512,0.019441579816065487,-0.04396633332489992,-0.0700500886887154,0.002452189753909146,-0.11937482374238037,0.04780628153878072,0.05175063457585706
0.2497555032721065,0.42880838240888197,0.5945284551371454,0.3461665392968497,0.4664570192736895,0.35880871319415625,0.4245522806448313,0.3714045688422345,0.5241838280688026,0.33319868106017175,0.3285646447943248,0.37115174152107994,0.18316716922941473,0.8450130921976056,0.3522619997589076,0.5217346033517876,0.4437308016638437,0.17337551980504892,0.41050765021193764,0.3766154675182751,0.3701034349883019,0.5250792284731337,0.1259948217160543,0.32834015002549594,0.08400677411935097,0.6708863944276022,0.5490144905981974,0.15731432598142056,0.4074336542953355,0.31590649361993595,0.34430911184497554,0.5573946621363745,0.33853256344938387,0.45764497091430667,0.3054534965746025,0.5066928287066429,0.12252193436047847,0.21082381783872767,0.09160777048627688,0.14170381478212724,0.3775085829329028,0.4244232937382091,0.4074005564017338,0.009326673249171883,0.16232980129274766,0.48045251396471184,0.5333567139632719,-0.19855898532024818,0.5733760013139425,-0.1808633624549167,-0.19551758311149067,-0.10253589506265302,0.499000282806741,-0.06442812985223004,-0.14300064262585457,0.05152026354753379,-0.14002188039230662,0.12918352907441544,0.005080492131351189
0.33763025033835503,0.5186588615245021,0.7804454751394607,0.21569284994958263,0.38513316834812616,0.32630044775799,0.30192806838563485,0.35304109055730337,0.4669086036310545,0.404270297856722,0.3658690901051161,0.2028445426678592,0.16194473571632811,0.3522619997589076,1.011146242973891,0.21645102673197011,0.4318582783792739,0.11530483180137503,0.3331133020380025,0.4280220891854009,0.33658020603733596,0.32978445661767053,-0.021577968675887235,0.2716359551795496,0.034123012222193355,0.5622068811111169,0.5292502273464679,0.25879247580235404,0.33054272041071525,0.259715012778677,0.32774125570689483,0.2704463298967291,0.35457031228519625,0.4042461373678825,0.27926191201898387,0.3961468387775718,0.37600188744624946,0.22455090732909172,0.14114335816187257,0.1263227989327404,0.3710524784868118,0.37200829562819493,0.3342641829983147,0.01130310788918626,0.14804841101109784,0.3923043710266372,0.4458680505856153,-0.1522718965758986,0.37816681163244403,0.1955726438858209,-0.25161757704867016,-0.05427678253228875,0.13856352623415347,-0.005727403906125184,-0.03903911923532761,0.11045354817080374,-0.22927210590630082,0.00940506215108873,0.10497566516624425
0.05054526911108748,0.14736849900983115,-0.07140838568641378,0.6079825340615809,0.6347181074196095,0.47167637900129455,0.3639538360210619,0.24569151780279103,0.23230092526576526,0.19195891682292426,0.33022121293148504,0.41105116146194437,0.17903478057935074,0.5217346033517876,0.21645102673197011,1.709534957843489,0.4160728507856139,0.02316921252500311,0.604506121032612,0.331313046454367,0.24267257687477506,0.893473769503569,0.07362600243595895,0.31554895548459266,-0.12184909329225652,0.3443979002884758,0.27846654468620824,0.2515441127976342,0.4053264741999953,0.4507217103243492,0.17710480329344308,0.5063314300950174,0.06128014844232019,0.47912067625850335,0.4180022897551975,0.2426984477033003,0.15046439352128244,0.1300917606817084,0.21651378064418725,0.15454655411723153,0.25544777192541435,0.6398279828502182,0.4895323807029156,0.0964622618254132,0.29040052678770073,0.24460146742664204,0.44706464494045633,-0.0689168314143353,0.4350756011195275,-0.05449781406652937,-0.061039905633979805,-0.13846769385071944,-0.14042467180604126,-0.10314004810167145,-0.18031569172485223,0.033850108903838036,-0.4577301584521361,0.23172853248959843,0.25192795342309127
0.07367904581669985,0.3933157377555493,0.4944282304758439,0.23937656484940303,0.3320084251591418,0.3972492358094159,0.3748031168340455,0.3803486001121537,0.436016611542206,0.3831372621298815,0.4420724268333984,0.35053631164908705,0.2626821671176525,0.4437308016638437,0.4318582783792739,0.4160728507856139,1.1958820334433864,0.0588585013296448,0.4018543867445656,0.5637841736602482,0.3634169189279845,0.44203063586517743,0.02032756403145221,0.3170258813318516,0.5365266814515173,0.5073667997284431,0.41668346465786943,0.3791782875029265,0.45133437403092114,0.25154825288205446,0.3559689511037518,0.35147314329236673,0.3473059536979764,0.593127225503333,0.4345045704003986,0.4793058260846788,0.39869842815140766,0.3066366215036288,0.28066693711362406,0.23241566081034448,0.35192392295514474,0.4822728670378945,0.35109155759193816,0.0030224562869280106,0.5587656978040264,0.5502068117699543,0.6952590612967353,-0.19004058843455238,0.35486017556171623,0.171102729679373,-0.1264090745903182,0.14530110829875456,0.05809470377615611,-0.13481571795173644,-0.230661525583095,0.08692311636607215,-0.24521949792624562,0.14697295022158116,-0.07746331099170335
0.5722723983902989,0.6348445559182153,0.9164123363302688,0.09009650387503959,0.2630485498771351,0.15418916002943642,0.2530017050385749,0.2715961708490297,0.2706683492305679,0.40226495573510007,0.22374511879267325,0.29305218038033315,0.11251745090590032,0.17337551980504892,0.11530483180137503,0.02316921252500311,0.0588585013296448,1.453612006930599,0.3071102308741139,-0.3109398581225852,0.37541527379262835,0.1564427767252052,0.5535544556706737,0.10745280701580764,0.06610610150761619,0.26712560994298823,0.707774805276478,0.07779195608025437,0.23514574652213643,0.09373716245261725,0.5795726959230979,0.1762602323211546,0.2563749954502079,0.15457030489221438,-0.04008408225323986,0.7593034676687774,0.016139836196326834,-0.11248779851280158,0.2753993108678812,0.14227280109253274,0.34337580190907124,-0.07316978469919942,0.42450681734184753,0.03268925111295235,0.5024565319184405,0.539991898225369,0.24874648245273026,-0.19290334443308096,-0.1783482078432365,-0.11994066647958279,0.39353205616214604,0.21845596502166895,0.04848808899193299,-0.1996201912245374,0.11059700543984953,0.11268878954528365,-0.016213709534069143,-0.06972265993692314,-0.11386806304282443
0.2947228391530679,0.47278767618276707,0.5603356440034781,0.4813084513493792,0.7749096130014166,0.6331875509400754,0.27956203338918584,0.4505997567119828,0.3957572978295292,0.33896598808191997,0.3811462629308517,0.3780715991593215,0.23180704089006773,0.41050765021193764,0.3331133020380025,0.604506121032612,0.4018543867445656,0.3071102308741139,1.3172628552542527,0.3354001640327772,0.3810158400017789,0.5066672268839391,0.20285777809992514,0.273737241212537,0.029834015103458615,0.492979262654154,0.529124530962227,0.28542166134308816,0.47069948063090244,0.30790593619635337,0.3149818752171981,0.40708496883457657,0.23190971611549088,0.47439347411551736,0.169978097652523,0.5508697786852281,0.02482977180431086,0.19762677287172742,0.21839435603668142,0.17451698213042205,0.2934982996193733,0.41343204903420255,0.4081116287962274,0.029619562167818282,0.28504259196125176,0.41029612396050497,0.33005977533321396,-0.12751142697169066,0.40285711308171646,0.02510246015642342,0.3201652810961126,0.2872194563874909,-0.3265703341048578,-0.17592874488174912,-0.18974343772109692,0.03683842528141139,-0.24872144857642955,0.2270133830197403,0.08006169258279831
0.148124328308575,0.41165197202215015,0.32554087161018863,0.2550602577126397,0.3448280163280599,0.441029602234551,0.25585321226504293,0.33771338206433893,0.3490621936328386,0.2524363597918673,0.3836399573096427,0.24997560950442668,0.20961289490011065,0.3766154675182751,0.4280220891854009,0.331313046454367,0.5637841736602482,-0.3109398581225852,0.3354001640327772,1.3534220835180442,0.1434740150893101,0.33330428486974367,-0.1322824694793989,0.3702072759021018,0.19904591343251096,0.42970977984842157,0.31072718679605443,0.3728995853821314,0.4158600506039252,0.5491276725207066,0.24626674932805057,0.28309564924049685,0.3215618283449963,0.37390204525232396,0.48312041045030535,0.27983289175634973,0.6778902585178683,0.6457444757498862,0.14834522898598107,0.25798590756533557,0.2489439628435993,0.5090103441361432,0.3810466223178546,0.04331423982958151,0.4623805214617163,0.3633747823616488,0.40609583962244555,-0.13612544757650286,0.6369286455460209,0.07311447621280645,-0.38463689180856797,0.03790834644738813,0.20586595521061457,-0.08186686688295285,-0.09361668998776557,0.0401867074047927,-0.12227438890783049,0.06577182857731165,0.03870032304024691
0.29531203042222076,0.5822919976403202,0.7746600995764673,0.23753618410172816,0.31183525957292024,0.3554665895486633,0.35007812176761477,0.36081449507987906,0.43929217434627765,0.3190720713029116,0.30585015412308075,0.27119392312190654,0.19495576429376923,0.3701034349883019,0.33658020603733596,0.24267257687477506,0.3634169189279845,0.37541527379262835,0.3810158400017789,0.1434740150893101,0.8395754435719852,0.3159020347305471,0.1865427289198365,0.2824928432829871,0.10616094316359324,0.4525485877109597,0.5176923294189513,0.24842410858162736,0.42345143654929995,0.29589688507440826,0.42513825902299834,0.3253638231979719,0.39607204855257894,0.35932124171886176,0.20809885032631975,0.6233698173776401,0.11026573547174716,0.11400632895393241,0.442967729701207,0.23707648065685435,0.4356156736417508,0.28988177015875316,0.385087891288647,0.03953452572774114,0.3267347307739081,0.5452450517544758,0.5715134274384398,-0.181761515677765,0.7419723596146531,0.06148573525207793,-0.05672605637897817,0.09488517040662697,0.10812967435284708,-0.14374370296776773,-0.11187069161032065,0.03474021639212613,-0.3153986894063141,0.07572371590847991,0.22557246143514786
0.24953876687049753,0.3848177366627636,0.5469976178984995,0.3241552258994453,0.5005914652708308,0.4131131783703579,0.48479731370104845,0.262299868433337,0.7411436231246722,0.24558931045844562,0.2951788875723611,0.3155038400244751,0.20470845310506697,0.5250792284731337,0.32978445661767053,0.893473769503569,0.44203063586517743,0.1564427767252052,0.5066672268839391,0.33330428486974367,0.3159020347305471,1.057160067705788,0.10993721523272842,0.33132004212011096,-0.058848029956675534,0.5061148115443964,0.4953721352951057,0.22747879030177606,0.3885392592309446,0.35430176170294286,0.2747188219407632,0.4708313162365773,0.24374890220440146,0.4329294996621097,0.2896355211103215,0.4000703851244115,0.23202011566409078,0.16072259830863925,0.20460071411127934,0.1465620059433423,0.28951027553055375,0.500078558299801,0.4992711515640715,0.037814378110034304,0.18278224686632188,0.3707636553332191,0.40490756292562846,-0.12443535916219468,0.24188507092532588,-0.06799734405705912,-0.060099019207525056,-0.09623341807725229,0.05961105741622642,-0.12337279563530555,-0.021544141255485424,0.12445052182629708,-0.3355974933385403,0.015476976792440119,0.16300879790661615
0.31470046490516923,0.3247022255248663,0.4814445948210078,0.14307698924931378,0.20550827137307184,0.12767249369237393,0.16461340557543538,0.17175768315771128,0.13836869952048,0.23793104723015115,0.13341753514709012,0.20173326600175162,0.09824543218427965,0.1259948217160543,-0.021577968675887235,0.07362600243595895,0.02032756403145221,0.5535544556706737,0.20285777809992514,-0.1322824694793989,0.1865427289198365,0.10993721523272842,1.1585446678559657,0.2238744641122259,0.04367418810839938,-0.014214039699512852,0.23463065590761215,-0.1969425132859136,0.3410220727668933,0.3206823388025374,-0.013695527714208053,0.10460215786568379,0.005507456851429691,0.07526983239626274,-0.19774367103744614,0.6345408256113206,-0.10588731963671451,-0.07771020150184853,0.3553343959882152,0.14562288653766373,0.29268779821422325,-0.028402838542657082,0.19708302885277232,0.24223420338947665,0.054316415164127836,0.32567123386263325,0.18011420420497837,-0.1454768936631274,0.09181251579653738,-0.19804837580696447,0.18580461924531125,0.10584856873436976,0.1511412949366254,-0.10777607869938503,-0.012677157401285234,0.009247841982616004,-0.020360188439774336,0.001176000704749344,-0.020172367576239164
0.1480285558901974,0.31158523279745237,0.4875031412071184,0.17832674276108562,0.2555745063230872,0.27680394790510465,0.28084444497960454,0.24734945719303864,0.3573474248284862,0.27840085456610697,0.25557472343029,0.23202861395114727,0.16419562176365116,0.32834015002549594,0.2716359551795496,0.31554895548459266,0.3170258813318516,0.10745280701580764,0.273737241212537,0.3702072759021018,0.2824928432829871,0.33132004212011096,0.2238744641122259,0.5081721056248862,0.18546638298364737,0.2619682947975442,0.48990529573966823,0.2906913280481424,0.28341254361527934,0.6303863815685787,0.26026123525787304,0.27664781212965367,0.44024900991699606,0.2537610720503274,0.29701539102949,0.4900874387042321,0.3931680192176801,0.20531460391746426,0.381350899919709,0.2184070413246214,0.3224969217469176,0.36890056225691076,0.5122566238098742,0.15595258844388846,0.3123774644841286,0.45398803938505816,0.44982088295771044,-0.16682244347074113,0.5881677806970194,-0.030484928249043607,-0.15346161285174711,0.017321777958990165,0.1724467338373148,-0.09064936891347039,0.11526821977522796,0.09022406094610927,-0.09116034811412613,-0.20729514534770838,0.21701663504343285
0.6195646807082722,0.036644161869636406,0.18459417770318867,-0.055873036926944966,-0.13451782911587687,0.08843381450473517,0.14480749729835518,0.01165878070003274,-0.021231052797509874,0.14579611533723086,0.13280122266391828,0.1864369612575647,0.08367518275334102,0.08400677411935097,0.034123012222193355,-0.12184909329225652,0.5365266814515173,0.06610610150761619,0.029834015103458615,0.19904591343251096,0.10616094316359324,-0.058848029956675534,0.04367418810839938,0.18546638298364737,3.5429891747099784,-0.1246175408960816,-0.06426881020364572,0.22278104190342338,0.17323964761155836,0.46478040963991285,0.2897214060438588,0.05545475759999979,0.0794904463535613,-0.1217471402573776,0.3174530947277742,0.310547723980863,0.007674684162942906,0.1528583342339602,0.4714164735066915,0.2860500619144006,0.06462309640640217,0.07880840553769587,0.2671983971251452,-0.01421469827485636,0.7180241439628332,0.8422508089835888,0.40705835067687296,-0.2936607318236952,0.19646114303082654,-0.5322502616835708,0.6834183824219,-0.13354731694791552,0.11736112715936244,-0.11334234639878987,0.022345894194108994,0.09212381251745327,0.1987456821630607,0.02667529552742444,-0.4090280583705577
0.2251972653902391,0.6971041444313595,0.7971523524936063,0.3332600152181462,0.5499802242604707,0.44217573882722644,0.45772113248805507,0.46107538312023094,0.7036588502056129,0.3950580819677417,0.38559726617606693,0.3188740114589136,0.20221350687648748,0.6708863944276022,0.5622068811111169,0.3443979002884758,0.5073667997284431,0.26712560994298823,0.492979262654154,0.42970977984842157,0.4525485877109597,0.5061148115443964,-0.014214039699512852,0.2619682947975442,-0.1246175408960816,2.0983451661488277,0.9040451279690551,0.35685836344238336,0.27253346501114617,-0.18354653939089186,0.412901801514677,0.5954731068371717,0.42688813515012636,0.6886690729508393,0.4703110178260553,0.6935098292658055,-0.4142150071924744,0.24845508549160814,-0.8152079987451489,0.10049425980146556,0.8003964417260263,0.564571717782819,0.3960856717770778,-0.14991480886128838,-0.13290334760549044,0.5246674820645013,0.3317622874609339,-0.2479704511419109,-0.14118944954313029,0.13578612242761795,-0.1972014683822651,-0.10223019454125068,0.09609236792259264,-0.016273195877487195,-0.2586062475515418,0.0167483591013034,-0.49246555867027486,0.31833697407310296,0.24021254197663092
0.4202545862231941,0.5503571318713121,1.1310971906838276,0.16557071709290774,0.4969657553421308,0.3884423608620002,0.4483520258665436,0.3400474771845678,0.7235994830587194,0.5327257676276126,0.3590093376218147,0.32379273552746446,0.1489924459730162,0.5490144905981974,0.5292502273464679,0.27846654468620824,0.41668346465786943,0.707774805276478,0.529124530962227,0.31072718679605443,0.5176923294189513,0.4953721352951057,0.23463065590761215,0.48990529573966823,-0.06426881020364572,0.9040451279690551,4.072711274165872,0.49300858783702867,0.09651599805864618,0.5057543766139382,0.823545645846113,0.38589780372716886,1.3462174414107504,0.624006544117117,0.12990186523347577,1.595063375979573,0.4441471991087624,0.16210136715969342,-0.022052761487363404,0.05631250012515094,0.7386292513811386,0.6474679538739444,1.5309578468829608,-0.06492305830367509,0.5235851357128761,1.184689773805456,0.4245324450599564,-0.4791236971879864,0.22704404361702477,-0.03788147074273026,-0.16570089871119048,0.050799133796918326,0.593564847639904,-0.2165915803327329,0.5418500973406757,0.40832136407432285,-0.1675034750985776,-0.6805659874248168,0.5017248389087139
0.052880771099009356,0.2362777873814692,0.3484311022885392,0.0245562629559469,0.07084880790934009,0.23039160822318397,0.16190749776170776,0.20549270326704117,0.23190107400325152,0.22213076564833215,0.2025579241946629,0.13522451033580668,0.13131879201071922,0.15731432598142056,0.25879247580235404,0.2515441127976342,0.3791782875029265,0.07779195608025437,0.28542166134308816,0.3728995853821314,0.24842410858162736,0.22747879030177606,-0.1969425132859136,0.2906913280481424,0.22278104190342338,0.35685836344238336,0.49300858783702867,1.1960419373285374,0.16939785846675065,0.5200921545404081,0.38867843090694365,0.2376341568668744,0.6944098873566514,0.2361071849383877,0.8133879150734742,0.5249681027840258,0.2383575765160042,0.2396938221401564,0.08484176959797089,0.16599461175788005,0.32054058591472295,0.35687501101654456,0.39884349640942873,0.16443504699549,0.284676469038594,0.4023401246248209,0.29547715217678727,-0.1769201931962781,0.5876118784966102,0.31957967325896264,0.20136705288371595,0.2971407100884968,-0.9964405964681337,0.026943932731727432,0.1526563575589993,0.08808319789976242,-0.06749292292832439,-0.23561583880997572,0.2439430661527217
0.1861996079923161,0.5568740252317704,0.6309779373126181,0.29186599435487887,0.38574589527027536,0.5356965368267087,0.37550413871744154,0.3907266485081603,0.36570130448732696,0.3704019653047199,0.3736948539801407,0.3201900724516212,0.25589016162855616,0.4074336542953355,0.33054272041071525,0.4053264741999953,0.45133437403092114,0.23514574652213643,0.47069948063090244,0.4158600506039252,0.42345143654929995,0.3885392592309446,0.3410220727668933,0.28341254361527934,0.17323964761155836,0.27253346501114617,0.09651599805864618,0.16939785846675065,2.1981229587698907,0.5523468865679451,0.18169527224410778,0.3918476725334894,0.057570731483003665,0.5766718132029941,0.23398484915093176,0.813284758317933,0.01667132912110133,0.22380974790775396,0.35824527275786994,0.2378320458366163,0.6067012176158182,0.2203057199226116,-0.014579601159469864,-0.14493466943199682,0.2815824907085043,0.5375959621401419,0.6388849194107311,-0.25050277712890207,0.7382555802954748,0.6104514051437887,-0.6258665948918946,0.3440469142452561,-0.21781460128528105,-0.1731970186270828,-0.19638838268996187,0.01888962708922217,-0.2574758541789882,0.11890400858483471,0.04609118308772334
0.49058032830262327,0.3190667027820787,0.5146141194426777,0.037715642291608044,0.16624611225758584,0.1939426244720647,0.24438469522051853,0.1413434734178039,0.2718693609969085,0.2846516511839621,0.23184833161985477,0.19781711215364692,0.16606871099119733,0.31590649361993595,0.259715012778677,0.4507217103243492,0.25154825288205446,0.09373716245261725,0.30790593619635337,0.5491276725207066,0.29589688507440826,0.35430176170294286,0.3206823388025374,0.6303863815685787,0.46478040963991285,-0.18354653939089186,0.5057543766139382,0.5200921545404081,0.5523468865679451,2.9073180018241986,0.3313191741096568,0.2499785930528722,0.23416310649180286,-0.22767819992011135,1.0577675402295745,0.5835021232816227,0.3189622427190471,0.2633505815237315,0.8252371951504565,0.40969586143146974,0.8225967695808515,0.37168186878924525,0.8276072067719639,0.4641351456576013,0.37645488175933084,0.5218519634568851,0.7081529964690435,-0.16308855828273894,1.6958742999969156,-0.38069116223917143,0.024021787797313118,-0.16832763753677257,0.39160652845287414,-0.086232792740415,0.20174900975006652,0.16968441898147615,-0.040279030520779927,-0.11112677053783276,0.1357081990475423
0.37852880618475215,0.41655876061409525,0.7169035661766844,0.10287172602032685,0.2849368424937792,0.2709214077684603,0.30286246120194804,0.27885580518779746,0.3933224099287901,0.36746863513699196,0.3023835668244805,0.270364241959402,0.15515886149676994,0.34430911184497554,0.32774125570689483,0.17710480329344308,0.3559689511037518,0.5795726959230979,0.3149818752171981,0.24626674932805057,0.42513825902299834,0.2747188219407632,-0.013695527714208053,0.26026123525787304,0.2897214060438588,0.412901801514677,0.823545645846113,0.38867843090694365,0.18169527224410778,0.3313191741096568,1.0433616951065192,0.30576222915086027,0.506498529111209,0.27962167676587757,0.32263419964532286,0.8248634531019927,0.3376697041819505,0.19346197002739596,0.330205265711141,0.2005017856982595,0.382752593872663,0.28792202995866545,0.58058287804623,-0.02335142407929038,0.6150416421423626,0.759052856452949,0.4900895861947295,-0.27070392608253196,0.34688223633995274,0.0904042668714927,0.005081400188098639,0.07268231568079517,0.1394488041380719,-0.18990429466448178,0.17901133881154646,0.17038181388737852,0.008925187247101866,-0.22242003307982808,-0.031147604146585798
0.21787365568887385,0.32924190677090587,0.44355822104843506,0.32468489289512165,0.3897541394582102,0.3558427530297443,0.3557505191557039,0.32489458970634394,0.41027103065884346,0.27929299512819694,0.2945096665650353,0.3423624725758606,0.19717143657816918,0.5573946621363745,0.2704463298967291,0.5063314300950174,0.35147314329236673,0.1762602323211546,0.40708496883457657,0.28309564924049685,0.3253638231979719,0.4708313162365773,0.10460215786568379,0.27664781212965367,0.05545475759999979,0.5954731068371717,0.38589780372716886,0.2376341568668744,0.3918476725334894,0.2499785930528722,0.30576222915086027,0.6269044311796994,0.2644738003541396,0.36740609737228724,0.21322360744592891,0.43904091639013215,0.015088930175536187,0.1606959387993073,0.07405163020154866,0.09142276709729209,0.30944773570545214,0.380104151765326,0.2836132221661146,0.0004139500338217892,0.14947024493463837,0.40896334296704623,0.4330503879918886,-0.16742959834206275,0.4424834489348601,0.0019422206430839944,-0.031401566548680676,0.07095168500615794,-0.09632739861857194,-0.05440966350242379,-0.12099380700552778,-0.014934494567599847,0.03243026993706695,0.1083552088920289,-0.09181161265140839
0.10380154209356368,0.47024897652496556,0.6574793795623269,0.18780861247981212,0.278598314536152,0.17632780133482762,0.29681464512434724,0.26692928546037054,0.46558527529189686,0.31203739400178543,0.21883768310704085,0.16723844771005406,0.13546641946008112,0.33853256344938387,0.35457031228519625,0.06128014844232019,0.3473059536979764,0.2563749954502079,0.23190971611549088,0.3215618283449963,0.39607204855257894,0.24374890220440146,0.005507456851429691,0.44024900991699606,0.0794904463535613,0.42688813515012636,1.3462174414107504,0.6944098873566514,0.057570731483003665,0.23416310649180286,0.506498529111209,0.2644738003541396,2.069452502153631,0.35687012522707046,-0.20875183220058152,0.6045493222294139,0.5945812969357727,0.23670754091249213,0.039300819219684646,-0.10605300852538946,-0.04499083252852835,0.5390497248750895,0.5959316835275064,0.15396043984137542,-0.009765765999310097,0.6631850455977738,0.5747857663638883,-0.3506383950663635,0.5216017876137835,-0.24031702645525882,-0.2072379099697383,0.04259729783632938,0.308728048529755,0.00017016600738470732,0.22843567533001338,0.06425092855633618,-0.22088158068184552,-0.34138072258650276,0.53206260694797
-0.6020615483544735,0.420715665465354,0.4236313333509307,0.39167431286045973,0.5972815105011633,0.5431948823320315,0.494159786817681,0.5514641074393426,0.42464285537918317,0.5618654465381474,0.450935382158426,0.42931158943994513,0.2656491906765739,0.45764497091430667,0.4042461373678825,0.47912067625850335,0.593127225503333,0.15457030489221438,0.47439347411551736,0.37390204525232396,0.35932124171886176,0.4329294996621097,0.07526983239626274,0.2537610720503274,-0.1217471402573776,0.6886690729508393,0.624006544117117,0.2361071849383877,0.5766718132029941,-0.22767819992011135,0.27962167676587757,0.36740609737228724,0.35687012522707046,2.4148787993208436,0.5159726725879291,0.29947124025464894,0.5063390547551574,0.21665164998970085,0.03128152219610072,0.006726835117281837,0.4299298686645207,0.48402288840886676,0.7401121326301007,0.2188938155339754,0.18413426991114432,0.23045306582542685,0.6680826396291688,-0.058815676244602266,0.15192967941570104,0.05034453974256369,-0.30662638971097084,0.017244500300010093,0.31167470150508514,-0.1176831031390707,-0.16867007343244672,0.046062845894454814,-0.4859986528250079,0.022348957958663103,0.46661807739158345
