2.1175292255022233,0.6105358633744882,1.46362155364874,0.2315985026002053,0.44533369656994864,0.30338120335183244,0.3611088912733755,0.39947476190489706,0.4435821528323731,0.47792473588959367,0.3204580215151649,0.33744052062494456,0.16677653173368093,0.37781726115766917,0.4198307580255529,0.13629183712923928,0.15258709333025194,0.6324308127094835,0.41447441856967554,0.26122545714040635,0.3512091914796454,0.32967633685340103,0.3344627423757106,0.18415504173545208,0.7592631068690036,0.278764250290775,0.5075046091900318,0.13792853032611693,0.27710684122677576,0.6672218326438437,0.4697710125615514,0.38541795920049904,0.09812023668732699,-0.7057085390297573,0.07333123215733524,0.6008753674588375,0.183113581221607,0.14884119456059253,0.5349222460924414,0.25382244391307707,0.40440397672132017,0.13902272850558617,0.36808634605676305,0.0039898158134876235,0.3956920934052863,0.6801399907197574,0.3364167198089778,-0.20604732773921663,0.4106590995960984,0.039383622923112926,0.1951327021765058,0.08687446342801873,-0.045979051472655616,-0.20405664806679047,0.13724820059527404,0.06771086020556198,0.5905143392136994,0.4437308518316472,-1.2832044109406588
0.6105358633744882,2.7923031031702967,2.607497225619365,0.14925484742620992,0.31219099322698307,0.32216260801840735,0.26827900066125204,0.6510344810432123,0.5492048031810947,0.5859944318842679,0.3924657987622539,0.24040515409497187,0.27037694857903033,0.27685305532795246,0.4420283710442658,0.12646216302155083,0.31242260313842035,0.5394356975527778,0.3836009109521274,0.3472378464502443,0.4766804180387504,0.3330902681911225,0.24538987348595917,0.23432429215476172,-0.11258503253726765,0.611514882829208,0.3938850999122659,0.26756965638494473,0.5016198430148248,0.20037920907820364,0.32576297857588654,0.18245649190437177,0.3952644710956442,0.35169340927014525,0.07574864321509787,0.5872561471491257,0.3044409737280804,0.17901398146692113,0.23678214207132134,0.21916560100165333,0.42631699070689333,0.3004507383660781,0.38962511497854785,0.06542092303625291,0.49174082667875046,0.5206369689379541,0.5102750246121399,-0.10007178022197327,0.2983863452972093,0.23426649568753175,0.2810135449977425,0.09739380839852743,-0.0571809545936332,-0.34962071194828753,-0.4243900664959518,-0.2411485901103708,-0.9690779574029306,0.4203161783703801,0.9034841493618063
1.46362155364874,2.607497225619365,5.463170876869251,0.006187925994511999,0.3652050284559817,0.3819278868134324,0.42888778860539767,1.1027638477143724,1.1407843009265408,1.1953167578985817,0.6050364336715554,0.40320728463633654,0.38213037479131856,0.568580448206284,0.7597376040164492,-0.08270056089410795,0.5130069144785588,0.9021085152596624,0.5496814386871206,0.2921460751842417,0.7615342391083542,0.5350067796978314,0.41211839545714535,0.4517009770003713,0.1657569189013209,0.7347402625966221,1.0750346733800054,0.4559451940615973,0.5700315481039573,0.4833556510325384,0.7359212181151661,0.47323001518679436,0.6135624559748054,0.32069780921261043,0.23891039544890075,1.0902175967455459,0.6934458987655628,0.1746423169790289,0.767042731253989,0.24691014860384636,0.8250075049186196,0.3148730362026365,0.6043170489794001,-0.015485199012203844,0.45778150624421354,1.0243041951756655,0.8943974694448191,-0.2402826922571107,0.5212580760620529,0.3818997098503226,0.3722280480919353,0.3290362597589086,-0.030646244968391283,-0.6124538880618524,0.20429575340024667,0.34803171420444484,0.01048253793242968,-0.34217363756508085,-0.2741380490844124
0.2315985026002053,0.14925484742620992,0.006187925994511999,1.9350433065674533,0.6266605727633612,0.3944427663782445,0.18502021901228924,0.3636953675376273,0.12016781615347841,0.19828900899549784,0.28620814009178663,0.3950776166686764,0.18763175622347153,0.37997952272885416,0.2302561009014443,0.58462501292042,0.2717117865951985,0.1171227493908121,0.46900336315379654,0.281879846284275,0.2071838243182594,0.3410740219771532,0.16288689238790008,0.21479410314676575,0.028938830199701997,0.30347851327619774,0.20116671442518555,0.000678537937970535,0.2876527265083015,0.07614067847833589,0.16083377244364352,0.35642514377581896,0.15603862860790865,0.32885699276192626,-0.13297765158445662,0.2000034693936357,0.1661651978351429,0.1378507502038573,0.20459134256939035,0.0337374751937566,0.11875778829307436,0.33159519265425075,0.2533040362379773,0.11640516147138906,0.27937684934507,0.24167132769671584,0.3334562537980022,-0.10228674038407987,-0.1997199558351323,0.012374628313936584,-0.10830135131177716,-0.05884445357131672,0.05048338711837342,0.005934030453197052,-0.15508891791538115,-0.0411395540038938,-0.011002204127449332,0.33117006945970046,-0.3541353228228876
0.44533369656994864,0.31219099322698307,0.3652050284559817,0.6266605727633612,1.4225142699198285,0.45213146822622907,0.3235816173573648,0.3874357728880561,0.43553749681553844,0.3347536812207304,0.3881139618020706,0.42849353206173646,0.23983806476008646,0.49528166688707004,0.38838114601079277,0.6420840846200216,0.3606254969002346,0.30140487057859344,0.8163467779020902,0.37207866003573226,0.3146569042862788,0.5186432726801684,0.22808654621379484,0.28433553251296584,-0.06849767058844833,0.5309802483245816,0.5032146368930608,0.06879070410692657,0.3946642492714981,0.1967458297601446,0.3438790180405906,0.44350328691727514,0.21833167168782053,0.5263995699438873,-0.009722762043547462,0.4751086862819263,0.34290831070964817,0.20747836713652643,0.2034788599147107,0.08227490903900483,0.33874844728934456,0.44651011896306503,0.3968256583076029,0.050550399371770804,0.1298341325414004,0.420227165989485,0.40090741646740746,-0.12087709694409189,0.2853919260295247,0.25247721313718996,-0.12223050756419107,-0.10703008863345274,0.13995914653390412,-0.18602983192041098,-0.14177218992333343,0.08817496478269927,-0.006653307833421179,0.33035885386115554,-0.417986535930765
0.30338120335183244,0.32216260801840735,0.3819278868134324,0.3944427663782445,0.45213146822622907,0.9589958578429976,0.3441004760037393,0.4060903558626151,0.35737346359812977,0.35230812041395565,0.4222123838410771,0.4072468882705638,0.20961846618766872,0.4025120636787667,0.35554421148000537,0.4728654767250402,0.4063752984361084,0.18923884147950767,0.6696060851148214,0.4802953683152708,0.35648306567242466,0.43466849923032164,0.14380444330787334,0.29989852891821867,0.13121845110472558,0.44467732695409745,0.4302658106974219,0.23569761611282122,0.5529757465802094,0.23148389205265996,0.32613972924890333,0.41558036135315923,0.1528505233671408,0.4810807920767168,0.18165204633207174,0.34082105441819954,0.3889944791466674,0.26261247652766684,0.3414012330198803,0.20334324185505834,0.19543764940282948,0.37265604110207395,0.4060294776569755,0.10036971757327388,0.36917342643308076,0.4005944333667922,0.5578703017863075,-0.08813185382846601,0.605619653916071,0.46122154470477505,-0.4498621203690495,0.29516927315723657,-0.23779470388437157,-0.25271824932290543,-0.13283520032017188,0.0384038089093805,0.052048965227092424,0.2942430410764208,-0.3674852687914796
0.3611088912733755,0.26827900066125204,0.42888778860539767,0.18502021901228924,0.3235816173573648,0.3441004760037393,0.8384206760702183,0.20088562619568665,0.6582965588817077,0.28873463111470926,0.32804159991789666,0.44579029594288944,0.1960218652877855,0.4527036722877759,0.31670973571183747,0.36029277023793954,0.3830824522307414,0.2577903952519758,0.3004969573645939,0.27383996052672444,0.3494115708998609,0.5040429380878666,0.1605777291974551,0.2982952827739513,0.1661306104245031,0.462438552014423,0.43391829921233693,0.16857431316470414,0.33648158695965596,0.2735664042180901,0.33376801386134264,0.40349561422530816,0.2496933087297854,0.4064909418844925,0.14730465207871435,0.47220546599969876,0.25049516634833213,0.14849983796993949,0.26506820257981906,0.0933700076506221,0.27438013136144773,0.3261360572979297,0.4023721765168399,0.0500668935483079,0.210855306121635,0.4213312075451818,0.300422421761293,-0.11927074430038732,0.2756442824947104,0.14824181319619695,-0.1962169671189895,0.028841206643451415,0.11480770878703704,-0.22230360222049095,-0.06849994940428349,0.1259685814503597,0.039372393566652196,0.17004463683820015,-0.39739820958988
0.39947476190489706,0.6510344810432123,1.1027638477143724,0.3636953675376273,0.3874357728880561,0.4060903558626151,0.20088562619568665,0.9447127785377722,0.2676375554465071,0.49355795401794134,0.38841268390577455,0.273439981775733,0.2254793527420046,0.3949818020346121,0.3609216716418094,0.22351030480181683,0.3686784842965335,0.2705345839028484,0.43691054587788314,0.36008639740089443,0.32729448615151935,0.25365448893778825,0.17774138767655337,0.2698320570532714,0.07938324954696867,0.4115561695993295,0.34821522414875555,0.20508736535556066,0.35226195946206607,0.20675585872926042,0.30655373715988216,0.3566767906191144,0.22335468459162522,0.42258942061291893,0.2175271691493578,0.3621834719662802,0.2862807623711348,0.1951192242553831,0.4247184016696537,0.23259693928131375,0.3259238929560537,0.2818939116999112,0.3261635637447691,0.09411031899278889,0.2957039536567849,0.40596196477270197,0.6002546619831312,-0.12181270839628322,0.6179048933134331,0.04773899833171,-0.05208848902169782,0.1677535452490361,0.030950943138940947,-0.08343831317696832,-0.10942447054388862,-0.06289777091450743,0.1699130675638634,0.24107340960597098,-0.328778573622615
0.4435821528323731,0.5492048031810947,1.1407843009265408,0.12016781615347841,0.43553749681553844,0.35737346359812977,0.6582965588817077,0.2676375554465071,1.3680885756446532,0.3107974287727928,0.28761421332057113,0.2609368693872956,0.2342138842884163,0.5705669653748268,0.47613560980071273,0.23384805828207772,0.4634332720793689,0.28517516770459783,0.40627202632747283,0.35091979843321897,0.45063656725696044,0.7625581898534143,0.1380917980330651,0.37277492799253065,0.0024826681947419556,0.7160081194598048,0.6869936673289059,0.20844986680098523,0.3016245435710344,0.2894584626904102,0.4279067485176306,0.46897612601192123,0.41677716839621365,0.35945381189212167,0.1318719849385275,0.584243095779801,0.352742810681407,0.18868214893313043,0.2284570090648612,0.07282162703212094,0.36664377419565636,0.3914314256108028,0.5060639702250546,0.0064789011957370165,0.21656988014195355,0.5466668110373584,0.37135313573159107,-0.1799311730457462,-0.05201821525114176,0.0467723746183915,-0.10448751325285127,-0.03557815758725444,0.24927805961556138,-0.208496367810038,-0.06346214112452425,0.2571616417010551,0.013783580313928448,0.11147661027090498,-0.48811790792128623
0.47792473588959367,0.5859944318842679,1.1953167578985817,0.19828900899549784,0.3347536812207304,0.35230812041395565,0.28873463111470926,0.49355795401794134,0.3107974287727928,1.0150250963165728,0.4200908531729081,0.3887785866989951,0.2190050315528222,0.36199463838847634,0.42161285196617077,0.18230741962106312,0.42277996276783036,0.42539992519580583,0.35255042615643045,0.2591431331397155,0.3332442617266337,0.25458651757473255,0.24261947688108332,0.28884051704062014,0.2009179286399257,0.3899698431256406,0.5306719702497276,0.2242697862603916,0.3531024241793859,0.3035824716479468,0.4002062614591901,0.3150372505236152,0.28081331746298394,0.5006016544871308,0.29046352093637257,0.5223818970702073,0.3985468261868894,0.1572487535988182,0.4137435738978934,0.1560199302565606,0.4249868737006333,0.2456853234721248,0.38846403978207045,0.07413134786022636,0.2726613304631538,0.5042681598050682,0.6201357692078262,-0.1536652121857343,0.5224208773385512,0.053224612553461385,-0.08584267653585244,0.12293092379186102,0.16639933200478885,-0.13998461673256327,0.06588572707542724,0.18091625336556832,0.10954491788950052,-0.050061877605905546,-0.374234209564373
0.3204580215151649,0.3924657987622539,0.6050364336715554,0.28620814009178663,0.3881139618020706,0.4222123838410771,0.32804159991789666,0.38841268390577455,0.28761421332057113,0.4200908531729081,0.5824894116368874,0.438979125479048,0.25748195337579016,0.3652757496806155,0.3867917954359152,0.3283920508359359,0.46265538906719533,0.23742298873612241,0.4016025667113347,0.407848944977327,0.30933447309883705,0.30968150971050734,0.13391276593605259,0.27366979918862006,0.154230624330203,0.38713827971701203,0.3709182303925705,0.20667768518394192,0.36313558211969915,0.25948890236635724,0.3396354986158718,0.3412308501021356,0.20394031926998601,0.41027632566515737,0.2453723892215479,0.413179796934473,0.3112474900408659,0.2168397086761467,0.3610052951912935,0.17175703251355817,0.29408251764585375,0.3257175563240377,0.3469727054518997,0.050210198478727715,0.3506352537026257,0.4304386380064624,0.48183294896575285,-0.10615546756108898,0.3584300170910578,0.15699133954286568,-0.15358817538485342,0.15393231086011555,0.07539570434910259,-0.21151448105843393,-0.09507337778733448,0.09748941179478622,0.03236510705177163,0.17661452791650742,-0.37049358397621135
0.33744052062494456,0.24040515409497187,0.40320728463633654,0.3950776166686764,0.42849353206173646,0.4072468882705638,0.44579029594288944,0.273439981775733,0.2609368693872956,0.3887785866989951,0.438979125479048,0.891352200665378,0.2013709121559641,0.4115569748163674,0.22167852909394564,0.4045325950299495,0.3747101422677987,0.30499120835354504,0.39715580780835724,0.2762153222432892,0.2718930388210101,0.33057946934375565,0.20871825755711856,0.2508265575971952,0.2210926199345876,0.3207408892870451,0.31203232146323395,0.1308397130522017,0.3161548548017801,0.22493314453999205,0.3044121671884893,0.39987214230102697,0.13320881083939765,0.378321266714853,0.17467127161686644,0.3847915890554875,0.11429541009379719,0.15355447361854252,0.3958059101361907,0.15877692828773782,0.250034119765096,0.2745507635652085,0.330448214464408,0.05490975875483159,0.22343702522428507,0.37498704453445864,0.4187143709770755,-0.09926242714770385,0.7161689695567673,0.011865022468772565,-0.01657116552973355,0.015809584728359714,0.07217955383671948,-0.16574865387768928,-0.09198679066702675,0.1427771435013453,0.06569729579095783,0.17861268220331336,-0.4321399268126818
0.16677653173368093,0.27037694857903033,0.38213037479131856,0.18763175622347153,0.23983806476008646,0.20961846618766872,0.1960218652877855,0.2254793527420046,0.2342138842884163,0.2190050315528222,0.25748195337579016,0.2013709121559641,0.43905961898969814,0.18860936699354441,0.16300185703717415,0.16891238892135543,0.2629628155681281,0.11743753142164912,0.22859683896044078,0.2098765100240379,0.1884013457104936,0.20223392035929968,0.09791710745221499,0.1683162131428727,0.09475358839637132,0.19186423293115062,0.14973724150203266,0.12834909683992207,0.24380301073009927,0.17285267909508722,0.16731195038813113,0.20794382142877574,0.12239420136957915,0.24244143143100838,0.14491139846403686,0.23751909910271987,0.15957642145697962,0.10659995087302086,0.2543537756124774,0.0985797531263172,0.16293868834520678,0.18351534832332245,0.1859778960741381,0.05756850730569483,0.16078686322644964,0.23674419269880442,0.26405863595485624,-0.07788307003965678,0.2157850237676344,0.04970151447159561,-0.025404013851821974,0.04726225524910182,0.001181161378764126,-0.05524055307460671,-0.056972459308035184,0.028540049450682694,-0.026578275412979618,0.08198929011047408,-0.1240186428597083
0.37781726115766917,0.27685305532795246,0.568580448206284,0.37997952272885416,0.49528166688707004,0.4025120636787667,0.4527036722877759,0.3949818020346121,0.5705669653748268,0.36199463838847634,0.3652757496806155,0.4115569748163674,0.18860936699354441,0.9013762803067782,0.3751384711633218,0.5169979156379246,0.49619892092901896,0.1989906881687351,0.44674949205981745,0.41287125910093436,0.3764916539472611,0.5521320790336619,0.16621091331487056,0.3801694756958353,0.17475363829144103,0.6823213002227423,0.5077714053185384,0.1409028896948965,0.39502992765990824,0.3481085096314019,0.39257379935283016,0.633683347042961,0.25183338078047407,0.36885389243222805,0.24887412800711806,0.5276485624440127,0.1821168682292603,0.22482321172867112,0.18717939884290083,0.1641761781668379,0.40995857985996,0.42839307882785677,0.44352538024318106,0.017534946877434045,0.2677742006696985,0.5467388402779685,0.5610647869600695,-0.19670973750168172,0.5336069593309116,0.023880110707231412,-0.20408794442443753,-0.056001108956793014,0.3716597836546619,-0.1255432248461841,-0.2030556478802819,0.11075036457029548,0.2440152853615299,0.30966587350033487,-0.6813348766399309
0.4198307580255529,0.4420283710442658,0.7597376040164492,0.2302561009014443,0.38838114601079277,0.35554421148000537,0.31670973571183747,0.3609216716418094,0.47613560980071273,0.42161285196617077,0.3867917954359152,0.22167852909394564,0.16300185703717415,0.3751384711633218,1.0090955139657978,0.21703524487949674,0.44318220664946584,0.1321205531071919,0.3496312182489996,0.4378228092199639,0.3377211569233252,0.33857902010086993,-0.008291371794888931,0.28369890150346994,0.077209444415856,0.5464397320759535,0.507886878674017,0.25484312935557907,0.32047624564500304,0.2763975815489584,0.3530963791683807,0.31951748321645734,0.30147514617363286,0.36106490315010914,0.24103085054038653,0.38239759302344595,0.43677270291753767,0.22314728859559368,0.20542811544249193,0.11881041230347879,0.3818366825513629,0.3705021000757968,0.35668738553456675,0.013299832745113153,0.17448294023057084,0.4181764086538902,0.45773763712226057,-0.13953760323634937,0.3804341589006379,0.23824543068785384,-0.3275120813610108,0.08414190021500945,0.03726044588591942,-0.06829007137646813,-0.08655713675079761,0.14693753994219236,0.012390098461892497,0.19653603545107828,-0.37590723464164966
0.13629183712923928,0.12646216302155083,-0.08270056089410795,0.58462501292042,0.6420840846200216,0.4728654767250402,0.36029277023793954,0.22351030480181683,0.23384805828207772,0.18230741962106312,0.3283920508359359,0.4045325950299495,0.16891238892135543,0.5169979156379246,0.21703524487949674,1.7004025255622832,0.4008841604740209,0.036905448312379935,0.6065480558859632,0.34059327604361506,0.2119794029696813,0.8943127333066644,0.07090545057590152,0.29618938517658927,-0.10867419549988155,0.2986490793051051,0.27166767900245126,0.24471752347455838,0.39799475086201136,0.46781622983806087,0.1915855762972566,0.5319122719183306,-0.022337989724594776,0.4001440667887472,0.39138316924159905,0.22971746418083655,0.20157419939612858,0.1437456736262331,0.2995713156108875,0.19233271277723263,0.30640690713810614,0.6277732287540239,0.48940188125989886,0.08734102050443095,0.3551796145489408,0.24445216316193497,0.44790464943377734,-0.07538681979214822,0.4337180648640642,0.05693720905290835,0.029527062880092162,-0.24275378853611787,-0.2582258325628645,-0.09475132257260557,-0.14470225621833116,0.0878309147919495,-0.24100700032200212,0.35344054326920044,-0.1797566624689863
0.15258709333025194,0.31242260313842035,0.5130069144785588,0.2717117865951985,0.3606254969002346,0.4063752984361084,0.3830824522307414,0.3686784842965335,0.4634332720793689,0.42277996276783036,0.46265538906719533,0.3747101422677987,0.2629628155681281,0.49619892092901896,0.44318220664946584,0.4008841604740209,1.2134454055999901,0.06999881929252966,0.3945695726539062,0.5862599817804169,0.36207138766738917,0.45381213259522624,0.033710431205433794,0.3527097298562186,0.5554361730074706,0.5057699683096428,0.4313570048787622,0.34857920893344013,0.413510739440582,0.29850242699926466,0.39246597507781866,0.4069344566179295,0.3317591028116274,0.5695296317341182,0.4025046889265659,0.4743609018020691,0.4949589660798892,0.30881429169034574,0.3682395083110324,0.19984540453244584,0.3701214063055594,0.4962605533207605,0.4421666699050671,0.014522049396887993,0.5943923526344244,0.5817718850127249,0.723981534201434,-0.18658079235299407,0.35149168194815505,0.19505052091060626,-0.2091363985681387,0.14763854551120018,0.13181399434343827,-0.16859000751020495,-0.216987370760215,0.1775786228344999,0.030384198241898596,0.2210261423552137,-0.5693951794265466
0.6324308127094835,0.5394356975527778,0.9021085152596624,0.1171227493908121,0.30140487057859344,0.18923884147950767,0.2577903952519758,0.2705345839028484,0.28517516770459783,0.42539992519580583,0.23742298873612241,0.30499120835354504,0.11743753142164912,0.1989906881687351,0.1321205531071919,0.036905448312379935,0.06999881929252966,1.4652869328114162,0.32526457282574317,-0.294549444426503,0.39709792585325265,0.17300784764433258,0.5540563861724374,0.12118940235851187,0.08266392337445218,0.30961943840126616,0.6804706443993258,0.10010095255096292,0.2575862048373837,0.10016579222567538,0.6008136779086496,0.21568029512092537,0.24485044307415665,0.10584451483696726,-0.06509075224778876,0.7800732194792511,0.046824521677125565,-0.10229457872531293,0.2764838711405795,0.08540623305897914,0.35725605141683975,-0.068586944282131,0.42161799787116766,0.022000796749566714,0.4866574361597994,0.5651750287947299,0.26268177800249737,-0.19054548896451934,-0.15061958436849174,0.024197807181387282,0.3489195930900889,0.16403097972893926,-0.055190220572477564,-0.22996032758752688,0.10867181470858091,0.15195560193863178,0.10134157814897916,0.002565627419504318,-0.3582053953345119
0.41447441856967554,0.3836009109521274,0.5496814386871206,0.46900336315379654,0.8163467779020902,0.6696060851148214,0.3004969573645939,0.43691054587788314,0.40627202632747283,0.35255042615643045,0.4016025667113347,0.39715580780835724,0.22859683896044078,0.44674949205981745,0.3496312182489996,0.6065480558859632,0.3945695726539062,0.32526457282574317,1.3231299148891549,0.36506726279220963,0.3791247624041171,0.5167071705896084,0.21422947800712303,0.2985232896718576,0.058695783914670834,0.4777335665961994,0.5516499715307276,0.27059692707815036,0.47126441675177166,0.33781822838889813,0.3631753410635283,0.453466857352524,0.1879814657421115,0.41187954100208135,0.14513267980570194,0.5626476676120415,0.11058445830492383,0.2125310547773061,0.28236897110118087,0.2029610136339645,0.33162988683805733,0.4201512012871636,0.4448016318564069,0.03998517229717968,0.3121218489064464,0.4619563249289809,0.3530905818305061,-0.12277274644541439,0.4254233290876454,0.11147936701006049,0.23625967433637723,0.277379116228649,-0.30219768192108215,-0.24757127834351494,-0.12556558283611507,0.0807547800373691,0.032747906412174045,0.3026784591397578,-0.36396601027326086
0.26122545714040635,0.3472378464502443,0.2921460751842417,0.281879846284275,0.37207866003573226,0.4802953683152708,0.27383996052672444,0.36008639740089443,0.35091979843321897,0.2591431331397155,0.407848944977327,0.2762153222432892,0.2098765100240379,0.41287125910093436,0.4378228092199639,0.34059327604361506,0.5862599817804169,-0.294549444426503,0.36506726279220963,1.3965879057051687,0.14217838600771016,0.3439497272782128,-0.12508809125445758,0.37704465791532754,0.22977214913814847,0.3822248698299596,0.3243860171837842,0.3662270894110276,0.38443388710422277,0.6118406020327555,0.2790468924951059,0.3423367636829462,0.2692563347352252,0.32129562798177586,0.45368163889822577,0.25113854804600877,0.7770563207331881,0.6597732717103121,0.26051313945053245,0.3171485090373458,0.27374980452055114,0.5254702703153624,0.4716903230639406,0.0742438201458118,0.6208538702557792,0.4076586820898404,0.44964235750836073,-0.11782755455212662,0.6666925598779802,0.21249648485372885,-0.3922643740619673,0.10027622474568951,0.11445671992493847,-0.15248535465607424,-0.17638038668519562,0.02716816179019185,0.15458366498209516,0.2892480204026551,-0.4605345914757631
0.3512091914796454,0.4766804180387504,0.7615342391083542,0.2071838243182594,0.3146569042862788,0.35648306567242466,0.3494115708998609,0.32729448615151935,0.45063656725696044,0.3332442617266337,0.30933447309883705,0.2718930388210101,0.1884013457104936,0.3764916539472611,0.3377211569233252,0.2119794029696813,0.36207138766738917,0.39709792585325265,0.3791247624041171,0.14217838600771016,0.8239253375580814,0.3086137523887078,0.18302770183082723,0.28992120041210806,0.13788490252797836,0.4344699560353846,0.5404574622509671,0.26995882662536946,0.42099199196541165,0.31336871482381196,0.46516209748633863,0.3540871706071636,0.36969426520135534,0.29880525725468726,0.18806790905882792,0.6565969750177562,0.17062333058683052,0.11303865852208732,0.4653852638824561,0.21155669264697546,0.4560060652495493,0.27057608419218926,0.3775909126409689,0.020399713340197526,0.29723954128540786,0.5734070907075657,0.5492479843596098,-0.18635674870150615,0.6604193054771875,0.1890473576524727,-0.07514606155580607,0.10665504425619171,0.011048837887254609,-0.18814736484200134,-0.03814508272307816,0.11795359778920567,-0.06934833636214298,0.09347677183316162,-0.1861594893536802
0.32967633685340103,0.3330902681911225,0.5350067796978314,0.3410740219771532,0.5186432726801684,0.43466849923032164,0.5040429380878666,0.25365448893778825,0.7625581898534143,0.25458651757473255,0.30968150971050734,0.33057946934375565,0.20223392035929968,0.5521320790336619,0.33857902010086993,0.8943127333066644,0.45381213259522624,0.17300784764433258,0.5167071705896084,0.3439497272782128,0.3086137523887078,1.0722009000570272,0.11034365996129808,0.32935671682110423,-0.03685696253698575,0.49561844699241775,0.4710698446549609,0.21305347737380922,0.3630483083839775,0.3745713556980887,0.30096744209021586,0.5214787706326703,0.17198766607714863,0.3579019791666185,0.2463783460698691,0.3835356075940161,0.2721816134010156,0.16663661733365837,0.263579117490726,0.13381658495932336,0.3229813941821794,0.49941574250594645,0.5339922981690125,0.041110210688538276,0.2580147736981244,0.38894502397444614,0.4207845457324117,-0.12080633348198234,0.219929532525,0.0647447212351014,-0.013863696917856865,-0.175933793186612,-0.038020956164122946,-0.15281459094473454,-0.10900349940968636,0.17554141736219853,-0.09307735121860009,0.2509902964849141,-0.3807789209996453
0.3344627423757106,0.24538987348595917,0.41211839545714535,0.16288689238790008,0.22808654621379484,0.14380444330787334,0.1605777291974551,0.17774138767655337,0.1380917980330651,0.24261947688108332,0.13391276593605259,0.20871825755711856,0.09791710745221499,0.16621091331487056,-0.008291371794888931,0.07090545057590152,0.033710431205433794,0.5540563861724374,0.21422947800712303,-0.12508809125445758,0.18302770183082723,0.11034365996129808,1.140287920581069,0.2201515144100632,0.06264101756079661,0.03544546146223723,0.2333021562793408,-0.15281998531172467,0.3707807655806786,0.30891449655091197,0.00814765429562095,0.1679017685491124,0.07876510290225675,0.07107800963830647,-0.2052820859890492,0.6545421302718,-0.12290972384767374,-0.06525238486608152,0.2891917445228027,0.09620581714417933,0.2558032709605322,-0.026504744139176334,0.1399930292284056,0.2368980988447071,0.012446947060396129,0.34259163189125086,0.18811064210806855,-0.16700214595503027,0.12672068073043877,-0.13258197574827496,0.18655140456761712,0.0388875261398038,0.05899534670738476,-0.06892610878589835,-0.05326056086027944,-0.006363536365937387,0.1339817158524064,0.07417098005040082,-0.23167259919531624
0.18415504173545208,0.23432429215476172,0.4517009770003713,0.21479410314676575,0.28433553251296584,0.29989852891821867,0.2982952827739513,0.2698320570532714,0.37277492799253065,0.28884051704062014,0.27366979918862006,0.2508265575971952,0.1683162131428727,0.3801694756958353,0.28369890150346994,0.29618938517658927,0.3527097298562186,0.12118940235851187,0.2985232896718576,0.37704465791532754,0.28992120041210806,0.32935671682110423,0.2201515144100632,0.5088519014429426,0.2133632021633684,0.3161537246852504,0.44182041241245523,0.2894986385628538,0.291716312571977,0.576708284527488,0.29118919605823523,0.3515758721465415,0.46855939883581665,0.24406549235329322,0.25180991325796886,0.505281716068663,0.3489739352015714,0.21303452284994107,0.32161929971267067,0.16953820430954886,0.2909045780764308,0.3659832460665604,0.43665001555705346,0.1454790867192888,0.34139803563482335,0.4848334385331286,0.47129239431022557,-0.17726075792660603,0.5406790850755976,0.022021870184487185,-0.17012081741214044,0.05370637244145409,0.1408509908878918,-0.11007406974078937,-0.05480247033304088,0.07436677279834351,0.1419725536559353,0.03243114091739501,-0.24970322392260247
0.7592631068690036,-0.11258503253726765,0.1657569189013209,0.028938830199701997,-0.06849767058844833,0.13121845110472558,0.1661306104245031,0.07938324954696867,0.0024826681947419556,0.2009179286399257,0.154230624330203,0.2210926199345876,0.09475358839637132,0.17475363829144103,0.077209444415856,-0.10867419549988155,0.5554361730074706,0.08266392337445218,0.058695783914670834,0.22977214913814847,0.13788490252797836,-0.03685696253698575,0.06264101756079661,0.2133632021633684,3.5634601883179124,-0.02221916819859122,-0.04311563441128932,0.24610312866224549,0.22452817600889058,0.5207883824282279,0.31134040621104353,0.1565020453045474,0.14864974200501385,-0.05899837921454432,0.36130090401635306,0.34925028885869264,-0.01409520050406547,0.17378187462953298,0.47343186911002344,0.2479674986694592,0.06783847479802814,0.12285734291362023,0.3183779232567511,-0.009065681327350913,0.6840891807163162,0.8506419414437368,0.43680843127042046,-0.33911259609217903,0.28321995949921014,-0.5985042525240858,0.5891979313985239,-0.13957082284271466,0.15202685666119184,-0.0006294066261792042,0.05736681494041271,0.07920060173617137,0.4340136610203542,0.11009879293421508,-0.7260690686942027
0.278764250290775,0.611514882829208,0.7347402625966221,0.30347851327619774,0.5309802483245816,0.44467732695409745,0.462438552014423,0.4115561695993295,0.7160081194598048,0.3899698431256406,0.38713827971701203,0.3207408892870451,0.19186423293115062,0.6823213002227423,0.5464397320759535,0.2986490793051051,0.5057699683096428,0.30961943840126616,0.4777335665961994,0.3822248698299596,0.4344699560353846,0.49561844699241775,0.03544546146223723,0.3161537246852504,-0.02221916819859122,2.119990887310632,0.850215173631958,0.30839526944586426,0.2583177722997298,-0.2580777940118687,0.46134924113544384,0.6130178823978409,0.3574613928665553,0.6205161555464117,0.3850495174376141,0.7278654414350971,-0.46142528135803357,0.21959325864412393,-0.8700828881920206,0.028882689457677555,0.7424566012669193,0.5077407523189267,0.3544981823493149,-0.15045325737903503,-0.1276792473639524,0.5595637177189937,0.27632930040418907,-0.24503103631784057,-0.3232938972648243,0.1947506730441688,-0.24935705045062023,-0.027758087545154148,0.11619178333059127,-0.08685244795582825,-0.2700390823772481,0.08751478680128541,-0.1730633221389488,0.3988283887418997,-0.31221165409632806
0.5075046091900318,0.3938850999122659,1.0750346733800054,0.20116671442518555,0.5032146368930608,0.4302658106974219,0.43391829921233693,0.34821522414875555,0.6869936673289059,0.5306719702497276,0.3709182303925705,0.31203232146323395,0.14973724150203266,0.5077714053185384,0.507886878674017,0.27166767900245126,0.4313570048787622,0.6804706443993258,0.5516499715307276,0.3243860171837842,0.5404574622509671,0.4710698446549609,0.2333021562793408,0.44182041241245523,-0.04311563441128932,0.850215173631958,3.855337204552869,0.4773000800515306,0.09640683372334734,0.5121690617169362,0.7791316007041278,0.3831691016500465,1.083475988188296,0.4601083267700663,0.07105838237611103,1.5852083797749918,0.523319823073501,0.191886003747317,0.14281077618917667,0.09970212525781876,0.8393497179023363,0.6084790991367706,1.4350214987897985,-0.09363236823427618,0.509937701928242,1.1779825174845002,0.3973670128704685,-0.4371439052814377,0.31347121065606526,0.3087718411357343,-0.1842316095355711,0.04628985723417404,0.2897347783606491,-0.31492922395107403,0.2521482380210096,0.44877776360168786,0.06201860065632081,-0.24354045516296044,-0.14506214032376646
0.13792853032611693,0.26756965638494473,0.4559451940615973,0.000678537937970535,0.06879070410692657,0.23569761611282122,0.16857431316470414,0.20508736535556066,0.20844986680098523,0.2242697862603916,0.20667768518394192,0.1308397130522017,0.12834909683992207,0.1409028896948965,0.25484312935557907,0.24471752347455838,0.34857920893344013,0.10010095255096292,0.27059692707815036,0.3662270894110276,0.26995882662536946,0.21305347737380922,-0.15281998531172467,0.2894986385628538,0.24610312866224549,0.30839526944586426,0.4773000800515306,1.091282065012167,0.16301736487010232,0.5181475911677841,0.3747965785691908,0.19332804261047443,0.5431592586529465,0.1931109631745473,0.8268226430349384,0.5190144805664726,0.22517608367038872,0.2240985798691948,0.15795034958051776,0.24045984493199268,0.3913691452291009,0.3351880970033651,0.4085705269023272,0.1564249487003213,0.3415963471135984,0.40391982538695814,0.29500687096281886,-0.15857423880858487,0.6265752069505834,0.14596721658443987,0.1481544689344956,0.32916375014045673,-0.7464543628852733,-0.033477170023556935,0.09885577513504398,0.09177326264756692,-0.020834001688197067,-0.10616512607223878,0.09644572413468763
0.27710684122677576,0.5016198430148248,0.5700315481039573,0.2876527265083015,0.3946642492714981,0.5529757465802094,0.33648158695965596,0.35226195946206607,0.3016245435710344,0.3531024241793859,0.36313558211969915,0.3161548548017801,0.24380301073009927,0.39502992765990824,0.32047624564500304,0.39799475086201136,0.413510739440582,0.2575862048373837,0.47126441675177166,0.38443388710422277,0.42099199196541165,0.3630483083839775,0.3707807655806786,0.291716312571977,0.22452817600889058,0.2583177722997298,0.09640683372334734,0.16301736487010232,2.2091263309793066,0.5139963165561607,0.18878368792030667,0.40507394255416496,0.014220187588499826,0.5258882582118083,0.1664586233833055,0.8215359157919457,0.0040123098118466935,0.18725328158495022,0.3460872999326187,0.23437535251247224,0.5991701731895426,0.19462352845504843,-0.06224791549059901,-0.1556780869641153,0.2298584409949164,0.5399894557668519,0.5908955063730601,-0.2465644574499499,0.7921815185038671,0.7190988002025582,-0.5860120051840817,0.3051651535704221,-0.35003933286384614,-0.1974421387922948,-0.20721543132464748,0.00010690636462088762,0.013268979947516024,0.24274906812220678,-0.2975332768471044
0.6672218326438437,0.20037920907820364,0.4833556510325384,0.07614067847833589,0.1967458297601446,0.23148389205265996,0.2735664042180901,0.20675585872926042,0.2894584626904102,0.3035824716479468,0.25948890236635724,0.22493314453999205,0.17285267909508722,0.3481085096314019,0.2763975815489584,0.46781622983806087,0.29850242699926466,0.10016579222567538,0.33781822838889813,0.6118406020327555,0.31336871482381196,0.3745713556980887,0.30891449655091197,0.576708284527488,0.5207883824282279,-0.2580777940118687,0.5121690617169362,0.5181475911677841,0.5139963165561607,3.0073380175666746,0.33567916316870783,0.3117018255356867,0.1374363890383276,-0.3329660362167493,1.0805574022912485,0.54790952281144,0.4714838880448869,0.31011878814027244,1.01577675052579,0.5227632757297186,0.8874420154326405,0.3859216594523189,0.8715622156274841,0.4809804076186535,0.5430233280334955,0.5624478594708685,0.7751028997136149,-0.1561282408304881,1.7770755915583119,-0.2893708418027285,0.0063190634419071304,-0.1335596486322062,0.27850991726711904,-0.09646595475023087,0.03638195426963283,0.15914320732309098,0.24904923477393162,0.20895720300702372,-0.5032399613169499
0.4697710125615514,0.32576297857588654,0.7359212181151661,0.16083377244364352,0.3438790180405906,0.32613972924890333,0.33376801386134264,0.30655373715988216,0.4279067485176306,0.4002062614591901,0.3396354986158718,0.3044121671884893,0.16731195038813113,0.39257379935283016,0.3530963791683807,0.1915855762972566,0.39246597507781866,0.6008136779086496,0.3631753410635283,0.2790468924951059,0.46516209748633863,0.30096744209021586,0.00814765429562095,0.29118919605823523,0.31134040621104353,0.46134924113544384,0.7791316007041278,0.3747965785691908,0.18878368792030667,0.33567916316870783,1.0756353937032297,0.36470414271873264,0.45322797164501766,0.23587148643057682,0.27728771977310956,0.8469203877356355,0.35974768876219354,0.20482137423847369,0.3643214773086635,0.1708258963611828,0.4210722539225022,0.30515417373786846,0.6020495901782388,-0.03134582053432122,0.6567124739907245,0.8023287275673026,0.5260176580408797,-0.2616030079727013,0.3551272443730927,0.22566695434899878,-0.055854506714603507,0.11517667036689958,0.08330226019353464,-0.266335161641161,0.061712411917593364,0.19853024674041958,0.19998954489078713,0.005145885046364516,-0.47775065057383587
0.38541795920049904,0.18245649190437177,0.47323001518679436,0.35642514377581896,0.44350328691727514,0.41558036135315923,0.40349561422530816,0.3566767906191144,0.46897612601192123,0.3150372505236152,0.3412308501021356,0.39987214230102697,0.20794382142877574,0.633683347042961,0.31951748321645734,0.5319122719183306,0.4069344566179295,0.21568029512092537,0.453466857352524,0.3423367636829462,0.3540871706071636,0.5214787706326703,0.1679017685491124,0.3515758721465415,0.1565020453045474,0.6130178823978409,0.3831691016500465,0.19332804261047443,0.40507394255416496,0.3117018255356867,0.36470414271873264,0.7018432637901048,0.15706280462713443,0.28671041542957415,0.20137847812348061,0.48195374788533696,0.0705933252401239,0.1841525888757484,0.19071530775154819,0.1588124627667029,0.38210835252644176,0.39840213493566445,0.35801643549717677,0.012524809516016875,0.2865650529112698,0.491464454664332,0.4831942730084841,-0.18040747616285496,0.4409849356527956,0.07327084555970764,-0.06033081224720737,0.0663353118390269,-0.07713183822066609,-0.09825127120842632,-0.1586162996632373,0.040608451918194066,0.3945146558791235,0.2523235381611572,-0.7151395573329368
0.09812023668732699,0.3952644710956442,0.6135624559748054,0.15603862860790865,0.21833167168782053,0.1528505233671408,0.2496933087297854,0.22335468459162522,0.41677716839621365,0.28081331746298394,0.20394031926998601,0.13320881083939765,0.12239420136957915,0.25183338078047407,0.30147514617363286,-0.022337989724594776,0.3317591028116274,0.24485044307415665,0.1879814657421115,0.2692563347352252,0.36969426520135534,0.17198766607714863,0.07876510290225675,0.46855939883581665,0.14864974200501385,0.3574613928665553,1.083475988188296,0.5431592586529465,0.014220187588499826,0.1374363890383276,0.45322797164501766,0.15706280462713443,1.7706069545609766,0.1953075383729103,-0.31721474554464896,0.5730089646012773,0.5233918651660459,0.19415693894255856,0.09426018532011946,-0.09072463964609657,-0.05336201034251288,0.447300822243813,0.4619345589351335,0.13711285708897372,0.11445711311884157,0.6382942947849639,0.4977707334456663,-0.2898011645461656,0.36137384471525724,-0.0901525757413487,-0.25978716909113103,0.19205723282755138,0.34895720028258925,-0.11769286864394257,0.08043541887850492,0.1051072463745042,-0.12419378691507342,-0.1823225260005515,0.20674701274729324
-0.7057085390297573,0.35169340927014525,0.32069780921261043,0.32885699276192626,0.5263995699438873,0.4810807920767168,0.4064909418844925,0.42258942061291893,0.35945381189212167,0.5006016544871308,0.41027632566515737,0.378321266714853,0.24244143143100838,0.36885389243222805,0.36106490315010914,0.4001440667887472,0.5695296317341182,0.10584451483696726,0.41187954100208135,0.32129562798177586,0.29880525725468726,0.3579019791666185,0.07107800963830647,0.24406549235329322,-0.05899837921454432,0.6205161555464117,0.4601083267700663,0.1931109631745473,0.5258882582118083,-0.3329660362167493,0.23587148643057682,0.28671041542957415,0.1953075383729103,2.232810496087695,0.40647184343973264,0.26677345836276184,0.46026550114614045,0.17804723520283436,0.011960016201186481,-0.018408462035913543,0.42543695663006836,0.40137660929606445,0.5121577885516299,0.17546859690693117,0.15282296209818164,0.2023309195061002,0.5888730649105901,-0.03281043521688079,0.0819808697090376,0.16982362880217777,-0.2872344114140769,0.00435528896226571,0.22080772759038952,-0.15702589699644875,-0.1649287347562236,0.15525921643476612,-0.3797331948154151,-0.047298355518303,0.30359494359984107
