0.6413919421758011,0.20345291160889645,0.3754715781353631,0.02201310973862619,0.013311965927736032,0.11291463910422732,0.14786076951565638,0.013796991530222211,0.12871763950205292,0.11092963772244298,0.0889401181702968,0.13040376536434645,0.07602241380516907,0.14188303308183403,0.10770471441581903,0.010831916003058745,0.040032015634837124,0.08840900168834658,0.025510634376950222,0.08136827195620981,0.058650153753927445,0.07548647317715984,0.06641992364248243,0.03995164742275733,0.06344907017075155,0.09570490316626823,0.043375800620433266,0.050659518893219645,0.08821941905634062,0.05718961686056911,0.042989607731925526,0.02281496924241449,0.04672789965282412,-0.06555965534307134,0.07027402759327435,0.05112246360613676,0.04086231964609868,0.04930669785888354,0.07381923598914292,0.06501203081280844,0.05354328925279499,0.05366526043389262,0.06751285361220616,0.0456454458455493,0.13388937812366458,0.14238365204780148,0.08279254960483001,-0.03195663205668972,0.035609379388143486,-0.04204277113189972,0.019239335780478803,0.04759895294533558,-0.06376003426496842,0.02838400533717415,0.0853079324133288,-0.0730551530483317,0.32631852119396426,-0.027931096333747768,-0.2519446686650443,-0.0003464449791114357
0.20345291160889645,1.4180407807224036,0.8040221417542393,0.13736228772144612,0.06715330874265715,0.25454340813365495,0.19649364306025668,0.18274131725764564,0.2800788874250748,0.229589488550841,0.22960153338248626,0.258124776366155,0.2414007762863352,0.2078503264583314,0.2722835733592684,0.01821424165838989,0.19147639698495456,0.19548992519142727,0.017793909853124536,0.3241719938985547,0.16823551265003944,0.14549360027797437,-0.008660008251250342,0.19914156307445324,0.1742452801774961,0.27887972338779576,0.16551150406581575,0.1417950018043011,0.32665026716636536,-0.011724277202755897,0.0875819282709172,0.19880992342611925,0.15025584107863893,0.20578773241980786,0.1129035874250647,0.10344402749297163,0.1374932815123371,0.17132701103981995,0.0868620920655697,0.06429023953767933,0.009724901517401468,0.13281103384341222,0.21200739991314563,-0.04154618384474987,0.24740326612816738,0.050643807572111364,0.07741334532596963,0.08777269262544728,-0.1443808573696414,-0.300467385566954,0.2575535858625729,0.03610011997068733,-0.03613668783106841,-0.0036716148051017072,-0.271515895643039,-0.24424135029209754,-0.4666629063194551,0.2265905383240416,0.4415145748025374,0.04596497558756514
0.3754715781353631,0.8040221417542393,1.6401383994079148,0.07723543670447372,-0.20942576981420938,0.3439982304070178,0.2578408473675525,0.32838712507686235,0.45812688739249624,0.3190393754256743,0.24995767306700267,0.23804702684655157,0.23822770193863854,0.24785506197358978,0.28145745072982614,-0.015913391448252667,0.18907746144592283,0.18998501459179185,0.18581079821127355,0.18180835272860815,0.21399745783081234,0.2441575734076183,0.10327258614434191,0.2734532689086939,0.21328200579016454,0.2624809092399016,0.11546481748151328,0.09365919511159089,0.39337070691510706,-0.03385661267577512,0.0975676835619174,0.2211118412919592,0.1689640195239587,0.23250912383236602,0.3176517347784151,0.200619516387741,0.13097393617390687,0.1280505040814989,0.18298277948248845,-0.010859069762518528,0.008964211574882315,0.171481734546943,0.15468167616700831,0.07545978587921724,0.2603419094916479,0.29511102852845006,0.10808487601503519,-0.039789904194441714,-0.21533778605040407,-0.0816982777461921,0.0030735214783169608,-0.005185114659538969,0.06931805529056365,0.03965115986942758,-0.012390248552967364,-0.13575747709584485,-0.16143323391423112,-0.14013272771993826,0.2816691033567156,0.1507224150275816
0.02201310973862619,0.13736228772144612,0.07723543670447372,0.8723450491469241,0.6098687507869133,0.4406996804987383,0.2953698908357246,0.3382917033041266,0.22442944873367607,0.14118285482186207,0.25860156066963746,0.2871502474636711,0.27592894146015234,0.2706440841571532,0.15932272159645833,0.31106821647973193,0.18926670341585367,0.17857186135920564,0.12010172570654751,0.20848125006960327,0.16999994460974516,0.26581118403869514,0.2287765397856691,0.2773412495208353,0.25382604140897846,0.2327721038652628,0.19643674458985283,0.03938858718570603,0.2975077582887775,0.13451095611462174,0.16678882298755857,0.2233171552850516,0.1734911651067838,0.3426154935447001,-0.09009351747051395,0.19678366557346105,0.15055081355225494,0.12757260484528674,0.23788808563207559,0.09901795467214462,0.05887327484197324,0.16338408481420386,0.11843961839799803,0.2629922873037507,-0.0076043571702220135,0.0890107966179353,0.1478967721569668,0.058536893434687744,0.13998098891734748,-0.06001122546226949,-0.03693290593689227,0.04890162047684886,0.016005729154991055,-0.1345377400782878,-2.9688751422356996e-5,-0.11516639368999734,-0.16630663933400508,0.07315456025794899,0.1063051466503551,-0.09410041379847468
0.013311965927736032,0.06715330874265715,-0.20942576981420938,0.6098687507869133,1.2571878854607146,0.49646184357640416,0.2923352225347979,0.29016330457518347,0.17566159507636242,0.147110982218427,0.2891062890174497,0.3162945699258452,0.32206709174561,0.24541283952723927,0.20451625401646,0.4326373314900268,0.20409856278580035,0.2182105018386664,0.10774612762840567,0.2755964988935521,0.16418660865821255,0.28400465364610483,0.2957336073237664,0.2901410563408879,0.27033618709139595,0.22782480737916075,0.2451741516421167,0.04994937210165293,0.33378080239652835,0.15991420756912544,0.2077366901757404,0.2752675054660846,0.1415007848727851,0.43302555619912464,-0.1694381773520647,0.25013216288938567,0.14866051407761208,0.16687439813893798,0.27335734320050553,0.17513327743680623,0.11808124078475318,0.18419460297005188,0.06107670490520795,0.29861652966883395,-0.09449041570926726,-0.013481826809857843,0.16215771631730536,0.13110035039880857,0.30127718270723014,-0.1185522981339141,0.1037580496534402,-0.0569348605334792,0.014035967185979955,-0.12167972381323834,-0.014284432572811053,-0.10034900508059266,-0.1428558251812122,0.014277771209455555,0.12991147689580312,-0.26654123577369226
0.11291463910422732,0.25454340813365495,0.3439982304070178,0.4406996804987383,0.49646184357640416,0.8740029770820528,0.29323412813854804,0.4163952194332637,0.284054691226877,0.1324578596922586,0.33861479349218704,0.29899273515641966,0.31795683330796953,0.29048962007689855,0.2216196812031307,0.2905074961850626,0.22713803014133932,0.22438351734592576,0.24527268421986248,0.2755653750990103,0.2523479156109008,0.29792777964019457,0.17621471519905904,0.31927867473165567,0.29837617375550557,0.29485763715907515,0.24087598524522466,0.10875804805734944,0.4167090392401793,0.16728662564532917,0.17431093216763177,0.33899274415060954,0.11901976899765276,0.39370741628023725,0.1269531504841939,0.1970073680088482,0.18110977953795304,0.16830035717756645,0.29053952315715337,0.11073006446015501,-0.036464173112359805,0.22906234604111536,0.23916489841933478,0.23794384708132618,0.19039503262104832,0.15565882148787877,0.2061115285278782,0.028850495658187314,0.17324093162512386,-0.012705038237515983,-0.2582604389819086,0.06482872144502513,0.03123621203874688,0.03008550121603651,-0.043323645034064794,-0.03531094870927192,0.06459184440567899,0.0776604953728871,-0.08462577628539918,0.07772445708079413
0.14786076951565638,0.19649364306025668,0.2578408473675525,0.2953698908357246,0.2923352225347979,0.29323412813854804,0.45725466903308515,0.19719753575117768,0.26464862781013293,0.13477612245315443,0.23498140492973882,0.2947193050356775,0.2065537162326829,0.1791483824333597,0.0852348876813487,0.23794957700891395,0.16606334825341443,0.1545821859003041,0.15512636398779867,0.1629252970861948,0.16618704079500782,0.25691137695028815,0.17005394335904428,0.21271687386798596,0.20082726264843376,0.20207416960955452,0.1612730285839856,0.03570613227287782,0.21378355961781084,0.10163821112116143,0.141078217353963,0.16782728585562068,0.15203883679478536,0.24472665444049108,0.10845552794328604,0.17323521793881239,0.1319281471364002,0.10181520300136823,0.220541135125108,0.0938187196155436,0.022013302779767357,0.15631950125621885,0.07797631360644874,0.13605190051596136,0.13737301477940536,0.10642497151540734,0.13897979384588743,0.03496898406890178,0.14091144075692685,-0.12813270822560818,-0.04212257301670739,0.03234635118468632,0.004526354563733738,-0.034187446458154705,0.019856241641605193,0.0035351056049042484,0.007504085765427581,0.020791227358079516,-0.14536177227117514,0.01230550845198441
0.013796991530222211,0.18274131725764564,0.32838712507686235,0.3382917033041266,0.29016330457518347,0.4163952194332637,0.19719753575117768,1.0031938909433231,0.19102764510665624,0.17269085081253502,0.22693197966453016,0.08111048525919203,0.2621654091026768,0.27945301489096813,0.15282490340139973,0.16106894245605252,0.1729402340493268,0.21945177426231138,0.21369965754530076,0.1524336285380878,0.18673713824977087,0.20748510211773866,0.1692142027304829,0.2714946867756936,0.26495133108056357,0.32709467017902644,0.1530825622765303,-0.12222387910305607,0.24816572280179722,0.15149988945436,0.09832045235980515,0.19218270802991239,0.1598240945603704,0.3113577006850609,0.27079254133829,0.11677915928628797,0.18095476041938682,0.10010320851197883,0.2565422840944335,0.0759517054781144,-0.015388235990541907,0.17533034738118877,0.20690707013887,0.12167148919490585,0.19406079612768745,0.26941978121520466,0.2118782857051411,-0.0020009928314039973,0.08381993872340245,0.19695931653555182,-0.15205695624369467,-0.05238213987943613,0.14724074199803944,-0.14746617445838503,-0.0915558699050702,-0.1327430110490255,0.29032474885094917,0.11665639708274528,-0.23702995316279662,0.05422773937610479
0.12871763950205292,0.2800788874250748,0.45812688739249624,0.22442944873367607,0.17566159507636242,0.284054691226877,0.26464862781013293,0.19102764510665624,0.8442262577107844,0.28992696476242985,0.18615032197734535,0.17032628307100223,0.24545590870269673,0.22752454375094217,0.06123137368905245,0.07548366039107864,0.15450135808726084,0.1809642744687267,0.15178438802609606,0.09548114880354948,0.16900512857796512,0.397476946700914,0.22812347755105022,0.2502753559064823,0.14992048480115577,0.262786078525754,0.10947012428632347,0.08138401325916231,0.17407198897900092,0.05977392571085185,0.1317653511781439,0.19742144412687485,0.1759554513699908,0.23243402037804906,0.059476186812114716,0.20857510180491562,0.07983883794393742,0.08606053718688648,0.21988276011989885,0.09651533816368847,0.029021453625763617,0.14519549640817708,0.019672573682127152,0.2318519514148674,0.0871669936570915,0.1284487856843422,0.12908383823869926,0.022840796458914278,0.07213944030086503,-0.19169711706601075,0.15931511783619753,-0.14834990965461659,0.16228716610350605,-0.0036860431666826204,0.05565865360517177,0.1057038280464836,-0.07872338745028083,-0.08802437587836325,-0.028709627588924515,0.1038521649107559
0.11092963772244298,0.229589488550841,0.3190393754256743,0.14118285482186207,0.147110982218427,0.1324578596922586,0.13477612245315443,0.17269085081253502,0.28992696476242985,0.7590876199784405,0.1492569397417096,0.16645800086065268,0.18504124785010354,0.16373299313062548,0.1977638169468321,0.17660999725400134,0.14971433271983817,0.23433642587561998,0.16518358087162516,0.018073896593770317,0.10579143370753555,0.23837118049817765,0.2746562145453818,0.22693477611530968,0.16281689088925044,0.11078744916126039,0.10291197820851408,0.07339986904032059,0.22220524211365592,0.17021788355428263,0.09827468714380701,0.14872203362854783,0.09663564496853602,0.22958497505511705,0.16098251293347993,0.17867773470697199,0.08447843424025572,0.038449431292901494,0.2520081142472541,0.12326262060894969,0.1513447234505318,0.10710026869390797,0.004200124861389213,0.23718252135086096,0.02152437291038397,0.11337802143963305,0.21340554310926108,0.01472686299271585,0.18640260617737733,-0.11374261199351349,0.15562804450893566,-0.11526892929649828,-0.014664635963088764,0.08802672817406539,-0.03993787093824498,-0.04002583619813205,0.10434975621851272,-0.05716121669014553,-0.0033730347520656194,0.004578931638491045
0.0889401181702968,0.22960153338248626,0.24995767306700267,0.25860156066963746,0.2891062890174497,0.33861479349218704,0.23498140492973882,0.22693197966453016,0.18615032197734535,0.1492569397417096,0.4966393810693267,0.33154878275455235,0.33719208578630255,0.18277360119070307,0.19478963905496757,0.2472666062509312,0.23668879365658896,0.21117749214178735,0.158952968116359,0.2508882375491684,0.20959787689831247,0.22465467563564126,0.14531444414466047,0.24918608319559005,0.2265688455878608,0.2579974687085731,0.22375764619618924,0.1093241103825296,0.2695923818540166,0.12198648904973794,0.17285076561474733,0.21994784337417597,0.17712520725583997,0.2705444236053834,0.21273139556591145,0.19920797037615315,0.15388303282896942,0.14803248094632146,0.2313102655328936,0.14797621538467148,0.04349636103713857,0.2017265239885991,0.14495826825860988,0.13626367945111056,0.14810423228239114,0.10997691075002279,0.17594628581432473,0.058867640087030736,0.1575959550161113,-0.09973689620715671,-0.005572875804478207,-0.07743324608916617,0.09407994111344656,0.029258194841535287,-0.03843463666152179,-0.04729837747113932,0.005065932161027038,0.00954780246686999,0.004089451233480143,0.03812122728913262
0.13040376536434645,0.258124776366155,0.23804702684655157,0.2871502474636711,0.3162945699258452,0.29899273515641966,0.2947193050356775,0.08111048525919203,0.17032628307100223,0.16645800086065268,0.33154878275455235,0.6196333349335877,0.23357034210891975,0.22673022272301654,0.22879850847739744,0.22471762276280002,0.19418918252933343,0.16089444540693143,0.13238015310462067,0.23013056759559938,0.18111854171880631,0.1948246856161946,0.18092592838924895,0.21361141598974762,0.2560269537663992,0.21526092209042913,0.23884368038704784,0.024759457435527495,0.2637961702519769,0.10179983659409421,0.18016717764165321,0.189060571179366,0.17970665831705282,0.2723585169196773,0.17472383734738553,0.19062758687512069,0.1315370604827999,0.1275827277016628,0.24254757769542168,0.14711125713378637,0.0203660613309038,0.1792541145445718,0.14157908692619442,0.07995344172334232,0.14131038374440416,0.047571753484084135,0.15085109680140127,0.11700011765968647,0.17778876331640225,-0.20788690003042615,0.04651101949679514,0.10142183280043801,-0.043660507672098996,-0.04394101952312898,-0.030986906333751552,-0.09151898195599549,-0.06395231103119332,0.024692316839884536,0.05921325781233752,-0.04952352942895674
0.07602241380516907,0.2414007762863352,0.23822770193863854,0.27592894146015234,0.32206709174561,0.31795683330796953,0.2065537162326829,0.2621654091026768,0.24545590870269673,0.18504124785010354,0.33719208578630255,0.23357034210891975,0.7240962962287517,0.1839116087122163,0.12265411080251015,0.32784377561096745,0.17397406730844978,0.25536191564409483,0.16129935645106097,0.18411296015228348,0.18082029112444106,0.34715444940262313,0.14439474715986525,0.3132925119705968,0.22759811312770728,0.3579337203218195,0.2524766738029298,0.10594772891177766,0.32481736985187654,0.1551609159901046,0.13730004844220636,0.21913553859780635,0.23888465056325467,0.2438512558091898,0.2585548938508501,0.12886478731764958,0.16058138167308214,0.11562966470339486,0.1405707164062511,0.12458675344322617,0.08213646278573467,0.1883890520048116,0.22718990779539028,0.14295701235058647,0.027787749576305754,0.10852771700781409,0.19435919753744849,0.020662043302256114,0.20421951936049587,0.048241709084604414,-0.09977125215586878,-0.07940997603972223,-0.04019007241726103,-0.01101088278299636,0.00890517346011835,-0.10114388773905336,-0.020120935155263864,-0.008896454003762542,0.054291093142323166,-0.06198336763709766
0.14188303308183403,0.2078503264583314,0.24785506197358978,0.2706440841571532,0.24541283952723927,0.29048962007689855,0.1791483824333597,0.27945301489096813,0.22752454375094217,0.16373299313062548,0.18277360119070307,0.22673022272301654,0.1839116087122163,0.5762944149767385,0.27233546746064413,0.09878466084160469,0.1649014195142114,0.14286942712362855,0.1234738925054092,0.19084056944792918,0.1669350492566345,0.15301914015975876,0.17278449700249904,0.204500329355506,0.18396902990378466,0.18281218914059005,0.13588808258092702,0.13629293311841986,0.23294901959088382,0.1424355754225106,0.15056102530339546,0.15671625766852568,0.15296967117830554,0.20723510971217116,0.08203831284717529,0.21532366071563477,0.20383917265239987,0.10826276649176855,0.2127696436729686,0.09635614564952662,0.11512750696438424,0.15685433950821825,0.14394287383673585,0.15843817326192083,0.0958392279010836,0.13081249367593747,0.1520183681685341,0.04750122713423141,0.16568154110526942,0.07202920876426602,-0.02769696707733728,0.15249380130519086,-0.11497026525301568,-0.07950415251598925,-0.08715804030109095,-0.09109032087940308,0.1371022734627014,0.06398278711423543,0.041057113498844715,0.004169688070610497
0.10770471441581903,0.2722835733592684,0.28145745072982614,0.15932272159645833,0.20451625401646,0.2216196812031307,0.0852348876813487,0.15282490340139973,0.06123137368905245,0.1977638169468321,0.19478963905496757,0.22879850847739744,0.12265411080251015,0.27233546746064413,0.8239571762229984,-0.003589561391369853,0.10841089552585167,0.25359373786166695,0.16215002797418088,0.20621313248148188,0.20483466153304097,0.007206149387854526,0.20531623737879734,0.22050724343095446,0.2776028689799564,0.029024375601799424,0.13635165462962406,0.21630293379498136,0.2725681557268355,0.15733562744362595,0.1674867669207433,0.18110104405572955,0.17382789679923247,0.2847856013992532,0.05006778599666364,0.3170012909436778,0.1698566092860379,0.0982901483347378,0.26931328643665947,0.08879095057155008,0.14199437148257438,0.15982806922799997,0.08552887657566088,0.202209532497588,0.035839082632546475,0.20130460183979984,0.1730388456464009,0.02585517563037664,0.16301979435715738,-0.059419534641806215,0.015708526402715337,0.16926864322217453,-0.006477592321656051,-0.09859505323622787,0.01912191654374593,0.013563780961475863,-0.0017884370889942696,-0.008930044152194522,0.015791688073842996,0.0038643737837224046
0.010831916003058745,0.01821424165838989,-0.015913391448252667,0.31106821647973193,0.4326373314900268,0.2905074961850626,0.23794957700891395,0.16106894245605252,0.07548366039107864,0.17660999725400134,0.2472666062509312,0.22471762276280002,0.32784377561096745,0.09878466084160469,-0.003589561391369853,1.1444225181789112,0.26989976325694837,0.207361601006361,0.4873957752976691,0.11737097921209706,0.23742478274475595,0.5282484240848868,0.12838612756971662,0.3163975300679855,0.31873150558811025,0.14738498537559064,0.29911534136321455,0.21833603398852447,0.29294721399313883,0.3051243269955605,0.15102006397704096,0.28045900149915576,0.2291051949261194,0.36890377567811744,0.5107287609315952,0.1651478336018471,0.21942872322266446,0.0746387736900452,0.267456941905488,0.17142955027551596,0.07193685552044231,0.2894802918165463,0.2643487134172109,0.2679477517342944,0.025286680244976843,0.027611718158768745,0.2408176473591062,0.08400535895136367,0.2523329933774056,-0.22493316037228647,-0.10317070057039895,0.04308739263192993,-0.024924715859879615,-0.00912227015261734,0.008567996328318556,-0.05914929658334952,-0.05530815632950062,-0.025408189358595266,0.14196666810805095,-0.08531336204530188
0.040032015634837124,0.19147639698495456,0.18907746144592283,0.18926670341585367,0.20409856278580035,0.22713803014133932,0.16606334825341443,0.1729402340493268,0.15450135808726084,0.14971433271983817,0.23668879365658896,0.19418918252933343,0.17397406730844978,0.1649014195142114,0.10841089552585167,0.26989976325694837,0.8879994127036748,0.09979547191188219,0.2895726191666759,0.32265829878719904,0.2754330976065432,0.2131891010351915,0.11991433507263034,0.19619680666492567,0.1783385058493093,0.13583916028941306,0.2142421796459293,0.4620097667218827,0.20003248321786077,0.15666016351899392,0.2576358214193988,0.17395998902411824,0.29984048204887165,0.18923042344035823,0.20117014732271654,0.380417663206363,0.37742630486455137,0.18472841778742136,0.37591268104332326,0.21893548571530388,0.1721015775600106,0.28193715541287184,0.06340835760611044,0.2817677391536933,0.2684513204718754,0.10035697218358752,0.16016321930834668,0.08769296191093269,0.1624609566731424,0.19412148528412843,0.032120264225782263,0.030456293779262164,-0.043246700575959716,-0.023125010017344245,-0.1968806610543756,-0.04690824241827761,-0.14665767757251422,0.1150898907571116,0.012703001470697431,-0.01188355336784895
0.08840900168834658,0.19548992519142727,0.18998501459179185,0.17857186135920564,0.2182105018386664,0.22438351734592576,0.1545821859003041,0.21945177426231138,0.1809642744687267,0.23433642587561998,0.21117749214178735,0.16089444540693143,0.25536191564409483,0.14286942712362855,0.25359373786166695,0.207361601006361,0.09979547191188219,0.7011685646676357,0.2555948777741355,-0.007051635340410343,0.1894472922193539,0.22873356511712464,0.18304522390050088,0.2613947524028535,0.1831931354957388,0.19576915604441086,0.14077406654584315,0.20577426815238625,0.19387421968142302,0.06332998477948212,0.10098021078088702,0.1832320251458336,0.22518373004604322,0.242267162382085,0.18577263882866046,0.12910025080536042,0.17162642853950333,0.022098163092204314,0.16837321932101787,0.12723780614939667,0.012344861942175166,0.13116184638968667,0.25503763096725024,0.14511850501228973,0.19662858196300362,0.16339173111763783,0.2851382464823468,-0.009497405528312772,0.06969917249024178,-0.04161365438664226,0.2545273238082768,-0.041524956156613405,-0.14106255377640714,-0.06824188581619366,0.04117039031783248,0.052462045559938934,0.18859339130633593,-0.0015695946961983172,-0.2372881711512166,0.03450445756909173
0.025510634376950222,0.017793909853124536,0.18581079821127355,0.12010172570654751,0.10774612762840567,0.24527268421986248,0.15512636398779867,0.21369965754530076,0.15178438802609606,0.16518358087162516,0.158952968116359,0.13238015310462067,0.16129935645106097,0.1234738925054092,0.16215002797418088,0.4873957752976691,0.2895726191666759,0.2555948777741355,1.368266745788608,0.05039754940744922,0.363362909711188,0.34024488272426995,-0.011019533947971285,0.3020971391737781,0.1538193279730227,-0.042944565515494956,0.17126531277678433,0.37853283773056307,0.20487750367489874,0.34210964237871705,0.22602198718050925,0.2995255203592662,0.36002604275705363,0.2805303089348974,0.3773757209561368,0.37476937153217965,0.38805443506265946,0.09354623341899689,0.4425725769736976,0.07602755608182664,0.09723171196530327,0.30825703929851705,0.11575899562469935,0.21385179732828935,0.21025738978997785,0.2351528038460993,0.26483975884115807,0.19419872155170934,0.2204541789831469,0.3583381611273926,-0.07832047611215741,0.017723464312438465,-0.11291388221705431,-0.038790533682407924,-0.0005140761055195816,0.08889954710934074,0.12475517280791089,0.03973578963713551,-0.10066797029514787,0.18800942483991848
0.08136827195620981,0.3241719938985547,0.18180835272860815,0.20848125006960327,0.2755964988935521,0.2755653750990103,0.1629252970861948,0.1524336285380878,0.09548114880354948,0.018073896593770317,0.2508882375491684,0.23013056759559938,0.18411296015228348,0.19084056944792918,0.20621313248148188,0.11737097921209706,0.32265829878719904,-0.007051635340410343,0.05039754940744922,0.9375381644121422,0.11238235370963699,0.07578519688244661,0.010257361890564944,0.21428426969053352,0.19065929756163044,0.20157546683225405,0.30891009427106814,0.27412675008167514,0.189364800649169,0.21658337170052108,0.22032841377848358,0.29485734445103645,0.22414680667977702,0.21519048374532715,-0.023931612660344596,0.1501065876009966,0.4098473374938372,0.4324312077906115,0.26799089666733883,0.24562710684716074,0.08134748575711946,0.1525953906319594,0.4190103776143137,0.054015658893549465,0.5150839563159562,-0.030786631313107583,0.1617458461854094,0.24241838651901132,0.2100415145695003,-0.20388007573130945,0.004799373837653789,0.21444381942814475,-0.01946583711764284,-0.04872919187376451,-0.04074828675438866,-0.06875212873378551,-0.03758093984934974,0.010206965227440053,0.05763587464141982,-0.06079703840271108
0.058650153753927445,0.16823551265003944,0.21399745783081234,0.16999994460974516,0.16418660865821255,0.2523479156109008,0.16618704079500782,0.18673713824977087,0.16900512857796512,0.10579143370753555,0.20959787689831247,0.18111854171880631,0.18082029112444106,0.1669350492566345,0.20483466153304097,0.23742478274475595,0.2754330976065432,0.1894472922193539,0.363362909711188,0.11238235370963699,0.5700051320589283,0.2148047499058606,0.13960148853848703,0.17863239538773454,0.1923580347688689,0.04559621170645739,0.1408721351304356,0.24476256439837282,0.2467725770646145,0.22095365035432385,0.2508836352060574,0.15333576204301694,0.2816349244278506,0.24944560032331886,0.29211710719199496,0.3462424898724718,0.31817000182318744,0.09379945526208953,0.3562342313504409,0.2039536648439839,0.10018808883015548,0.3947716476282961,0.14191635181569917,0.20579054361626414,0.3615980698264743,0.14407266560277743,0.20377529514566964,0.043364108583100115,0.09129188937976648,0.08276739299892047,-0.07820558127194303,0.059946628008123205,-0.014778723546868502,-0.002556278181523982,-0.003753771855220155,0.026401581536601954,-0.06000055784052833,0.03803161343277728,0.03467733136334229,0.14842156982695068
0.07548647317715984,0.14549360027797437,0.2441575734076183,0.26581118403869514,0.28400465364610483,0.29792777964019457,0.25691137695028815,0.20748510211773866,0.397476946700914,0.23837118049817765,0.22465467563564126,0.1948246856161946,0.34715444940262313,0.15301914015975876,0.007206149387854526,0.5282484240848868,0.2131891010351915,0.22873356511712464,0.34024488272426995,0.07578519688244661,0.2148047499058606,0.7565688553212191,0.23858655525761355,0.2690718930182421,0.24145201934659793,0.21809302149764198,0.1983881509257074,0.09215489520730535,0.27743222830991604,0.1803417247414609,0.1472026640422131,0.2209970178127246,0.19726415409786557,0.3230806068020098,0.26557202030042204,0.16238673827183187,0.15269854039322533,0.0681231130291965,0.26575794084404397,0.12006054332711608,0.04454834709850897,0.22217817690614347,0.1792618296272402,0.26627995936978305,0.021960243267912447,0.11733264835645764,0.2070589075373672,0.058769997981779044,0.16740764161425506,-0.13394862855870163,-0.019539086249554315,-0.09344625306696376,0.0392463407245072,-0.03480794267584532,0.027744527778186243,0.0015969842232842735,-0.04953623460175637,-0.04938563955671677,0.019532666957106978,-0.002754497735871818
0.06641992364248243,-0.008660008251250342,0.10327258614434191,0.2287765397856691,0.2957336073237664,0.17621471519905904,0.17005394335904428,0.1692142027304829,0.22812347755105022,0.2746562145453818,0.14531444414466047,0.18092592838924895,0.14439474715986525,0.17278449700249904,0.20531623737879734,0.12838612756971662,0.11991433507263034,0.18304522390050088,-0.011019533947971285,0.010257361890564944,0.13960148853848703,0.23858655525761355,1.1001773508128732,0.2135896133364515,0.35775078442405245,-0.031358539270478186,0.01479943016916088,-0.21656424642289063,0.2818093527306579,0.294930871189021,0.22654070989323596,-0.02892586221412176,0.19523036726437412,0.30464029299848516,0.007834838326642255,0.4199630632534343,0.25358138446864265,-0.009714284526840693,0.520434293153024,0.28113509100201783,0.1308036731971094,0.12542868476344637,-0.0524021017485246,0.6252344890699921,-0.07620860207304501,0.2532378967658078,0.22453025977436433,0.10683985045144867,0.250625496575389,0.058906231921817834,-0.08176970539809836,0.022823067266438294,0.0535322239302811,-0.06872425865337327,-0.02338505301452447,0.03504311577452434,0.01153782366032856,-0.00726128555070367,-0.09238525553922203,-0.0340040613463345
0.03995164742275733,0.19914156307445324,0.2734532689086939,0.2773412495208353,0.2901410563408879,0.31927867473165567,0.21271687386798596,0.2714946867756936,0.2502753559064823,0.22693477611530968,0.24918608319559005,0.21361141598974762,0.3132925119705968,0.204500329355506,0.22050724343095446,0.3163975300679855,0.19619680666492567,0.2613947524028535,0.3020971391737781,0.21428426969053352,0.17863239538773454,0.2690718930182421,0.2135896133364515,1.1724597152779719,0.30844850281716885,0.09916309457225295,0.26160936331725176,0.14054866649977008,0.3275070272503839,0.5114711708571477,0.015336760258057481,0.7024613941580156,0.647244212237958,0.3202404124661129,0.26796460890528795,0.2617303198597627,0.22948838842777794,0.14132245590184817,0.1981962595724684,0.07968656643091518,-0.022732666121369545,0.22648404439619885,0.16774890468224074,0.2410176571723915,-0.08439248801819585,0.2715687348367427,0.33755585107461444,-0.14831784268011527,0.41391635063700866,-0.14346047927399938,-0.018190649539672237,0.03528206709511407,0.1921903924440468,-0.06884933645460471,-0.031369441226001,-0.08030088874463878,0.16519459605299172,-0.009395668850669916,-0.045995475601302765,0.05053756567239603
0.06344907017075155,0.1742452801774961,0.21328200579016454,0.25382604140897846,0.27033618709139595,0.29837617375550557,0.20082726264843376,0.26495133108056357,0.14992048480115577,0.16281689088925044,0.2265688455878608,0.2560269537663992,0.22759811312770728,0.18396902990378466,0.2776028689799564,0.31873150558811025,0.1783385058493093,0.1831931354957388,0.1538193279730227,0.19065929756163044,0.1923580347688689,0.24145201934659793,0.35775078442405245,0.30844850281716885,0.8724311469727362,0.09987783951638111,0.19076758757678078,0.040435667892419626,0.40991813195872917,0.31738707161390517,0.13586119412031664,0.18197197153539404,0.18750063879650516,0.42220126944625325,0.21390599672520866,0.2545863146468659,0.2031995241943233,0.11302510823805974,0.3262262091004466,0.076676054581132,0.0641272004521498,0.19417425405395852,0.20946438037753481,0.29703706859729306,0.04558913119085923,0.1861427886949973,0.2378742493052873,-0.04343647933734183,0.15986520083645864,-0.4739569984366888,-0.2629631641540567,0.262890905871385,0.2283088751145166,-0.0765517401175295,-0.010640068495271021,-0.01719214973464263,-0.08943210428398118,0.046861208569697686,0.026166064286235337,-0.003709836166673423
0.09570490316626823,0.27887972338779576,0.2624809092399016,0.2327721038652628,0.22782480737916075,0.29485763715907515,0.20207416960955452,0.32709467017902644,0.262786078525754,0.11078744916126039,0.2579974687085731,0.21526092209042913,0.3579337203218195,0.18281218914059005,0.029024375601799424,0.14738498537559064,0.13583916028941306,0.19576915604441086,-0.042944565515494956,0.20157546683225405,0.04559621170645739,0.21809302149764198,-0.031358539270478186,0.09916309457225295,0.09987783951638111,1.7724455730996502,0.15408100256503998,0.1771601903290761,-0.08098887902014215,-0.12950528977264608,0.13931103212729978,0.08963991703023112,0.11665402156518298,0.12371177284044457,0.22950068804792978,-0.028784240172916763,-0.09741064361896865,0.1295452712038042,-0.49350815343623183,0.08785070181816686,0.2907436262260464,0.1454011478667067,0.3819045732657521,-0.029416415455267044,0.10376142421831976,-0.01971949203930924,0.016212288889637695,0.1642457736540678,0.008259383103655968,0.19828650519089858,-0.09268277185939067,-0.2679021712379361,-0.10810427628054874,-0.031399679240428156,-0.013673109274757685,-0.12080730839908066,-0.008117081612759775,0.07937267514565895,-0.03465658291109973,-0.12044232805514211
0.043375800620433266,0.16551150406581575,0.11546481748151328,0.19643674458985283,0.2451741516421167,0.24087598524522466,0.1612730285839856,0.1530825622765303,0.10947012428632347,0.10291197820851408,0.22375764619618924,0.23884368038704784,0.2524766738029298,0.13588808258092702,0.13635165462962406,0.29911534136321455,0.2142421796459293,0.14077406654584315,0.17126531277678433,0.30891009427106814,0.1408721351304356,0.1983881509257074,0.01479943016916088,0.26160936331725176,0.19076758757678078,0.15408100256503998,0.6536956055180112,0.23367063810149533,0.2334245455209239,0.15266285432581847,0.1676302728548069,0.4382159821340967,0.22961911576721547,0.24747100283342444,0.204336468070885,0.26892044174186536,0.13480098543385358,0.1839692498677706,0.1513752355921052,0.12086305137151666,0.07967749625363,0.17433699231234306,0.23813948053260944,-0.04126974786163767,0.15871475507566288,-0.01281474502156172,0.1355107722589615,0.08917546284758703,0.2834632423658213,-0.12101430258114025,-0.017158157827126506,0.10658111888188587,-0.023270794684310495,-0.009474722071566485,0.0038137207445135624,-0.028349762952382923,-0.015238430615448863,-0.031468822076652865,0.05686681172121306,-0.01991029993416743
0.050659518893219645,0.1417950018043011,0.09365919511159089,0.03938858718570603,0.04994937210165293,0.10875804805734944,0.03570613227287782,-0.12222387910305607,0.08138401325916231,0.07339986904032059,0.1093241103825296,0.024759457435527495,0.10594772891177766,0.13629293311841986,0.21630293379498136,0.21833603398852447,0.4620097667218827,0.20577426815238625,0.37853283773056307,0.27412675008167514,0.24476256439837282,0.09215489520730535,-0.21656424642289063,0.14054866649977008,0.040435667892419626,0.1771601903290761,0.23367063810149533,1.784006537190104,-0.05821928255361573,0.03239389912764411,0.3167100545988066,0.289126138914333,0.3184507372520981,0.09945731277497061,0.07186059905191841,0.6564649637858656,0.22351398458544963,0.19698751495676362,0.1586841817976356,0.145866142656184,0.48521823391014485,0.2264730298352019,-0.08371494389601664,0.6175512192691158,-0.07087198955500768,-0.09565465111510232,-0.014255475312615035,0.12631263016546226,0.3062335727550915,-0.13781886404784882,0.2675514479948198,0.20242858843879313,-0.3070996684550505,0.05688500561786295,0.15285910798022712,0.14114588410770276,-0.05676013711304037,-0.09879911229284648,0.2846946436515392,0.040034242508549804
0.08821941905634062,0.32665026716636536,0.39337070691510706,0.2975077582887775,0.33378080239652835,0.4167090392401793,0.21378355961781084,0.24816572280179722,0.17407198897900092,0.22220524211365592,0.2695923818540166,0.2637961702519769,0.32481736985187654,0.23294901959088382,0.2725681557268355,0.29294721399313883,0.20003248321786077,0.19387421968142302,0.20487750367489874,0.189364800649169,0.2467725770646145,0.27743222830991604,0.2818093527306579,0.3275070272503839,0.40991813195872917,-0.08098887902014215,0.2334245455209239,-0.05821928255361573,2.381513210193743,0.16020670066500284,-0.03541908732844697,0.5092213113058379,-0.16482946280485708,0.44889692241305634,-0.09855458692714347,0.5867058713212552,-0.10709138858572867,0.04883396857537073,0.40361962062424966,0.0335214982560169,0.2675302529434554,0.14928495082541626,-0.002992682342681466,-0.2775073801022168,0.13880202725630045,0.3511200443137692,0.21529819368416808,-0.4216004460921819,0.31283972636944435,0.2830506144204671,-0.5874760753632999,0.1620934245843001,-0.09032966136675118,0.05915134457950042,-0.11731312071839804,-0.14476771652530385,-0.2480830228245485,0.07782363368226715,0.21874589343538084,-0.08705937012508969
0.05718961686056911,-0.011724277202755897,-0.03385661267577512,0.13451095611462174,0.15991420756912544,0.16728662564532917,0.10163821112116143,0.15149988945436,0.05977392571085185,0.17021788355428263,0.12198648904973794,0.10179983659409421,0.1551609159901046,0.1424355754225106,0.15733562744362595,0.3051243269955605,0.15666016351899392,0.06332998477948212,0.34210964237871705,0.21658337170052108,0.22095365035432385,0.1803417247414609,0.294930871189021,0.5114711708571477,0.31738707161390517,-0.12950528977264608,0.15266285432581847,0.03239389912764411,0.16020670066500284,2.252916783668048,0.24845075752800996,0.17807625942998598,0.4252513339264567,0.004659273957320179,0.24297553346236123,0.1983907588897825,0.6785712695602785,0.14219918311257584,0.4265565656297723,0.018033531603844802,0.5443271014204183,0.2621256025018762,0.43871151157406124,0.5063513724688802,0.05082160934365769,0.36524643173597554,0.8182240543337216,-0.2874614980632169,0.8747782483878149,0.07747070650272733,-0.523623077517497,0.25663053029098354,0.07598391773308028,0.04975702827822842,-0.0796922433347863,-0.04909544864508414,0.32727309417370043,0.24848748208361118,-0.37701506337744517,0.09331365958910155
0.042989607731925526,0.0875819282709172,0.0975676835619174,0.16678882298755857,0.2077366901757404,0.17431093216763177,0.141078217353963,0.09832045235980515,0.1317653511781439,0.09827468714380701,0.17285076561474733,0.18016717764165321,0.13730004844220636,0.15056102530339546,0.1674867669207433,0.15102006397704096,0.2576358214193988,0.10098021078088702,0.22602198718050925,0.22032841377848358,0.2508836352060574,0.1472026640422131,0.22654070989323596,0.015336760258057481,0.13586119412031664,0.13931103212729978,0.1676302728548069,0.3167100545988066,-0.03541908732844697,0.24845075752800996,1.2345031637094113,-0.02305608335288739,0.4041721902720741,0.25810385939326586,0.09166049321480847,0.6175299810403393,0.49779009419898634,0.2015934565201643,0.34714518165883407,0.09521400710634854,0.3480521304983842,0.23407898834325166,-0.10654904610028428,0.37298710421846526,0.17715331738834386,0.035340398761773334,0.13018664422805065,0.16417495294923024,0.15321881311181368,0.23975231493735097,-0.1429900204647535,0.17067408832532813,-0.1174018009852298,-0.05766101963540487,0.05785763885003285,0.07549112629847281,-0.15729639373139187,-0.0341943630942248,0.08904478999688735,-0.04605922879117058
0.02281496924241449,0.19880992342611925,0.2211118412919592,0.2233171552850516,0.2752675054660846,0.33899274415060954,0.16782728585562068,0.19218270802991239,0.19742144412687485,0.14872203362854783,0.21994784337417597,0.189060571179366,0.21913553859780635,0.15671625766852568,0.18110104405572955,0.28045900149915576,0.17395998902411824,0.1832320251458336,0.2995255203592662,0.29485734445103645,0.15333576204301694,0.2209970178127246,-0.02892586221412176,0.7024613941580156,0.18197197153539404,0.08963991703023112,0.4382159821340967,0.289126138914333,0.5092213113058379,0.17807625942998598,-0.02305608335288739,2.040225102381156,0.2653647421461366,0.42653681270001725,0.18078653125674635,0.3169430212129965,-0.29798250406013854,0.2475702107022082,0.17395468755710727,0.10904370240309454,-0.1364602959410582,0.19015934226530748,0.02424169258701262,-0.021645493203829337,0.13383976901586234,-0.04607844383206634,0.178972787685491,-0.051332296301810326,0.24386031477936942,-0.0989533993493458,0.30589409192652295,0.13253027319371227,-0.08141515414811647,0.15930750687971376,-0.02322677933009321,0.034200901724943236,0.03425596301711622,-0.03052841662941943,0.029960252208000613,0.13986529998522307
0.04672789965282412,0.15025584107863893,0.1689640195239587,0.1734911651067838,0.1415007848727851,0.11901976899765276,0.15203883679478536,0.1598240945603704,0.1759554513699908,0.09663564496853602,0.17712520725583997,0.17970665831705282,0.23888465056325467,0.15296967117830554,0.17382789679923247,0.2291051949261194,0.29984048204887165,0.22518373004604322,0.36002604275705363,0.22414680667977702,0.2816349244278506,0.19726415409786557,0.19523036726437412,0.647244212237958,0.18750063879650516,0.11665402156518298,0.22961911576721547,0.3184507372520981,-0.16482946280485708,0.4252513339264567,0.4041721902720741,0.2653647421461366,1.7806808447954094,-0.056834123087443456,0.29022425862783124,0.3027507386171401,0.8400943312166136,0.15293202735145814,0.07368294815264166,0.1416943524419093,-0.06389448788237427,0.3601488253358763,0.11075259175385284,0.41794128873327563,-0.2629569745513647,0.3936967004518702,0.32341162512024757,-0.12158696335784631,0.45307948623449545,0.2332804108619935,-0.10296331200697705,0.17437353955180723,0.014586454403782704,-0.27762870263151795,0.04506658972039903,-0.04225386477718456,0.003925314054760269,0.0004272987076502972,-0.014835502962527955,-0.021778209110479018
