0.5203040753034572,0.14372279526943935,0.30378650450050176,0.007691072524066581,0.1926496784386321,0.10499984700135358,0.13937471524040107,0.13248620295766358,0.12028245036854682,0.1059168145352873,0.10353669369363228,0.10253198792964059,0.10855363186670865,0.11274296493519707,0.09382982688503679,0.0964865030311616,0.0763497543051206,0.11089546890695254,0.14097069111931576,0.0568942541332157,0.10733677159100949,0.11966200033662304,0.09565880622970756,0.07179708434107965,0.11978097111159355,0.07454627593771708,0.07976357968662193,0.02697243437337989,0.16328026921753178,-0.06979824478078969,0.0918280748827917,0.11204546151609539,0.030789388748190344,0.02386070447847872,0.03734657104292504,0.11360144868256646,0.022356527751304544,0.061778180219404615,0.09350647269298688,-0.012006383312843214,0.06709297015016241,0.1033820975157845,0.03157720029069192,0.03204333947995079,0.10148052107999811,0.1367283275317786,0.028162824863342595,-0.05617037345916031,-0.18083605597822167,-0.014725499559110622,0.01421364473796934,-0.021113055402867884,0.025309283139374687,-0.004639917451326874,0.10894455371754604,-0.04925609588260636,0.16939171011513776,-0.07592452210440204,-0.1393387968305848
0.14372279526943935,1.9664120298685557,0.27205700238530023,-0.31446133438303864,-0.0008109018977770824,0.27863596493484105,0.15996221602728694,0.24155433733633516,0.28095921080628494,0.1542759402570226,0.19406045329303262,0.09949293364597307,0.19640838463560506,0.10579086651415387,0.27560911889372786,0.13004535617017005,0.19409008679243003,0.017720599282305686,0.16270711539008226,0.20303445097161188,0.3096958036235464,0.1493428611212695,-0.2787967614962267,-0.005080612394291953,0.1373626817222253,0.20345562637290662,0.14154987200357527,0.2521252771375225,0.3128581700694103,-0.138821529504303,0.14564635216057684,0.14856490471922978,0.042065352859376,0.05782960982823803,0.3480635702042539,-0.10117660518056376,0.2229261074128797,0.13698370110078162,0.17927874396207635,0.11029336259410781,0.09449509800530076,0.30041506897319814,0.1938256535971318,0.00877594706548772,0.4833502222403745,0.11311757416464537,-0.047676481054569085,0.10472732792239581,0.4616539007470989,-0.1618829135646906,0.2590520857555337,0.2221866708294443,-0.1849172943890215,-0.050713108324699094,-0.31866389124671124,0.05016685744687519,0.030554042319431294,0.330430486411035,-0.12814429203859753
0.30378650450050176,0.27205700238530023,2.9660965185259744,0.8642828073256487,-0.2889397008173776,0.3507340570236125,0.3017508685793985,0.46052244108119567,0.5119464960028745,0.43543835567429884,0.323305791221808,0.291151588213333,0.3521610840701065,0.2752293625900882,0.3111960048074196,0.27424015112207345,0.3280953949788826,0.4267033378102628,0.1595203636808865,0.16975268390768647,0.2887381712077441,0.4317121622490353,0.38093766908852295,0.2728374717622074,0.2210373155610796,0.3822070459085772,0.2434397878358153,0.13764972363373215,0.5312758126624761,-0.7580140164676552,0.2685681169835858,0.30094525267242916,0.1627656828861902,0.3061474367813526,0.09991239162671073,0.38669624005038855,-0.04451382547987402,0.28951140594839314,0.12532480897867773,-0.6320643717056748,0.17421829959351262,0.2813157497575436,0.2432902286112394,0.15345003136651716,0.7337786797913834,0.5493800130493379,-0.09161969719101307,-0.2723194301033276,-0.9395397615568246,-0.17584642234719586,0.1101322042346673,0.45763293073347117,-0.10562101096509546,-0.18198825476811298,0.08534882788948217,-0.18439762846396407,0.061604787245323346,-0.11416871190975647,0.07981160081055709
0.007691072524066581,-0.31446133438303864,0.8642828073256487,2.65836672622634,-0.0454374641951515,0.667909452926304,0.538266589597705,0.4135565111283817,0.3355386215272053,0.6010445405938742,0.4676228763818746,0.7501991280042862,0.4477018258592794,0.5781037806568603,0.37311050569514764,0.6180114650785636,0.5657150488765402,0.6334534785556022,0.39250425107926534,0.2901746011042861,0.20990270111385073,0.5502877192272769,0.6033354664041389,0.40854923056936016,0.16546222950892187,0.5577040365189762,0.45441635074810144,0.09746441675666578,0.44960703731319224,-0.27075527671255323,0.36186111829862594,0.582893855076011,0.27581807895753674,0.3545719544498246,-0.14263800047072842,0.5450569401742622,0.10662071943435833,0.48411044659171915,0.16660934028486948,0.12903171273390399,0.1623670566984086,0.17068973049651737,0.5296386194661687,0.21187189730845177,0.22745532362899457,0.48911659287552584,0.2555736178783395,-0.16130374601370184,-0.33183380626224157,0.08246776358524155,0.09911640584903512,0.44621836571283074,-0.18857835650945518,-0.32481287011848353,-0.23201988202329366,-0.052673415520901094,-0.1334533741199098,0.25649399617040264,0.05871924961641964
0.1926496784386321,-0.0008109018977770824,-0.2889397008173776,-0.0454374641951515,1.5620570145133368,0.22647823425343389,0.1585988399519176,0.3842865690266516,0.12471271707562578,0.1658089623043844,0.205365210009349,0.20263359887791613,0.266998531089956,0.20531156749901602,0.16049909933450499,0.21598943407257004,0.15403855709456477,0.15803208949712588,0.7423181485388713,0.2818683349610065,0.1129851331398534,0.19630353960448296,0.22278153772909118,0.18449749129434256,-0.002434680301577089,0.24798521486374392,0.1859306938864683,-0.04760203343764241,0.27023473314354385,-0.005991435452206556,0.11981554371915165,0.19118369197660123,0.06635291787670074,0.4170373741663326,-0.14724181322823882,0.23416293645116817,0.11849306087434888,0.11310796125995083,0.12041743955748889,0.17284607333556623,0.15453930873681757,0.116751528932878,0.12705205640709127,0.04628128381576153,-0.2195172766613562,0.14690515826426873,0.06903229966085966,-0.03736361061985436,-0.05389641620695359,0.38019159079035336,-0.0651630815940041,-0.301763436981076,-0.06059971335655636,0.00313592635164457,0.025570782267138232,-0.10081970935794073,0.09768672416477583,-0.00016445788749053426,0.004158443523005796
0.10499984700135358,0.27863596493484105,0.3507340570236125,0.667909452926304,0.22647823425343389,1.0646406696648008,0.31825734152798496,0.596762298808392,0.32991524423756974,0.4565808542744821,0.4754401637006928,0.5218409008812129,0.45827116652321326,0.4194741676809023,0.4222387606716527,0.44703138123750885,0.5240480367359771,0.3586363834745129,0.6829466791074582,0.6228782141901988,0.3614015329950204,0.42552629297724637,0.24559861549891024,0.3660624221481259,0.1851240021904749,0.5004231667600365,0.4246134044576006,0.2572879153759928,0.7034829221830029,-0.06100374125028346,0.3471045076399909,0.44374592636524374,0.07716016315262701,0.43949475992624953,0.372265992825009,0.36788729834626865,0.17111620868038385,0.40581640965532023,0.33479595082727476,0.30631644963870724,0.11784815927249319,0.3170109255970417,0.6949291453265442,0.14074159406631925,0.5528018414959786,0.34933659636845893,0.26097392458915536,-0.05340593236509827,-0.14005339983228765,0.22909364201874466,0.010877459260564552,0.11280869930574064,-0.20470425533576608,-0.11709066054161135,-0.10715301446876516,-0.05444258243690331,0.011391676941661493,0.19237417707650048,-0.05801835464476228
0.13937471524040107,0.15996221602728694,0.3017508685793985,0.538266589597705,0.1585988399519176,0.31825734152798496,0.5533181404698609,0.23412259842532676,0.2686790689152389,0.2499626986087267,0.2785380417043206,0.405718195891426,0.26387356546954055,0.2563280661690241,0.19407685081642834,0.30233315145944756,0.29905837344589264,0.2648507852280994,0.2617649270384551,0.19432621148964993,0.212466155499934,0.31272251206019724,0.2852168619496009,0.23218742507932044,0.15603666107560532,0.2586667113696733,0.2394638396239655,0.07634926793956627,0.3119662679152792,-0.1330367153492139,0.20200047271341395,0.25433781007320444,0.09230404673916191,0.26887771463103705,0.11401531489163301,0.2566245310548268,0.07434178401646825,0.2117486802544836,0.20687421561943106,0.13925814777638768,0.11744407915333774,0.19709828697877663,0.2920126148066414,0.09931677076627188,0.18541302339070656,0.25089315225607683,0.0381182218355514,-0.06743239986057478,-0.08512548233823536,-0.03514037357421082,0.07379727538788629,0.07320254928615823,0.024516819916105326,-0.1403076142542009,0.039252896713170726,0.05689689770953891,0.011281820330632773,0.023576910368178564,-0.18866370015653777
0.13248620295766358,0.24155433733633516,0.46052244108119567,0.4135565111283817,0.3842865690266516,0.596762298808392,0.23412259842532676,1.1191331145214385,0.16326876143519217,0.3778490205873981,0.35501910788646657,0.058830409538222946,0.4374824708871396,0.3335103459687778,0.22854876075843436,0.2930683343787295,0.39155393427927204,0.19349102987274183,0.4974221502945283,0.5894578784388228,0.20242943399925403,0.2877207980052707,0.1391390455716544,0.23422949800900056,0.06721013434442848,0.43528854372546,0.29916261380362746,0.13655283762018028,0.565763883404436,-0.12962426922777331,0.22835602979486888,0.3340576074886606,0.044157140459990606,0.42147910921798176,0.27908125491437974,0.23057561658637454,0.13521143279785558,0.2214447445192483,0.3649229284643446,0.19129776677837113,0.19161536353806619,0.17235245036260158,0.4639817599243714,0.09665474989385592,0.38340323019527495,0.28686861770797717,0.11741534946256736,-0.016457490048141916,0.0988993892602906,0.19862965548482106,0.03187722880490088,0.006074784170181282,-0.05725673610675093,-0.11412035985922112,-0.15612314524742324,-0.21367365198163046,0.2662497559694086,0.27491232493960654,-0.17225437435119634
0.12028245036854682,0.28095921080628494,0.5119464960028745,0.3355386215272053,0.12471271707562578,0.32991524423756974,0.2686790689152389,0.16326876143519217,0.7065901999766645,0.272346297105734,0.2499189146982344,0.30298844970708116,0.271187914836341,0.2529888892812802,0.27712898350786647,0.22990241339327666,0.20705215623514345,0.2806007664722946,0.2564563643940665,0.13239968653785658,0.1888035011905647,0.4269150212194089,0.33196954955204994,0.27259241071055534,0.08263358760696152,0.3066347686183619,0.2052266852942267,0.09621781652974117,0.3000890302483469,-0.04083427910016334,0.23313953504476032,0.26298095439313623,0.11933761899912002,0.1639949032252559,0.1065180298047083,0.3306538252065569,-0.024549187449954338,0.16502320736622156,0.20235635055563286,0.0566788991741641,0.15903512694906186,0.18180932957054838,0.19185278900951888,0.10349464070286242,0.19380486613268982,0.31525190925929586,0.14287686301273267,-0.1230729827904923,0.12115217560015056,-0.17430353443257496,0.09438064386603828,0.0776174898284859,0.04158778742155562,-0.084676275877655,0.0275328609826435,0.11814234482793425,0.03347913796292975,-0.06445282676088286,-0.06956637120350521
0.1059168145352873,0.1542759402570226,0.43543835567429884,0.6010445405938742,0.1658089623043844,0.4565808542744821,0.2499626986087267,0.3778490205873981,0.272346297105734,0.8149628539025695,0.38217561217978957,0.40223227589574867,0.4099137137964615,0.3080188181469806,0.30032444738175335,0.34321408302924344,0.36173065269354143,0.3549004809584823,0.355180515046503,0.3984159414977512,0.22368256034568057,0.35613270729177043,0.292945537809277,0.3021524683310306,0.12058512368319979,0.3665250620512418,0.3153212699910994,0.19627969124274627,0.5441798313247977,0.0328241841858065,0.29072191372201506,0.3071237351118167,0.12945785251441594,0.4429418969917855,0.27471570264187944,0.40087943957378314,0.07795905170128985,0.20768736049219863,0.2538543525571598,0.15234743484493452,0.2920095135998437,0.2036394776521053,0.46716465358564824,0.12353127011339311,0.38089792115919296,0.3431442588575832,0.23522218121598218,-0.08517117134749284,-0.21306480254276564,0.023382125311742816,0.06888715357496757,0.05189116330334087,-0.06646103108675652,-0.04896643414598107,0.08199149751047169,0.0075163253979606435,-0.07503875805454661,-0.07918747653446853,0.1276152175275864
0.10353669369363228,0.19406045329303262,0.323305791221808,0.4676228763818746,0.205365210009349,0.4754401637006928,0.2785380417043206,0.35501910788646657,0.2499189146982344,0.38217561217978957,0.5952684767105761,0.41945099220990834,0.40160324251373947,0.29485104534476453,0.36275401366852433,0.36424263618671576,0.41117477505129724,0.34210313513428664,0.35372206822057894,0.3637061291018791,0.2591152427503966,0.3418666662846338,0.30096743608350024,0.30066203238250355,0.1758383160996376,0.33700626444771614,0.30915009858067205,0.181965781150857,0.5354147583459125,-0.03750664046390333,0.2791644554799842,0.2841369072652753,0.11208758070094796,0.3808749013391974,0.30137697407673697,0.3694946526473513,0.0961268729429748,0.19523061303754216,0.30612422832172714,0.20309093851072804,0.25252043466042734,0.2417380722331533,0.40590386171140097,0.11777033793554866,0.2978727918782018,0.31990556149488913,0.1894780015675182,-0.06602966288373296,-0.17324140200968038,-0.03583537144631182,0.03609357648329657,0.02123897365876321,0.03759014954841722,-0.03728740216659247,-0.008179945952990748,-0.058347717151045336,-0.004432534423788553,0.009660467959700427,0.0364933901655754
0.10253198792964059,0.09949293364597307,0.291151588213333,0.7501991280042862,0.20263359887791613,0.5218409008812129,0.405718195891426,0.058830409538222946,0.30298844970708116,0.40223227589574867,0.41945099220990834,0.892354824547202,0.3261565641150357,0.33056418868950777,0.35011879466128243,0.43542409967395324,0.41918222516091364,0.5212464643838096,0.4165926571990062,0.2169760591403539,0.2782750941067644,0.38931974491780913,0.38528254647092397,0.2757743868273108,0.2234010593916935,0.3831483577538332,0.3691772586857515,0.18159892910591618,0.40101493378227826,-0.059012898430805955,0.3177190581997098,0.32565235150693445,0.18341648058895493,0.3484822682742695,0.21115375724698443,0.4116521023406862,0.11975373256175689,0.29850195144778163,0.1858771201731431,0.20736323941879267,0.16332756750493793,0.25300315980605254,0.47385477214570426,0.12502414348460003,0.30757133900403577,0.3427390589439552,0.2528808001740201,-0.08335500912676574,-0.30186034102956516,-0.008669946770371969,0.08206728269989132,0.14063682826714635,-0.06878684747249324,-0.1471011408378669,-0.018621573125250014,0.11851195173644606,-0.19774841562466816,0.03764469083022617,-0.021532431996860793
0.10855363186670865,0.19640838463560506,0.3521610840701065,0.4477018258592794,0.266998531089956,0.45827116652321326,0.26387356546954055,0.4374824708871396,0.271187914836341,0.4099137137964615,0.40160324251373947,0.3261565641150357,0.6444123764028787,0.31565986105212096,0.24798411123795341,0.37257668017523826,0.358322077450446,0.3332957194329507,0.3798028893743392,0.31299225473144765,0.21928045383773595,0.39728849439026154,0.29739267973440536,0.277315693869238,0.11168131770882024,0.2964925261921355,0.3328334595998821,0.18526618936731296,0.5690074049962653,-0.0426436736048468,0.24448098741721241,0.3069204021763129,0.15195735714924766,0.36668105376259325,0.2636452650729849,0.4004120608244857,0.09295148918253825,0.13606212035835588,0.30971701301677096,0.18970814562416016,0.2578233736542086,0.2012204281298618,0.36883056655611074,0.12706622689062527,0.18725498190182546,0.34916206619105805,0.18368905131308447,-0.10455578938338182,-0.11713803103581269,0.053734948902695846,0.07268909539620735,-0.03581616787994106,-0.02855600107449331,-0.0820351954578919,0.02181420768287213,-0.16563800486487504,-0.10463878356557751,-0.08241973031449096,0.26174558817975047
0.11274296493519707,0.10579086651415387,0.2752293625900882,0.5781037806568603,0.20531156749901602,0.4194741676809023,0.2563280661690241,0.3335103459687778,0.2529888892812802,0.3080188181469806,0.29485104534476453,0.33056418868950777,0.31565986105212096,0.5779405503947552,0.28811635272070096,0.4310211295732261,0.35676379630064003,0.2921919493200906,0.32482896031527536,0.28543675670645635,0.1913370091014004,0.360957731748954,0.2750139838774206,0.27230372466302266,0.12943682798019812,0.37345274729142813,0.31053395159070274,0.1402308743569668,0.4041997635293542,0.020140222031920466,0.25525005058845235,0.5136792896355433,0.1466761054859081,0.22023416651626165,0.16418627967949806,0.32532926479913155,0.12458188991727853,0.25053692497967656,0.12515826632947666,0.18063288055234403,0.20560215151883565,0.1733587195048236,0.3660634817560132,0.10705619394413038,0.22987962852790136,0.31884204577137,0.2248438108301355,-0.04792767286155809,0.14153962675372594,0.03328796635932047,0.020877640636287085,0.025196631127311984,0.019909964115408622,-0.049459702444626684,-0.11812681147123687,-0.11732782985226216,0.034311109653267495,0.11629761658544156,0.11153103372623949
0.09382982688503679,0.27560911889372786,0.3111960048074196,0.37311050569514764,0.16049909933450499,0.4222387606716527,0.19407685081642834,0.22854876075843436,0.27712898350786647,0.30032444738175335,0.36275401366852433,0.35011879466128243,0.24798411123795341,0.28811635272070096,0.5986531390663413,0.3236776742948252,0.3758538099469737,0.31151213621434765,0.3394683332578208,0.3133168190608317,0.23107068699603736,0.284907463044531,0.3244919955594879,0.3056702944352202,0.13490200583943693,0.3476669433778653,0.2550916337602734,0.21471232732719606,0.45433010113885947,-0.04753545013375207,0.25332325589210175,0.29024769340034173,0.10187895089351903,0.2727448655625428,0.21795413661232635,0.34206791335528663,0.10084221628125598,0.21615253715560284,0.1504315136604379,0.15065611035122722,0.2553010803592328,0.21738820553785856,0.36050671435532733,0.0973152315560955,0.2817237655958625,0.26844478765744967,0.1585832913067618,-0.05316770770962184,-0.20093902077728462,0.1802649867716199,0.00279444520886414,0.2512262925532866,-0.24746322660754758,-0.03769601233944288,-0.009799067239465114,0.027751236494115237,-0.027085145971390067,0.025202024113543074,0.019385516084267303
0.0964865030311616,0.13004535617017005,0.27424015112207345,0.6180114650785636,0.21598943407257004,0.44703138123750885,0.30233315145944756,0.2930683343787295,0.22990241339327666,0.34321408302924344,0.36424263618671576,0.43542409967395324,0.37257668017523826,0.4310211295732261,0.3236776742948252,0.6478163435304604,0.4631809893295617,0.34996224631783573,0.35242697040157434,0.3100051116665292,0.23453069394415177,0.4254192021116358,0.2895893489179437,0.27722251808651727,0.14441953643647426,0.28322014638237203,0.3633646199195351,0.20007340311213,0.4861075103246788,-0.01403785568665741,0.2880789036833546,0.3909351294464538,0.14866670161243914,0.30570224465774387,0.29061310035955795,0.3434030811009905,0.18146366111231274,0.27111824059041884,0.2538609893631889,0.2567442637061466,0.22864644755464497,0.21843593508843032,0.49665929653894353,0.12595234981793413,0.24189444545576685,0.32777070187751894,0.21800852216232475,-0.06784892884564608,0.08641829351354118,-0.01949751694609106,0.03951459363903151,0.0790368668748802,-4.741304518928839e-5,-0.11154178066740227,-0.10793114249069775,-0.07073171152646111,-0.12574448080712272,0.13715010544434764,0.1462639751538646
0.0763497543051206,0.19409008679243003,0.3280953949788826,0.5657150488765402,0.15403855709456477,0.5240480367359771,0.29905837344589264,0.39155393427927204,0.20705215623514345,0.36173065269354143,0.41117477505129724,0.41918222516091364,0.358322077450446,0.35676379630064003,0.3758538099469737,0.4631809893295617,1.0515906528666816,0.37965681019012104,0.38124210056402835,0.5203315601593669,0.2891548012404528,0.3809484405678045,0.23348221312917794,0.23757965032491576,0.35957377998517326,0.1990410099999979,0.3556248804944364,0.2692926097794523,0.6273647587357517,-0.08999931468727372,0.3439654134207166,0.3103033771152108,0.1900146800080371,0.39664110292045085,0.3804754456307221,0.28034559481514854,0.4243660032347869,0.46315864341514407,0.4362243378857978,0.31865830441586823,0.21304477256906923,0.2590212663639053,0.7070410030241453,0.14762623786744952,0.4857234719872836,0.3378005457558036,0.216001372993374,0.009240604068283283,0.006865722567015968,0.13088591643750572,0.06186089717414879,0.13746849782839493,0.027768503574107522,-0.15588925280750504,-0.09271401621092445,-0.15024307339723833,-0.044421356176234064,0.2129840095598779,0.08927141474951744
0.11089546890695254,0.017720599282305686,0.4267033378102628,0.6334534785556022,0.15803208949712588,0.3586363834745129,0.2648507852280994,0.19349102987274183,0.2806007664722946,0.3549004809584823,0.34210313513428664,0.5212464643838096,0.3332957194329507,0.2921919493200906,0.31151213621434765,0.34996224631783573,0.37965681019012104,1.3499118405929333,0.3516301531858523,-0.1422245891311067,0.1823108644662551,0.43744758980171966,0.540345499313948,0.10034999022887968,0.21357460044715992,0.5188681380941479,0.23604486469282188,0.30100282856826516,0.3630544665013422,-0.00918714667458328,0.4769618455809721,0.23702210383413322,0.3677717832134814,0.3532770429630601,0.21172295165214935,0.6824027231564945,0.14950257729612387,0.1909138992441223,-0.013356294499547606,0.10967281593220338,0.359572408593495,0.12440858582010311,0.5508706787609167,0.11188984984041078,0.4736290201639975,0.42799059517219357,0.6449281838296103,-0.19872712292529657,-0.7590835556328259,-0.14599330140754688,0.21426010360054454,0.2798003004721885,-0.12526471362356717,-0.13826195281146908,-0.02156019215241463,0.04481245789198475,-0.2139419283652022,0.10582079400209926,-0.00011152087466219548
0.14097069111931576,0.16270711539008226,0.1595203636808865,0.39250425107926534,0.7423181485388713,0.6829466791074582,0.2617649270384551,0.4974221502945283,0.2564563643940665,0.355180515046503,0.35372206822057894,0.4165926571990062,0.3798028893743392,0.32482896031527536,0.3394683332578208,0.35242697040157434,0.38124210056402835,0.3516301531858523,1.048638749936276,0.47925075868913525,0.2536885179689795,0.3334457083406873,0.26853565350486974,0.2961355991135969,0.07071103656774405,0.3744547189459967,0.33246822550293736,0.19096409964385713,0.4840571731941518,-0.19149723566846683,0.27681180446850157,0.3508942929850942,0.06498726451436117,0.4075669756500141,0.12284944496455241,0.3201589229504077,-0.02659036388744008,0.33194215861892795,0.21434715316248834,0.32527193432521084,0.15170714476345018,0.2135330158166078,0.44495384721717735,0.09166148852432571,0.3583662529454491,0.3146860859040038,0.09646557409981064,-0.07078605417262339,-0.28148028965656924,0.06446387570054062,0.3317740038386211,0.428347882235512,-0.432367446112894,-0.15000088719494764,-0.03426819366665315,-0.02631143668973519,0.013577440176055115,0.09386927018005982,-0.030296800502593986
0.0568942541332157,0.20303445097161188,0.16975268390768647,0.2901746011042861,0.2818683349610065,0.6228782141901988,0.19432621148964993,0.5894578784388228,0.13239968653785658,0.3984159414977512,0.3637061291018791,0.2169760591403539,0.31299225473144765,0.28543675670645635,0.3133168190608317,0.3100051116665292,0.5203315601593669,-0.1422245891311067,0.47925075868913525,1.7520737559992883,0.13769216346342478,0.16103813031888264,0.09878414498975341,0.4091429599783859,-0.10318718973528285,0.34231076011009576,0.46910021880685104,0.27932354384835667,0.959673379983284,0.12616978786017435,0.3113225602993759,0.3126701247608924,0.10572872882603086,0.6596033979112719,0.5236672290562704,0.27255919842650406,0.45291509442539213,0.4846579302592623,0.4760332921361126,0.5476533044392333,0.2510722853178226,0.09100208854661013,1.123070368790752,0.09223051244098714,0.7822998814902392,0.2921055497037762,-0.03872323966284368,0.14203486750196426,0.09663139134707281,0.14635389737768154,-0.027403345470274537,0.015234093837042216,0.06181994436951964,-0.10851672325211466,0.007022776572336186,-0.1171888555063925,-0.07885416201392274,0.22448262195710791,0.047521105027220206
0.10733677159100949,0.3096958036235464,0.2887381712077441,0.20990270111385073,0.1129851331398534,0.3614015329950204,0.212466155499934,0.20242943399925403,0.1888035011905647,0.22368256034568057,0.2591152427503966,0.2782750941067644,0.21928045383773595,0.1913370091014004,0.23107068699603736,0.23453069394415177,0.2891548012404528,0.1823108644662551,0.2536885179689795,0.13769216346342478,1.0735616839984967,0.2546028915264272,-0.015128936085155786,0.06051456317752006,0.4461914607961106,0.16144918317235693,0.1815204186347998,0.3520622570312633,0.353967070751131,-0.10206830184034593,0.177620384800646,0.19847864025256814,0.17351023029768178,0.29897287862139105,0.44941507907020006,-0.030594078221319813,0.09640986278481871,0.42107058041445516,0.34885047350205317,0.11691129550593879,0.11037613030401777,1.0009158831667802,0.5639504412227626,0.12968439054482916,1.0455834382651186,0.1413967123512696,0.10614260757216501,0.13100488448206954,-0.5304937531064766,0.028829620946864053,0.0885189408394251,-0.05595164600961004,-0.13234493806804165,-0.004803592437227026,-0.029950150007669474,-0.049985938022129986,0.012128506672387702,0.1450167585867029,-0.07663584339432006
0.11966200033662304,0.1493428611212695,0.4317121622490353,0.5502877192272769,0.19630353960448296,0.42552629297724637,0.31272251206019724,0.2877207980052707,0.4269150212194089,0.35613270729177043,0.3418666662846338,0.38931974491780913,0.39728849439026154,0.360957731748954,0.284907463044531,0.4254192021116358,0.3809484405678045,0.43744758980171966,0.3334457083406873,0.16103813031888264,0.2546028915264272,0.8125322667902044,0.4103811574378736,0.2796796232092546,0.0435980580098866,0.28406758729224246,0.29787156211612487,0.15439944666830172,0.5024918972175574,0.006098230391792615,0.319048454160395,0.36700471749133323,0.17643249673096845,0.3247106341111447,0.18390924524735916,0.4923260068324757,0.05778624257105003,0.29840713644276073,0.2906854424599268,0.14462487707584917,0.24282864819025826,0.2440009573897365,0.3556011671729962,0.14049294094989806,0.1637347095649444,0.42903753686672613,0.26470663144042544,-0.2693129489542008,0.362337331670022,-0.04203617942086101,0.056548709212499354,0.01906171298639698,0.010371656990775323,-0.10873661280479019,-0.04268598967491151,-0.020064488865832626,-0.062096060113808936,0.02106793035876493,0.08210868225355561
0.09565880622970756,-0.2787967614962267,0.38093766908852295,0.6033354664041389,0.22278153772909118,0.24559861549891024,0.2852168619496009,0.1391390455716544,0.33196954955204994,0.292945537809277,0.30096743608350024,0.38528254647092397,0.29739267973440536,0.2750139838774206,0.3244919955594879,0.2895893489179437,0.23348221312917794,0.540345499313948,0.26853565350486974,0.09878414498975341,-0.015128936085155786,0.4103811574378736,1.4752025018611237,0.596126447891186,0.15296810480933795,0.27414969720355015,0.19522503041457726,-0.08255205728257173,0.5822547668321412,-0.01712278837525644,0.0900536836729019,0.2371916677995041,0.07035620080607545,0.369129998318488,-0.1458612753918705,0.8882765119793271,-0.30384607326616914,0.06442105527187143,0.06690391716278138,0.18148408992272352,0.4145439178737861,-0.02741096716503981,0.33443947415073233,0.23057897296747115,-0.23181291590517378,0.45559922180216383,0.2302314076153856,-0.32880256028732774,-1.0778477385800167,-0.02903154911178635,0.10894822082017132,0.10164495047869138,-0.030294501380856407,-0.0915596515209253,0.1572415133983741,0.05216545891494427,-0.2214719325965757,-0.18609021888490165,0.19027082147341204
0.07179708434107965,-0.005080612394291953,0.2728374717622074,0.40854923056936016,0.18449749129434256,0.3660624221481259,0.23218742507932044,0.23422949800900056,0.27259241071055534,0.3021524683310306,0.30066203238250355,0.2757743868273108,0.277315693869238,0.27230372466302266,0.3056702944352202,0.27722251808651727,0.23757965032491576,0.10034999022887968,0.2961355991135969,0.4091429599783859,0.06051456317752006,0.2796796232092546,0.596126447891186,1.4289481595034095,0.29495874997348254,0.2623079515267129,0.2473220939117581,0.12905536608966592,0.3635052591060878,0.38122334084505055,0.5059406217313723,0.2705752824550308,0.08159967349083136,0.37290631943855296,0.2303705072889196,0.6622390408976635,0.045534583486173834,0.17376888408772528,0.22248669972631863,0.08129241089715174,0.4264205815108357,0.06267414050867688,0.16016601518508308,0.14781434680339198,0.12674071406545798,0.42256304647492643,0.2845898928512742,-0.12475364910057585,-0.5208686792663876,0.11254715112434269,-0.0070545796728310375,0.024030083788931907,-0.03141547356668338,-0.11081207183080378,0.3516874973722827,0.06441086877967597,0.06221224918513425,-0.6202275723944334,0.3382524687526206
0.11978097111159355,0.1373626817222253,0.2210373155610796,0.16546222950892187,-0.002434680301577089,0.1851240021904749,0.15603666107560532,0.06721013434442848,0.08263358760696152,0.12058512368319979,0.1758383160996376,0.2234010593916935,0.11168131770882024,0.12943682798019812,0.13490200583943693,0.14441953643647426,0.35957377998517326,0.21357460044715992,0.07071103656774405,-0.10318718973528285,0.4461914607961106,0.0435980580098866,0.15296810480933795,0.29495874997348254,3.4985448140149407,-0.2752109600431639,0.07836837557523933,0.16341391022035776,0.39177167452389206,0.5342362395967757,0.17712012223543228,0.12579903833841666,0.17768152854361008,0.7433063014802136,0.426280334677042,-0.030643018722907586,0.5726726290024053,0.6691314377037426,0.9436932692216868,-0.08937020302358241,0.018510852127964494,0.4744295874419747,0.6314801537358904,0.18180233619507463,0.7292687356017215,0.4328379531179047,0.44560202649542097,0.13325284761004372,-0.7497446317815202,-0.2360150138026805,-0.010247829853011333,-0.1531326167936499,0.29687267735720624,-0.13573705185330026,0.24482233490687996,-0.03756008747405643,0.287445444776128,-0.24674467998498475,-0.10655724516274633
0.07454627593771708,0.20345562637290662,0.3822070459085772,0.5577040365189762,0.24798521486374392,0.5004231667600365,0.2586667113696733,0.43528854372546,0.3066347686183619,0.3665250620512418,0.33700626444771614,0.3831483577538332,0.2964925261921355,0.37345274729142813,0.3476669433778653,0.28322014638237203,0.1990410099999979,0.5188681380941479,0.3744547189459967,0.34231076011009576,0.16144918317235693,0.28406758729224246,0.27414969720355015,0.2623079515267129,-0.2752109600431639,2.006555394416569,0.26874656318912815,0.2596824959384333,0.04355947323664643,-0.04656517548599747,0.3757310756796337,0.4023215139507344,0.2659730544698057,0.504330901696351,0.19392246587549453,0.5225270777442734,-0.1050505689993944,0.26275244212168775,-0.8524720735982093,0.07868786630667113,0.5177041442591058,0.1417641407845158,0.6609863547144984,0.06609037357431813,0.45742131565707433,0.3350856837756081,0.2370988093464474,0.010309900176060956,-0.1954177112313546,0.4555016938982366,-0.10070602763923396,0.09258622478843177,-0.3832835911644662,-0.1206651590155998,-0.09117523327289165,0.08174923033897671,-0.17373176253983336,0.27684802889742793,-0.05078835220131444
0.07976357968662193,0.14154987200357527,0.2434397878358153,0.45441635074810144,0.1859306938864683,0.4246134044576006,0.2394638396239655,0.29916261380362746,0.2052266852942267,0.3153212699910994,0.30915009858067205,0.3691772586857515,0.3328334595998821,0.31053395159070274,0.2550916337602734,0.3633646199195351,0.3556248804944364,0.23604486469282188,0.33246822550293736,0.46910021880685104,0.1815204186347998,0.29787156211612487,0.19522503041457726,0.2473220939117581,0.07836837557523933,0.26874656318912815,0.5881854655831122,0.2085702762180583,0.42958201961576736,0.009733402115165017,0.26382587451489775,0.37860989385773014,0.18286972531459414,0.28399468913350623,0.23722756833700168,0.317293995345069,0.207559394580308,0.23196850312469122,0.22735728567213853,0.23761349637626394,0.22369002943280497,0.16338516612359824,0.45773664987317436,0.0974355345617519,0.27333783246924925,0.33666945372536944,0.14508761905441234,-0.030801076316992058,-0.09385566299203521,0.06489086022716903,0.035327441669874705,0.07360271001873013,-0.056473882760451594,-0.08934647450352025,-0.03827443777540329,-0.058190057882520276,-0.07993448947457923,0.07637580777353313,0.08780085938238734
0.02697243437337989,0.2521252771375225,0.13764972363373215,0.09746441675666578,-0.04760203343764241,0.2572879153759928,0.07634926793956627,0.13655283762018028,0.09621781652974117,0.19627969124274627,0.181965781150857,0.18159892910591618,0.18526618936731296,0.1402308743569668,0.21471232732719606,0.20007340311213,0.2692926097794523,0.30100282856826516,0.19096409964385713,0.27932354384835667,0.3520622570312633,0.15439944666830172,-0.08255205728257173,0.12905536608966592,0.16341391022035776,0.2596824959384333,0.2085702762180583,0.9708975172496039,0.24511162326938427,0.26683663155313025,0.3464228739215028,0.16697146735077292,0.4967236404498228,0.17181208996166358,0.7380272905316649,0.29513945569184985,0.47168631360559715,0.2381437878494341,0.1550664185059459,0.17567412972564148,0.36093640487500744,0.35214053325339495,0.5168709514065517,0.14437177023291609,0.7127708680855841,0.1412790306739933,0.31170637825479214,0.171512694493202,-0.20163892679739964,0.18059282992081047,0.011236975007156697,0.4468193921337156,-0.7040951153223478,0.05055193602117674,-0.02662783238699035,-0.02789775214487246,-0.11901976494316392,0.0312740906585086,0.11100789790459446
0.16328026921753178,0.3128581700694103,0.5312758126624761,0.44960703731319224,0.27023473314354385,0.7034829221830029,0.3119662679152792,0.565763883404436,0.3000890302483469,0.5441798313247977,0.5354147583459125,0.40101493378227826,0.5690074049962653,0.4041997635293542,0.45433010113885947,0.4861075103246788,0.6273647587357517,0.3630544665013422,0.4840571731941518,0.959673379983284,0.353967070751131,0.5024918972175574,0.5822547668321412,0.3635052591060878,0.39177167452389206,0.04355947323664643,0.42958201961576736,0.24511162326938427,3.1673459465096863,-0.5003651926908806,0.0570499302697709,0.4070527170627588,-0.20745383457564107,0.7027904415803684,0.6859895972712499,0.7192781060182035,-0.4740019852093835,-0.16915204110224286,0.6515686104573689,0.47806500116180106,1.019575771485734,0.3262001078323848,1.0424458542408377,0.07162631633583764,0.730648453178311,0.5272192865064298,-0.13034804710964235,-0.4182578122909258,-0.9886101936014607,0.2122019658400133,0.06462437024772665,-0.26161454601972217,-0.18604084679132965,0.10701974677820704,0.0435988874422471,-0.2552291599803209,-0.2769861203903187,0.189498981353978,0.2634695519632707
-0.06979824478078969,-0.138821529504303,-0.7580140164676552,-0.27075527671255323,-0.005991435452206556,-0.06100374125028346,-0.1330367153492139,-0.12962426922777331,-0.04083427910016334,0.0328241841858065,-0.03750664046390333,-0.059012898430805955,-0.0426436736048468,0.020140222031920466,-0.04753545013375207,-0.01403785568665741,-0.08999931468727372,-0.00918714667458328,-0.19149723566846683,0.12616978786017435,-0.10206830184034593,0.006098230391792615,-0.01712278837525644,0.38122334084505055,0.5342362395967757,-0.04656517548599747,0.009733402115165017,0.26683663155313025,-0.5003651926908806,3.873098210005386,0.4210847426916809,-0.08018631014767706,0.5329217396523406,0.13084451812650147,0.5329527008528582,0.9561774737470791,0.9012487889190268,0.3206171024825706,0.5619800550848678,-0.059492541158354534,0.5003926262396615,-0.11011266273087518,0.4648921393446518,0.043491021356184434,0.5697132898646793,0.5334081945945984,1.9129439758249602,0.08475106450977964,-0.7087588900723677,0.04219673065123912,-0.32779470966846563,-0.8944627284388263,0.8218279688640707,-0.0353114564121355,0.22943455245359076,0.13632418111683126,-0.08735285304731623,-0.2524728725467514,0.06608061448103408
0.0918280748827917,0.14564635216057684,0.2685681169835858,0.36186111829862594,0.11981554371915165,0.3471045076399909,0.20200047271341395,0.22835602979486888,0.23313953504476032,0.29072191372201506,0.2791644554799842,0.3177190581997098,0.24448098741721241,0.25525005058845235,0.25332325589210175,0.2880789036833546,0.3439654134207166,0.4769618455809721,0.27681180446850157,0.3113225602993759,0.177620384800646,0.319048454160395,0.0900536836729019,0.5059406217313723,0.17712012223543228,0.3757310756796337,0.26382587451489775,0.3464228739215028,0.0570499302697709,0.4210847426916809,1.2757346026426974,0.2320707579635466,0.28477642838816375,0.20305630305306505,0.4123272838651092,0.6772266676823958,0.4881457986378261,0.3300514345346844,0.16616963711647145,0.07682565110634729,0.3609916333992521,0.1498018197864736,0.25146122819304595,0.08144924219332587,0.5199831474532614,0.447933202557073,0.5043215526184599,-0.036894144684451464,-0.35057338897722945,0.054787357717691935,0.003390372315124152,0.12106511169582693,-0.011451313086423642,-0.1384951811931255,0.1715385280440399,0.05617006447712864,0.16650237972405527,-0.31279057824962764,0.03486842066117117
0.11204546151609539,0.14856490471922978,0.30094525267242916,0.582893855076011,0.19118369197660123,0.44374592636524374,0.25433781007320444,0.3340576074886606,0.26298095439313623,0.3071237351118167,0.2841369072652753,0.32565235150693445,0.3069204021763129,0.5136792896355433,0.29024769340034173,0.3909351294464538,0.3103033771152108,0.23702210383413322,0.3508942929850942,0.3126701247608924,0.19847864025256814,0.36700471749133323,0.2371916677995041,0.2705752824550308,0.12579903833841666,0.4023215139507344,0.37860989385773014,0.16697146735077292,0.4070527170627588,-0.08018631014767706,0.2320707579635466,0.9911382851823501,0.16018986184730394,0.05840332587613498,-0.0051301098158778,0.273008410225558,0.06366530857143685,0.2851610348563646,0.03954885667837806,0.18657071846559914,0.11259126009451675,0.17873264052519225,0.30995177376444605,0.07954570725868942,0.250211244544314,0.3495708353451738,0.12747823226689511,-0.049893922724098046,0.21941681399065943,0.1555505565034186,0.07868849988678966,0.1798942240150434,-0.3713620690572963,-0.006294613517635641,-0.11399875394728093,-0.11818257913475018,0.03238713941807365,0.11994445351576256,0.07810586700391971
0.030789388748190344,0.042065352859376,0.1627656828861902,0.27581807895753674,0.06635291787670074,0.07716016315262701,0.09230404673916191,0.044157140459990606,0.11933761899912002,0.12945785251441594,0.11208758070094796,0.18341648058895493,0.15195735714924766,0.1466761054859081,0.10187895089351903,0.14866670161243914,0.1900146800080371,0.3677717832134814,0.06498726451436117,0.10572872882603086,0.17351023029768178,0.17643249673096845,0.07035620080607545,0.08159967349083136,0.17768152854361008,0.2659730544698057,0.18286972531459414,0.4967236404498228,-0.20745383457564107,0.5329217396523406,0.28477642838816375,0.16018986184730394,1.310331867790092,0.18571128272736614,-0.07991400647866143,0.22018170830885758,0.8279749967933534,0.3555632108433512,0.10233271931098117,-0.09770353292644911,-0.03944542988850262,0.18556109447328958,0.3985862943204367,0.18704516555506073,0.4316896749969278,0.19035654115165063,0.5727353484050128,0.23277045648519779,-0.16562864970803595,0.05584165068484094,-0.12320419690505852,-0.0306272695847649,0.08457522117451025,-0.13037482896604466,-0.025478646098589196,-0.12467725993530218,-0.21407935476594916,0.10141340762006935,0.17062045429683864
0.02386070447847872,0.05782960982823803,0.3061474367813526,0.3545719544498246,0.4170373741663326,0.43949475992624953,0.26887771463103705,0.42147910921798176,0.1639949032252559,0.4429418969917855,0.3808749013391974,0.3484822682742695,0.36668105376259325,0.22023416651626165,0.2727448655625428,0.30570224465774387,0.39664110292045085,0.3532770429630601,0.4075669756500141,0.6596033979112719,0.29897287862139105,0.3247106341111447,0.369129998318488,0.37290631943855296,0.7433063014802136,0.504330901696351,0.28399468913350623,0.17181208996166358,0.7027904415803684,0.13084451812650147,0.20305630305306505,0.05840332587613498,0.18571128272736614,2.91559960833962,0.6527279906078665,0.31737006004623297,0.5054398485752931,0.2411474467591296,0.3330835754731118,-0.20091538029718065,0.32762545892820205,0.2783766245675561,1.2285325282230382,0.1583018261535321,0.8124088189726988,0.0930290204681752,0.2553252699629259,0.10760390640859163,0.4399297556131218,-0.02913546886686373,-0.034477879321706456,-0.21648873194596077,0.22707367800470218,-0.11218557266873497,0.06699917288812311,-0.07688840531667995,-0.21607747438937705,0.11722436728476573,0.13042083393831178
