1.282838043221988,0.46148334301546146,0.3691644701097346,-0.011577844980667298,0.07096391642141812,0.07309965068396757,0.3131787139301791,0.036675851812475166,0.15084568832224843,0.17474073876682994,0.140195597929433,0.19397280865565933,0.12423672640112027,0.20353071211749943,0.18201412498016306,0.09650138284971808,0.12975294822569633,0.18236329275563942,-0.01730876772685022,0.12279885924162803,0.09482499403575007,0.17515656550930192,0.15817152418283073,-0.07214209106463916,0.11525998425977947,0.010397846240504438,0.13302811531177972,0.05199902548891344,0.1096019134544762,-0.1363435826289064,0.15035136922586156,0.16903306753590863,0.17135969713349994,-0.059090928791889104,-0.09653722600305252,0.015282565328680926,0.11604976164579675,0.13296269835610006,0.056734407780847665,0.009360206758837877,0.1870619196145338,0.06408873186564316,0.13542596823725314,0.022273134546065464,-0.0016095348115253696,0.1203306767654953,-0.03664936365512253,-0.06939819227864245,0.0330901624041573,0.13693529433622312,-0.01752205938035286,0.01986041290577345,-0.08912423163614486,-0.040633687717846666,0.3112590152419022,-0.07605470866263847,0.39404497706818775,0.05487561850502364,-0.5447153807955679
0.46148334301546146,2.7349379508294986,0.29510172686610514,-0.2405405809536934,0.022221058056486616,0.08234595287233558,0.21430903238764729,0.08241718539269588,0.13878727906406538,0.1540540889047294,0.18207083474028252,0.20384288538729894,0.07028050784318225,0.05209403709395275,0.3045606397431303,0.047549222257506,0.14693300800923523,0.2714065707906297,-0.022287570546385332,0.05692514180808268,0.043531412973505657,-0.05370317361344802,-0.2921216018048993,0.05477660587775494,0.06911145195319261,-0.11570560842293671,0.08171546773790295,0.07792656875696206,0.06263724675804709,0.02044342886089257,0.045654331182878156,0.08371166918009411,0.05486012926045675,-0.004631315110783395,-0.07564139451253843,0.16627720988690997,0.02076195210459605,0.06500152242408236,-0.03320204613774498,-0.048181328413024166,0.09731743131984405,-0.004718784724025322,0.045502015728020366,0.01197806681778086,0.024014234260670383,0.17802282797373425,-0.0071478578796306,-0.12340676434059066,0.053338020846905136,0.043601448619153244,0.17332131184899485,0.08606325210192473,-0.24753494873737827,-0.07086333525413269,-0.4253817008465894,0.01459699572705729,0.11602410626418588,0.34202278543198705,-0.13168139855528738
0.3691644701097346,0.29510172686610514,1.4718864539476175,0.05828436753785128,-0.15271509531117278,0.30437045025058523,0.19182518172155152,0.3582837807695493,0.2360169226826778,0.25024608433337514,0.2713392445915512,0.22392305719050493,0.1468244771379298,0.09737589582398379,0.25050155437592425,0.09627846080997782,0.3051133499457083,0.23843178660624487,0.07831665700201686,0.23345315248311688,0.1971355000808447,0.21079112423865162,0.15068788506674036,0.24718599175360467,0.23366879931293713,0.13278751454998688,0.15278260134890687,0.10297965556044508,0.33286702090123726,-0.41238178908889594,0.12470722890755867,0.11187040213380703,0.15254260220339538,0.17984980035003437,0.04237036385404484,0.2200663205579221,0.23152958776298374,0.16886421564261134,0.13421245821696381,-0.21571984857749574,0.1416709651445624,0.11634520489355672,0.15812688028524327,0.03455706313732286,0.25232435184904967,0.3993665154807436,0.2097781556234412,-0.17707986469256934,-0.08134007059089518,0.03282823959018588,0.0019397256028003472,0.11360611272788554,-0.0007072700486143799,-0.14836742972213768,0.04874650181465209,-0.040099907357222825,-0.06782672469337288,-0.176166006038093,0.12421506707949885
-0.011577844980667298,-0.2405405809536934,0.05828436753785128,1.0452639824862233,0.2865387106401761,0.0946479538458062,0.18454215749380748,0.05524572862632193,0.06798873574095007,0.11100835525066637,0.08983738159393063,0.15828661740214722,0.12215617560329987,0.2253272115310395,0.07925647603614334,0.18713732486401044,0.095119241055885,0.07732139678942436,0.08282386836695686,0.10788261871886962,0.10146240480431042,0.13409862685075755,0.13694684818221958,0.20875292497573136,0.11805287692989827,0.16445308741101444,0.08650841351123877,0.06327482229737112,0.15367719954931025,0.05019760380075108,-0.016547218626780383,0.1590515878733299,0.04488736263118809,0.1783077161912856,0.08341475631988038,0.13568670063239677,0.05168982864856816,0.07124677133462141,0.11001610076440009,0.04109240594435366,0.0074858476516366425,0.12983139742881375,0.10459255869603103,0.013488035173559643,0.13013788390136166,0.022583676370829104,0.04705737915054289,0.04524369625799613,-0.019864973646459207,0.035628769019293675,-0.039951851822481836,-0.05963213721658758,0.004131963198736813,0.0163105548007154,-0.02420568775969371,-0.0741625896004871,-0.15500952767271606,0.07541915815811229,0.09907192319023558
0.07096391642141812,0.022221058056486616,-0.15271509531117278,0.2865387106401761,1.0491531894804567,-0.023181261263286713,0.06823122756972412,-0.02429385298085621,0.061146136747521306,0.08779086038223172,0.05757043906844236,0.09400952021352167,0.12465537737792876,0.14463504831993898,0.14272184597727117,0.19227886310394451,0.018703543197636136,0.1281503356412812,0.21435772319929391,0.003913254355470217,0.045082369230301685,0.04747843491140786,0.11799157273781141,0.005087793864590947,0.04657718375414337,0.16756491114394667,0.04050108445291253,0.041986596961388324,0.13363295845327783,0.02611153364988762,0.0830047019363563,0.11951751760542213,0.05814042492473362,0.12168824663188542,0.05326534245286034,0.12282755297861465,0.029767984775550777,0.014002503476326282,0.1362454951842594,0.05698854374722203,-0.0490811128712798,0.1466486865098155,-0.042521796508583724,-0.0018990961316539161,-0.05648006952140224,-0.05435363911615231,-0.027958359033930024,0.12142922540049009,0.07049064299198213,0.21093120417086933,-0.11951941274391947,-0.09918460452608008,0.01989933813462595,0.02134860026239379,-0.03882062216856288,-0.0926408585485675,-0.10442674868686047,-0.014267299035220012,0.2689972780531728
0.07309965068396757,0.08234595287233558,0.30437045025058523,0.0946479538458062,-0.023181261263286713,0.6928937769412651,0.014467134155788229,0.26864047647381917,0.05302005443682639,0.1255831768095395,0.197491475123563,0.15569758809000855,0.1018716632385768,0.09933109167549939,0.15898742058703155,0.10507065545560165,0.21138053073976407,0.12981170780292298,0.18683751781532312,0.27320166634213255,0.1743513569711281,0.20645283597300407,0.023042194397700198,0.3854166722615149,0.17675038415269453,0.11983782629524334,0.11455212139403279,0.051173648192666114,0.092345387654693,-0.10079877318789944,0.04320838146377792,0.13096323519138342,0.10983144900393621,0.08142014726452283,-0.04195974078711911,0.0014952883993792558,0.1214162147673067,0.16076252486340223,0.1893014739219958,0.07790996651198329,0.13135704497424225,0.1351950048144542,0.29150022657914765,0.027837964437066594,0.2848597876520907,0.12048149099348653,0.3444697699215263,-0.039245601947589026,0.31084843773717086,0.1347954383555709,-0.1387498621979486,-0.09433650562411908,-0.06234383374711565,-0.01404010972927969,-0.00789342791049735,-0.03210552632119332,0.06267792118334255,0.07027326610157052,-0.11239498391923614
0.3131787139301791,0.21430903238764729,0.19182518172155152,0.18454215749380748,0.06823122756972412,0.014467134155788229,0.48389796293524673,0.003004122410077745,0.1737049426678805,0.10896689463420853,0.1506512165449649,0.25445748970500964,0.12225537320419413,0.07832512323301032,0.1268176634904283,0.13864484341753988,0.142913815265698,0.10261621906688753,-0.003205845960670317,0.11453765736225963,0.10217857779744409,0.16945331745322634,0.22699376833678514,0.24147169535338003,0.15217734953307288,0.06824691496152896,0.10747914078268188,0.05509838465860876,0.16667640817404888,0.03126783045015291,0.019664368713842816,0.1027479553962652,0.09730179351216639,0.13768317688092788,-0.06829955958503219,0.201016709805096,0.14623311959825244,0.08419002289386156,0.09748829232766223,-0.005576489290619991,0.040276630037364876,0.07743124453539336,0.057151741839844325,0.015203421302553075,0.01398091852003115,0.05319745938909053,-0.1363103593084956,0.06694364438592136,0.01608685932778219,0.05662546825630184,0.01706589444689074,0.038104049492533,-0.10468681826759252,-0.10006018907971413,0.10362300074682324,0.035721419999655606,0.08095872641151512,-0.009635844293919659,-0.20463212058635963
0.036675851812475166,0.08241718539269588,0.3582837807695493,0.05524572862632193,-0.02429385298085621,0.26864047647381917,0.003004122410077745,0.8132374995591335,-0.023936789574408233,0.19165706554460255,0.18609365089305946,0.035527830958214004,0.13011835120595508,0.12554967096798417,0.09773030949427527,0.07093560093098757,0.21565758831311538,0.22967435106434556,0.11702222675077256,0.1799647666495612,0.10486546126124842,0.10014527715179249,-0.05371649148944134,0.1484550739379382,0.180953541896279,0.134545985339,0.12532980848932398,0.03300863817866458,0.13297155124014318,-0.08237368721121414,0.0674188853190505,0.12387775834755878,0.02255961469432438,0.16326956275662272,0.12446228482408693,-0.010046659062819867,0.07486870108452963,0.1211622975151545,0.1671020681245432,0.02312015684657828,0.06587349130203118,0.05771023737152517,0.20910420815935324,0.01854635885273365,0.2559379768266121,0.1401660930226072,0.3524720289814861,-0.08138825216970087,0.21082335587089554,-0.051323664373041436,-0.08022006391618866,0.00727087331735569,0.09627434081595161,0.02926373997454971,-0.13749000942649972,-0.06061244220984136,0.04955859726323954,0.26462581806527125,-0.17048700250865972
0.15084568832224843,0.13878727906406538,0.2360169226826778,0.06798873574095007,0.061146136747521306,0.05302005443682639,0.1737049426678805,-0.023936789574408233,0.5956029099984216,0.04316201079775206,0.053598346398840764,0.09345263101759202,0.06374452551069575,0.11301497796932809,0.08310449087400007,0.046143757219122276,0.11054458536920911,0.08578478264628762,-0.08366509293577498,0.11348854719672938,0.09408391485771346,0.08674505883286471,0.1742022170784572,0.18494345991955344,0.0650540641956474,0.049470295665636606,0.06232292608818754,0.0528341709127884,0.0626695186919098,-0.013667166486053142,0.1276115127549536,0.060830954804928485,0.14588907741937396,0.05294667547229653,0.00017324627109943354,0.06330401450133936,0.136439998378521,0.08207859107625298,0.01123209809817661,-0.009099103931295557,0.061024449397913426,0.05791483257521437,0.09037130040060605,0.013935795576367116,0.06502155020398548,0.11049336473232473,0.022114331771146658,-0.0370059941356155,-0.08571005830717318,-0.05961510637530479,0.040918603048434546,-0.01267751543225669,0.11687095746801794,-0.04039316679654262,0.12640168436489382,0.10998122319820351,0.07122590527741594,-0.20117433647774702,-0.05649516275527457
0.17474073876682994,0.1540540889047294,0.25024608433337514,0.11100835525066637,0.08779086038223172,0.1255831768095395,0.10896689463420853,0.19165706554460255,0.04316201079775206,0.48171784571854165,0.11348085061942549,0.09166382741010456,0.1354986530937194,0.14849618040916415,0.13569878538984237,0.08987300291361991,0.16641614011816713,0.1996060327071316,0.027930469661952714,0.13460578556381772,0.08813518973637986,0.10430522506991462,0.06263604717887458,0.09705559983771421,0.11014344315180094,0.10824860903521824,0.10659888371448084,0.07524470963559574,0.17954411646353216,-0.0712507148366587,0.11677434217891691,0.12677416818203385,0.04092219314140852,0.16734617082814335,0.1560393211084449,0.01916649361018956,0.11796352490237094,0.09494802802231005,0.12518927321770446,0.03247884933675743,0.10288756498980386,0.0724379850141116,0.1391882833988575,0.016462809930436785,0.1280305400412786,0.08872323037782824,0.18212429090201881,-0.04850430332607618,0.14385960731318298,0.03057637590465176,-0.07411336390854213,-0.038418925790811985,0.07708757816485806,0.03109810183587976,0.07452148248514995,-0.015783892990640074,0.12954506803553542,-0.07836626314583292,-0.070658024454784
0.140195597929433,0.18207083474028252,0.2713392445915512,0.08983738159393063,0.05757043906844236,0.197491475123563,0.1506512165449649,0.18609365089305946,0.053598346398840764,0.11348085061942549,0.43678403873999255,0.25866817714384766,0.11877935323758326,0.08434647936726349,0.2344937777991778,0.13271745150513103,0.2252146789851775,0.16669938443405885,0.08584091798658604,0.20158600057088086,0.11676260328254853,0.09773701768248873,0.09666842953443432,0.15657608033263565,0.16555072491839387,0.1203390978841868,0.14090775514349765,0.08203958285196428,0.17074445704557248,-0.07027200128069991,0.10727305858144497,0.09465639078096522,0.08205882924575396,0.11492890919471832,0.09384619563920983,0.10762162062890679,0.11762121558291852,0.1160279989047317,0.14127902619773833,0.024225081513647943,0.07983788649859067,0.10643704250956668,0.13429486648420977,0.01451108031008124,0.11597762869991485,0.132561067371245,0.13375151631649798,0.041615600696034045,0.047622586640409685,0.059750801745045205,0.008707638099232707,0.051408608654825674,0.033519000503259545,-0.09719561538183577,-0.026198934037757988,-0.009879590257381735,-0.026264175467963218,0.07735244088163579,-0.05624547997061541
0.19397280865565933,0.20384288538729894,0.22392305719050493,0.15828661740214722,0.09400952021352167,0.15569758809000855,0.25445748970500964,0.035527830958214004,0.09345263101759202,0.09166382741010456,0.25866817714384766,0.5587684672909247,0.09135774991425749,0.09081285026896582,0.19633406919643576,0.16542458609802177,0.16740524233955045,0.02231093861830825,0.07470533866927775,0.16418625183852809,0.08882409587870146,0.09646474074949668,0.10676607484126957,0.16080320200571926,0.19650449672967538,0.09463153056323012,0.17811420345013895,0.028095061096658328,0.15167247236550324,-0.020745213366190965,-0.02306146101098531,0.13502323861635585,0.02912928074961038,0.12140513886404962,-0.06993829133463869,0.25067512842282635,0.08112633898641076,0.10612078132768066,0.0872488068810124,0.038264018446157,0.08375639226545044,0.10441552533412514,0.05283541593995883,0.013895852585348808,0.04980431223733718,0.0905223684987682,0.016549525535615565,0.0588204655657406,0.15992753509084792,0.02644099946753843,0.07643806776416741,0.0685374633213576,-0.1538280034340892,-0.08757829782718539,0.026829641783486173,0.04396675545280977,0.005941918311466557,0.02419249330455246,-0.12958213657420856
0.12423672640112027,0.07028050784318225,0.1468244771379298,0.12215617560329987,0.12465537737792876,0.1018716632385768,0.12225537320419413,0.13011835120595508,0.06374452551069575,0.1354986530937194,0.11877935323758326,0.09135774991425749,0.35625443271237744,0.12040641911653603,0.024057990818187307,0.14684707747022283,0.12937729096115705,0.1376080596057832,0.05921410656096122,0.09099781719150479,0.06827604051392887,0.2130772927977784,0.04214629015113503,0.06952582510493975,0.09993425423284039,0.1185635431507905,0.12009522062337195,0.0657902409827044,0.18653682302127653,-0.05890639196997028,0.002550404208105011,0.13166145321086134,0.029912213993447317,0.11525583429500938,0.12759186402188705,0.018041334559381218,0.04731954507525351,0.060015598449278715,0.12348259957680399,0.026965899536470123,0.05607688638148383,0.07839101103022447,0.10590992151903152,0.01451104357755863,0.04314979491540269,0.05072248274400321,0.09181776062616935,-0.01988734754807802,0.08432778453934063,0.04793790357298379,-0.05024048863494003,-0.05199041075022678,0.03144983258541317,0.012761640992658124,0.0028196013180913164,-0.054913417698861954,0.033127061581501555,0.027749323563248836,-0.0323024764590847
0.20353071211749943,0.05209403709395275,0.09737589582398379,0.2253272115310395,0.14463504831993898,0.09933109167549939,0.07832512323301032,0.12554967096798417,0.11301497796932809,0.14849618040916415,0.08434647936726349,0.09081285026896582,0.12040641911653603,0.5239078850942581,0.11657659663517594,0.18442126476712611,0.14079678882702726,0.14006211510303798,0.050786753678196205,0.11051043416839564,0.08012160428883901,0.12137841228560543,0.06850412455037078,0.03808095096162576,0.07642212293969258,0.13494365231518884,0.10113606340803528,0.102387411132608,0.1235215452886017,0.008509168005225123,0.10051537932576071,0.28267594611426844,0.08594641853658444,0.09790217492349708,0.14214763796409693,0.008046885025678489,-0.02574500214352406,0.10179978232793961,0.09920630959330137,0.06916494221946336,0.08293755727293417,0.12376693478401914,0.17264455909044127,0.016963204323540412,0.12341055382989302,0.10660013719564992,0.23699820154707082,-0.10332574602932071,0.21069120390675664,0.09563905308510381,-0.04369233208238034,-0.08504970559104555,0.022064602144186273,0.06347684224678371,-0.04837034639715342,-0.0724914132867047,0.08076043304122375,0.11676089981169725,-0.080580692667529
0.18201412498016306,0.3045606397431303,0.25050155437592425,0.07925647603614334,0.14272184597727117,0.15898742058703155,0.1268176634904283,0.09773030949427527,0.08310449087400007,0.13569878538984237,0.2344937777991778,0.19633406919643576,0.024057990818187307,0.11657659663517594,0.7517359827269854,0.047686212333648545,0.12210044148219293,0.2982784057164816,0.0984691078111578,0.11208441589083713,0.12983489556558336,-0.06410859322374918,0.1307444149095879,0.20515868708194437,0.16356149248961438,0.12509041939911703,0.08051495815776416,0.1536151609421292,0.19921346212305666,0.040796967793239144,0.14161011227747583,0.08589454450609835,0.11984578656645165,0.10418302718077259,0.10744543114425212,0.1475351687820892,0.14643909345117062,0.07344466645035261,0.13644218311387604,-0.0108457024871919,0.09079661570955705,0.10306976105892937,0.10105616639200002,0.0037819619326820517,0.1267285010022094,0.1592262630321376,0.15337299772227467,-0.02124307880250755,0.11114538165235044,0.1708288875357098,-0.04106989379054403,0.09371413718675131,-0.1034272206024334,-0.0531434718011211,0.005618606689336165,0.0587097675927932,0.0067259993945167785,-0.015207814405769265,-0.09720683780978902
0.09650138284971808,0.047549222257506,0.09627846080997782,0.18713732486401044,0.19227886310394451,0.10507065545560165,0.13864484341753988,0.07093560093098757,0.046143757219122276,0.08987300291361991,0.13271745150513103,0.16542458609802177,0.14684707747022283,0.18442126476712611,0.047686212333648545,0.8954420996235579,0.08015630252293005,0.13651238680136818,0.15422104545525242,0.16166466153725303,0.07563119941425511,0.17669048151192082,-0.13033630983237351,0.11695349239458006,0.14616658962629597,0.18770659615753993,0.20488795419841646,0.19096613638731752,0.21551711348763042,0.09676985365400313,-0.06485715861354967,0.18742754807679846,-0.04420354394880395,0.11509211171843228,0.30673001503575115,0.049039529007690597,0.039838826397431824,0.0862880613584318,0.19162335488396265,0.14108444557453267,0.1165823833409197,0.2568529828849631,0.21343305909797752,0.026995936980199437,0.22223392157539607,0.06870989954529215,0.14012223683628022,-0.05406027309961968,0.12025297354389537,0.10279371025356086,0.024349728287819974,0.004421100124022264,-0.12147030390043692,-0.004338723603487431,0.004801554935875533,-0.0430356359663731,-0.1196810499532264,0.061097644303110155,0.07467992563070872
0.12975294822569633,0.14693300800923523,0.3051133499457083,0.095119241055885,0.018703543197636136,0.21138053073976407,0.142913815265698,0.21565758831311538,0.11054458536920911,0.16641614011816713,0.2252146789851775,0.16740524233955045,0.12937729096115705,0.14079678882702726,0.12210044148219293,0.08015630252293005,0.827036893993886,0.17153809538202136,0.09724093157680977,0.2525375096708553,0.1043419105120558,0.29125122961753636,0.18289657857257907,0.10186657737951071,0.18397836897574424,0.11053239040045644,0.14497689492471222,0.12303477571235881,0.14300610316800835,-0.22233701489043126,0.1002754094852198,0.11042118555664616,0.12421545181979886,0.1440224576650849,0.13670613735015805,-0.055775517457480814,0.20511672053279945,0.1477275366109495,0.09909936941263138,0.03308574046899614,0.13072678529651632,0.09643904581318258,0.2286360574341873,0.014310768685516857,0.15390990536932406,0.08795249001142477,0.23497865528219503,0.009449927070468121,0.08709769878322826,0.01498413529124838,-0.06974962985622815,-0.054826925358243586,0.05636308815614986,-0.032894196335703,0.01705007457663634,-0.029593474469221465,0.001685636649643504,0.025717632416133406,-0.04230503472989081
0.18236329275563942,0.2714065707906297,0.23843178660624487,0.07732139678942436,0.1281503356412812,0.12981170780292298,0.10261621906688753,0.22967435106434556,0.08578478264628762,0.1996060327071316,0.16669938443405885,0.02231093861830825,0.1376080596057832,0.14006211510303798,0.2982784057164816,0.13651238680136818,0.17153809538202136,0.7653470587314388,0.09362622181375106,-0.049212038350736224,0.11578441776282059,0.11234533637752252,0.08275260314276392,0.17594876770199053,0.11490904963685422,0.0954070260631332,0.06656974551707528,0.15824506954762188,0.13828471190125535,-0.08483545491215996,0.15547673064941273,0.1077349351015596,0.12172946664048033,0.08530773191188547,0.18045274514542953,0.03602976521629617,0.005328581218554745,0.014974060416005082,0.14119735418085347,0.01863627171326602,-0.014496355521511321,0.014920413738819489,0.24259266626632367,-0.0017313683182597856,0.2230455241178034,0.1254861084263821,0.17658029794260213,-0.08644430198408506,-0.006945681611445829,0.05410119464192732,-0.022743753140231925,-0.0014757247321046576,-0.0030747724623549195,0.0067249576832770575,-0.07176434929922824,-0.06278353078901028,0.05600714763656773,0.1257973665885023,-0.11910084063105524
-0.01730876772685022,-0.022287570546385332,0.07831665700201686,0.08282386836695686,0.21435772319929391,0.18683751781532312,-0.003205845960670317,0.11702222675077256,-0.08366509293577498,0.027930469661952714,0.08584091798658604,0.07470533866927775,0.05921410656096122,0.050786753678196205,0.0984691078111578,0.15422104545525242,0.09724093157680977,0.09362622181375106,0.6067621808220888,-0.06763051143482722,0.08900529320721633,0.1415644863929656,0.004370092984214502,0.08920736690153201,0.0960035680272193,0.08633955215469678,0.026825111047465867,0.05923803789106341,0.17044632830144785,0.058368029525767716,0.025830382667392304,0.08236335536636553,0.04462563165054005,0.0755787708493692,-0.025872188964185583,0.16756960591057554,0.02582983359672606,0.011132071214179192,0.1459365038631578,0.026990095511525498,-0.047406386029575934,0.08288609500698012,0.018537784932768787,0.008240421361338783,0.06234355157695444,0.06110782825952768,0.039922297626260275,0.09326154905909234,0.06896962944804028,0.024066000106643507,0.10940979888734846,0.11260468773432498,-0.16094736014848685,-0.09081517162825269,-0.08734549923090529,-0.049123932000059656,-0.07576485906170786,0.09791819953446028,0.06747952148689954
0.12279885924162803,0.05692514180808268,0.23345315248311688,0.10788261871886962,0.003913254355470217,0.27320166634213255,0.11453765736225963,0.1799647666495612,0.11348854719672938,0.13460578556381772,0.20158600057088086,0.16418625183852809,0.09099781719150479,0.11051043416839564,0.11208441589083713,0.16166466153725303,0.2525375096708553,-0.049212038350736224,-0.06763051143482722,1.047316963316806,0.07900761364297507,0.08196258003236247,-0.029879407394219553,0.24204969502180362,0.14887885450313393,0.20615362403454107,0.2878737223347559,0.2598167239473267,-0.07843475017560433,0.3152909124362206,-0.005400298307415723,0.12499509965828591,0.21670279552084692,0.06479505829709252,0.29766262382701775,-0.0017536835482204931,0.49614192108901195,0.4324304115703911,0.1915029621374774,0.04482837035682565,0.3103050676015729,0.19654091115494665,0.3807511709964414,0.016576781091270417,0.4717959965908814,0.09688099446380469,0.17199161499387447,0.008056314532446176,0.3803012323796911,0.12955446320757283,-0.18752662105438103,-0.05833882524568753,0.0813710726256543,-0.01598667559502504,-0.005308805681309297,-0.022941712833851845,0.0489969739535352,-0.004230007786625947,-0.10512390905044547
0.09482499403575007,0.043531412973505657,0.1971355000808447,0.10146240480431042,0.045082369230301685,0.1743513569711281,0.10217857779744409,0.10486546126124842,0.09408391485771346,0.08813518973637986,0.11676260328254853,0.08882409587870146,0.06827604051392887,0.08012160428883901,0.12983489556558336,0.07563119941425511,0.1043419105120558,0.11578441776282059,0.08900529320721633,0.07900761364297507,0.4058254098297331,0.06577326755483352,0.1755451044037608,0.114059675518867,0.1051087511984243,0.10989752041301097,0.0702897986809942,0.16932865273890418,0.1883712893146483,-0.010160821932197764,0.33669300686531617,0.09625083263312226,0.19217898748623008,0.07349936512768027,0.1703161441671524,0.14352485496556505,0.08702199447128886,0.12531451961218543,0.25588631175076676,0.08353814016956633,0.15722587833217574,0.16496077967784964,0.16379160731520814,0.017323496487770044,0.3468321432871508,0.13649758843823562,0.191190998667916,-0.02252313326466942,0.15530689723408975,0.08068037894734299,-0.028093231457019873,-0.01169410444284405,-0.01116352857904365,-0.03865573288541434,0.008382308193349529,0.001818405942412602,-0.0698751257051331,0.03207362811173953,-0.04040501331968908
0.17515656550930192,-0.05370317361344802,0.21079112423865162,0.13409862685075755,0.04747843491140786,0.20645283597300407,0.16945331745322634,0.10014527715179249,0.08674505883286471,0.10430522506991462,0.09773701768248873,0.09646474074949668,0.2130772927977784,0.12137841228560543,-0.06410859322374918,0.17669048151192082,0.29125122961753636,0.11234533637752252,0.1415644863929656,0.08196258003236247,0.06577326755483352,1.223361799397672,0.5040368362349982,0.08469198991755378,0.2024491838362918,0.1629869969283855,0.14459729728571227,0.042657991936857986,0.24475110066266623,-0.3562754510285446,-0.10640746113372442,0.1686083971472708,0.04272782363966814,0.19185858676781106,0.09813362304850956,-0.2092599075654358,0.10093383800511663,0.03353807266204236,0.17902369516411143,0.08172932914811622,0.06047717080326422,0.16834862357388528,0.2878733367285669,0.03651918521360443,-0.008191154516711463,-0.03775554068870126,0.10119799371934658,0.13992693382196314,-0.0006636631528540924,0.0420269589758342,-0.027265737150500364,-0.06838624941520231,-0.0182915541994454,-0.0460523944608568,0.07573522757651928,-0.014024223244259984,-0.021999469774702317,0.016872066624091426,-0.09338862686758082
0.15817152418283073,-0.2921216018048993,0.15068788506674036,0.13694684818221958,0.11799157273781141,0.023042194397700198,0.22699376833678514,-0.05371649148944134,0.1742022170784572,0.06263604717887458,0.09666842953443432,0.10676607484126957,0.04214629015113503,0.06850412455037078,0.1307444149095879,-0.13033630983237351,0.18289657857257907,0.08275260314276392,0.004370092984214502,-0.029879407394219553,0.1755451044037608,0.5040368362349982,2.403129445640521,0.42239370146639327,0.32892303965998565,0.18559028820319112,0.023866303955465133,0.09526522535160571,0.43013524766685374,-0.23155512193148298,-0.008786758665505313,-0.00020978267231387476,0.3145970714431341,0.35156352717561923,-0.0069997391322324945,-0.06653747879158103,0.45928995982822346,-0.00685512480195337,0.3904122507746578,0.014723656798140056,0.04881145049313579,0.1121021320437353,0.21395483760092515,0.02950187602027901,-0.1656293961662178,-0.00036443893941654404,0.15635796849540207,0.4361691770159385,0.1858763294887902,0.15041727138442182,-0.017036502483640612,-0.02832972484161541,0.07324840819628269,-0.222524265710625,0.24565564251146432,0.09581493187226826,-0.021384434351445,-0.168625731053489,-0.08303632396001137
-0.07214209106463916,0.05477660587775494,0.24718599175360467,0.20875292497573136,0.005087793864590947,0.3854166722615149,0.24147169535338003,0.1484550739379382,0.18494345991955344,0.09705559983771421,0.15657608033263565,0.16080320200571926,0.06952582510493975,0.03808095096162576,0.20515868708194437,0.11695349239458006,0.10186657737951071,0.17594876770199053,0.08920736690153201,0.24204969502180362,0.114059675518867,0.08469198991755378,0.42239370146639327,1.8595989545811589,0.36245467409321125,0.21916542950904166,0.01477741393981205,0.18369588289083336,-0.18700242369497985,0.2967059599914957,-0.18655506797633964,0.004477919430863278,0.2061232666869422,-0.06568032690661871,0.20895324506140134,0.03178331468246738,0.0351422977749079,0.09138927969412892,0.11792416373587362,0.028192197201194612,-0.12866804266122406,0.17623650294761073,0.5624675420536642,0.0660753732375107,0.4298383071233757,0.181336105901269,0.20898877954378883,0.02464675767766547,0.32766587346889403,-0.17100519920826773,-0.01736811317411843,-0.05309821975212536,0.11204976594003306,-0.06906121713745794,-0.06287634363158957,0.10736268385367723,0.08797460466813979,-0.0883075216010578,-0.16442546198217753
0.11525998425977947,0.06911145195319261,0.23366879931293713,0.11805287692989827,0.04657718375414337,0.17675038415269453,0.15217734953307288,0.180953541896279,0.0650540641956474,0.11014344315180094,0.16555072491839387,0.19650449672967538,0.09993425423284039,0.07642212293969258,0.16356149248961438,0.14616658962629597,0.18397836897574424,0.11490904963685422,0.0960035680272193,0.14887885450313393,0.1051087511984243,0.2024491838362918,0.32892303965998565,0.36245467409321125,0.8028386472596908,0.12351722143290643,0.1427674401203998,0.044593387896056456,0.305541631352202,0.01621401233711488,-0.035425907520901995,0.07551688182089183,0.040790040629294005,0.19107985044768497,0.1257536937878341,0.14725046265953334,0.12955417939384287,0.10338115055235868,0.10931891077693225,0.03972433771846297,0.11615257513567785,0.09882567392458004,0.2265344878150332,0.03240497447645191,0.11375969289336722,0.194839466419104,0.15621176829121738,-0.0402863847251406,0.049692545915616934,-0.3473158963001699,-0.010618894200636065,0.15664560722990703,0.15475701124618152,-0.07070227496766629,0.014183036410929637,0.020377754785580366,-0.0039945627677218445,0.025436165446702,-0.08449061061699328
0.010397846240504438,-0.11570560842293671,0.13278751454998688,0.16445308741101444,0.16756491114394667,0.11983782629524334,0.06824691496152896,0.134545985339,0.049470295665636606,0.10824860903521824,0.1203390978841868,0.09463153056323012,0.1185635431507905,0.13494365231518884,0.12509041939911703,0.18770659615753993,0.11053239040045644,0.0954070260631332,0.08633955215469678,0.20615362403454107,0.10989752041301097,0.1629869969283855,0.18559028820319112,0.21916542950904166,0.12351722143290643,1.8688614242218746,0.10413497044580593,0.2777199594307142,0.0007787630558129743,-0.32972041725081896,0.0690657486027941,0.2529846984197403,-0.06593613707934115,0.17085440980565977,0.4659536515666629,-0.09021449125082111,-0.22432371258802394,0.10163411415331215,0.42543765862055355,0.25669432598491726,-0.5550248892276701,0.3789045759573064,0.06480973409518917,-0.10738316083570333,0.8854224458627633,-0.18616297168699114,0.2490226942862717,0.23723850032102167,0.3085342198899844,0.08067099331496816,-0.04751167179155281,0.010896870669049995,-0.1179047879453529,0.06338488083256218,-0.08700865979156691,0.013745945485992471,-0.10437207671375776,0.12894764219299795,-0.09875679715882621
0.13302811531177972,0.08171546773790295,0.15278260134890687,0.08650841351123877,0.04050108445291253,0.11455212139403279,0.10747914078268188,0.12532980848932398,0.06232292608818754,0.10659888371448084,0.14090775514349765,0.17811420345013895,0.12009522062337195,0.10113606340803528,0.08051495815776416,0.20488795419841646,0.14497689492471222,0.06656974551707528,0.026825111047465867,0.2878737223347559,0.0702897986809942,0.14459729728571227,0.023866303955465133,0.01477741393981205,0.1427674401203998,0.10413497044580593,0.7677595515303013,0.1614706406336393,0.09173563486169807,0.033524757771653556,-0.038749724342447306,0.17009016550115585,0.06356412501904876,0.07913190993083184,0.2099720132027928,0.18520169833034658,0.15835142651295636,0.1526469409707008,0.0955361430325242,0.08957751940879013,0.14015796348700338,0.12867575457718508,0.2627772326387104,0.025219586751864302,0.22101536214336256,0.011774437262870934,0.05435022803859042,0.024992485461562106,0.18942962396062774,0.019112150573377683,-0.07825263594559724,0.017822773298864628,-0.02179905188038179,0.04701597783121487,0.03126678385379149,-0.03503384141139724,0.04387031686606314,0.008688684260451617,-0.03015288114354423
0.05199902548891344,0.07792656875696206,0.10297965556044508,0.06327482229737112,0.041986596961388324,0.051173648192666114,0.05509838465860876,0.03300863817866458,0.0528341709127884,0.07524470963559574,0.08203958285196428,0.028095061096658328,0.0657902409827044,0.102387411132608,0.1536151609421292,0.19096613638731752,0.12303477571235881,0.15824506954762188,0.05923803789106341,0.2598167239473267,0.16932865273890418,0.042657991936857986,0.09526522535160571,0.18369588289083336,0.044593387896056456,0.2777199594307142,0.1614706406336393,1.2230353942215175,-0.06746133144647731,0.3189009984735986,0.30973310286211614,0.14353188076393053,0.639792722107891,-0.024659393164348,0.9524248563665377,-0.2509614039764823,0.30598481587558185,0.1140498060172915,0.20398837750701024,-0.054305387886893756,0.015683279090577092,0.3187098944613878,0.28871380497472504,0.03394192851826315,0.30999180703117707,0.1266153308175407,0.36152591709915544,0.031819983142201316,0.4280279838901487,0.23242484794795848,-0.06704592180382624,0.26313707298745875,-0.47624924643509664,0.025102983782474646,-0.05967980615033108,0.002293145903679779,0.017949240364788545,-0.037538409148248686,-0.04986560510945445
0.1096019134544762,0.06263724675804709,0.33286702090123726,0.15367719954931025,0.13363295845327783,0.092345387654693,0.16667640817404888,0.13297155124014318,0.0626695186919098,0.17954411646353216,0.17074445704557248,0.15167247236550324,0.18653682302127653,0.1235215452886017,0.19921346212305666,0.21551711348763042,0.14300610316800835,0.13828471190125535,0.17044632830144785,-0.07843475017560433,0.1883712893146483,0.24475110066266623,0.43013524766685374,-0.18700242369497985,0.305541631352202,0.0007787630558129743,0.09173563486169807,-0.06746133144647731,2.9664968730064847,-0.27505746764923933,-0.2778368549417249,0.15049082027789454,-0.1822799659344923,0.7127012336108148,0.008399007368353969,0.3926903237207793,0.6098068538007554,-0.05529213143180479,0.26010078216388705,-0.04901380404585295,0.23627572948199957,0.0050193501246673725,-0.28447546896731774,-0.061384061165889944,-0.24059506376331918,0.21665765290597275,0.2538231582885043,-0.2366719359831759,0.17508673722499826,0.09289596617751586,-0.00934177382135531,0.1372609555038323,-0.06098036914799702,-0.06681728714396154,0.08169504607593862,0.0008062723684491296,-0.11319777359974396,0.030081349807715548,0.04998334769083344
-0.1363435826289064,0.02044342886089257,-0.41238178908889594,0.05019760380075108,0.02611153364988762,-0.10079877318789944,0.03126783045015291,-0.08237368721121414,-0.013667166486053142,-0.0712507148366587,-0.07027200128069991,-0.020745213366190965,-0.05890639196997028,0.008509168005225123,0.040796967793239144,0.09676985365400313,-0.22233701489043126,-0.08483545491215996,0.058368029525767716,0.3152909124362206,-0.010160821932197764,-0.3562754510285446,-0.23155512193148298,0.2967059599914957,0.01621401233711488,-0.32972041725081896,0.033524757771653556,0.3189009984735986,-0.27505746764923933,3.4487820400743074,-0.3808001634749225,0.018324868462197996,0.4258724499259115,-0.1076770559993097,0.2706410947104302,1.0398260994936463,0.4964839169803082,0.2628660184531748,-0.03747944658394015,-0.35614862325097935,0.23839965470025193,-0.06833777621175885,0.024122311031477144,0.10408547094703563,0.02589918953596346,1.0130322866171921,0.5725877429592372,-0.6827317169251351,0.7130199397832158,-0.06634072745172398,0.06607652846003514,-0.17301231091005223,0.15086290513038061,-0.0851024543844825,-0.273568644384929,-0.03441382777326285,-0.0645130217584707,0.27766870658978277,-0.18049552717594897
0.15035136922586156,0.045654331182878156,0.12470722890755867,-0.016547218626780383,0.0830047019363563,0.04320838146377792,0.019664368713842816,0.0674188853190505,0.1276115127549536,0.11677434217891691,0.10727305858144497,-0.02306146101098531,0.002550404208105011,0.10051537932576071,0.14161011227747583,-0.06485715861354967,0.1002754094852198,0.15547673064941273,0.025830382667392304,-0.005400298307415723,0.33669300686531617,-0.10640746113372442,-0.008786758665505313,-0.18655506797633964,-0.035425907520901995,0.0690657486027941,-0.038749724342447306,0.30973310286211614,-0.2778368549417249,-0.3808001634749225,2.7932499021084536,0.07193889879328114,0.2422833522249232,0.03502117448620563,0.48923193956007044,0.20231955608143629,-0.6404020123254393,0.17076654508053202,0.12289310411397182,0.12891463383492213,-0.2532448373708019,0.13750109517709963,0.2071241214290404,0.12067934458080944,0.36074801349673774,0.1883259556166731,0.1038166597060054,-0.08400423240044533,-0.08338012402451529,0.101018887326701,0.0010314409833722085,0.2151537770730191,-0.05834304827525172,0.03742110575636868,0.18141470220574218,0.10706685651996661,0.12736146334565737,-0.1474648894674498,-0.08816044279476834
0.16903306753590863,0.08371166918009411,0.11187040213380703,0.1590515878733299,0.11951751760542213,0.13096323519138342,0.1027479553962652,0.12387775834755878,0.060830954804928485,0.12677416818203385,0.09465639078096522,0.13502323861635585,0.13166145321086134,0.28267594611426844,0.08589454450609835,0.18742754807679846,0.11042118555664616,0.1077349351015596,0.08236335536636553,0.12499509965828591,0.09625083263312226,0.1686083971472708,-0.00020978267231387476,0.004477919430863278,0.07551688182089183,0.2529846984197403,0.17009016550115585,0.14353188076393053,0.15049082027789454,0.018324868462197996,0.07193889879328114,0.6171725588269329,0.06911138476705338,0.20354043036719338,0.0961268472071383,0.06852211739953827,-0.14633517268044371,0.1425903556813805,0.15252782598056863,0.07426459882899619,0.022084056198562897,0.1710919992669295,0.12734152676589125,0.018371333317630995,0.17651941294436763,0.09157618845081625,0.19262329005006965,-0.09905027650458258,0.21562512015957888,0.10669258272329224,0.0095410194733147,0.007630510499211875,-0.2328482130821933,0.0730532956385866,-0.06291988401752009,-0.112311445004519,0.22709240219111546,0.04584169980431773,-0.15669633080079085
0.17135969713349994,0.05486012926045675,0.15254260220339538,0.04488736263118809,0.05814042492473362,0.10983144900393621,0.09730179351216639,0.02255961469432438,0.14588907741937396,0.04092219314140852,0.08205882924575396,0.02912928074961038,0.029912213993447317,0.08594641853658444,0.11984578656645165,-0.04420354394880395,0.12421545181979886,0.12172946664048033,0.04462563165054005,0.21670279552084692,0.19217898748623008,0.04272782363966814,0.3145970714431341,0.2061232666869422,0.040790040629294005,-0.06593613707934115,0.06356412501904876,0.639792722107891,-0.1822799659344923,0.4258724499259115,0.2422833522249232,0.06911138476705338,1.9321136308318276,-0.3611709471779956,-0.3340090565964744,-0.19886352881714633,0.7422578819385377,0.17357373879153587,-0.13317126389643402,-0.23558187803665964,0.11143222866739033,0.2947500662719391,0.2238346338627025,-0.009448666482314485,-0.24579685521045647,0.36745340810522303,0.37039190700526153,-0.06870154530503199,0.5645655423123288,-0.012549031011145502,-0.0782200644816982,-0.21644318030080012,0.2341056693457147,-0.1589971001948173,0.039443000718124996,-0.11256210116207614,0.009673599755587426,0.012374738097402273,0.008504968514907937
