1.1406561163782203,0.43889031782440796,0.40514236626063505,0.024261131768347828,0.11397497872640586,0.04975383789189507,0.27017947387356583,0.004169836901089802,0.1510147258997688,0.1531767016446025,0.1328413196473795,0.17082372731977263,0.11089897704268614,0.18716813223127723,0.1720826869133797,0.10276263322236114,0.1257643616460698,0.15293792799033598,-0.008844719308177483,0.1494872839574442,0.08990060514231211,0.17115580917170686,0.1445406282896815,-0.07877160589436288,0.10873771579326097,0.04410510641742193,0.12148574701979255,0.0577204414051479,0.08009145887831712,-0.1118022530186836,0.11744806657877531,0.14513715817304615,0.19728749103899731,-0.07430325549971094,-0.05765190535625212,0.05649139571654925,0.1067430452790501,0.14119550567617625,0.06813980715080638,-0.014920736034213032,0.17277627816961846,0.08963790115967905,0.14864638545494532,0.023275398987134398,0.05486795510173879,0.13579001302233656,-0.025911663828594583,-0.06610896417343856,0.0025276103946985005,0.09071779421433075,-0.03917870604767233,0.00634390824065853,0.024621503467968434,-0.03922427248125071,0.1410861194158033,-0.07102088833829279,0.2398084621010959,0.03900894262531853,-0.3428128385900992
0.43889031782440796,2.715786660835771,0.29498963118753646,-0.20019411689810657,0.03477502250263947,0.06028661455630249,0.2018975139192391,0.07639899581055837,0.13714864262898008,0.16268319193776298,0.1718389260505289,0.1831882656832329,0.0736549460451233,0.05069182718211805,0.2813421934572216,0.041253990389514314,0.14515252058560132,0.2594054019918901,-0.026666518234753186,0.06905755420876486,0.0678397076443926,-0.03668167946167771,-0.2995215238203904,0.02497652983182282,0.07177493563183159,-0.11748006388474153,0.08453213699542425,0.07001514178146992,0.055466511659801626,0.019578690661715886,0.021142773587277924,0.07147364550349496,0.05874057060381895,-0.021343837843662703,-0.07918194408537646,0.15309203447629438,0.010314054659388106,0.07108184395438982,-0.0537285294141469,-0.04287587459360222,0.11137365611606094,0.0014973244981094998,0.05687708307847293,0.016348733883867556,0.0321288329983317,0.16985773631111092,-0.024139219490268534,-0.13362858085592472,0.043692518570189166,-0.009070181469115911,0.17654111827703084,0.10162306119923753,-0.18254924249244225,-0.038384851564030195,-0.45973455818115,-0.0014877314250263665,0.033415034974725,0.36143669487158836,0.005758384185099506
0.40514236626063505,0.29498963118753646,1.4627454233943937,0.028796714670956413,-0.18058866169669527,0.3161806355685988,0.18063465137457502,0.3798492448274835,0.23757448264008602,0.2558527202327613,0.27405910457241145,0.2246605076434411,0.15533494210536586,0.10774649944818121,0.2521189281729071,0.08274493243738358,0.30467776831604687,0.24820350276984932,0.07749636195218036,0.23742208398162917,0.19483678432777415,0.21753811358092168,0.1563252242377194,0.23982444698622585,0.23895492687232495,0.14056635540961973,0.15193912833889658,0.10609683292399877,0.33344524179898566,-0.40976610568454136,0.12479599619860059,0.11783627225808412,0.14407947419488898,0.17837269944281847,0.05540071394462271,0.20981572865071627,0.23038590977497883,0.1776401031783032,0.16477025459365707,-0.21226634228969876,0.14480850842548398,0.1131747178304158,0.1545434341970026,0.03227754703605055,0.2769324045923925,0.419548626227204,0.2516231127101901,-0.18827740020876957,-0.05172192762420568,0.06650228941550855,-0.00891187462494301,0.1439617878470612,0.0063000045315111655,-0.14631873766343956,0.020354998599597444,-0.022860409472981687,-0.010398883121668916,-0.07535713597736206,-0.0707418322169414
0.024261131768347828,-0.20019411689810657,0.028796714670956413,1.0197468775583896,0.27417702529332094,0.09075900048831886,0.20856802549577655,0.044824632794989466,0.07400744112219738,0.11745584432802096,0.08913642651158783,0.16672368627246617,0.11610282266725283,0.22646179405128258,0.08836617027772099,0.17657733355020414,0.09125382400820661,0.06913362856528169,0.07149936211678194,0.11167500441357046,0.09093279395080572,0.12389415982215574,0.12830978759694742,0.19653090263675232,0.11422038369160672,0.1537384141948212,0.08783620858687716,0.04819305004221205,0.14213647879702,0.043880669095974524,0.0019269649899608292,0.16715601645268666,0.035750774112457924,0.16491979721093392,0.06100073138589319,0.10452886197810245,0.05102727873164255,0.07470735335398002,0.10962828964910157,0.06265719103316973,0.027328753089657404,0.12677586287403303,0.11138746701070701,0.016504297167801857,0.1124311809524968,0.029544732809715136,0.05961930469582811,0.03401742535388926,0.016646997817625513,0.05296515966444832,-0.04579857896127513,-0.06012588264506646,0.004749496675384528,0.010171476652521171,-0.016066619629220215,-0.035684536243892534,-0.0012704821206993256,0.043984651276126954,-0.005782313813700681
0.11397497872640586,0.03477502250263947,-0.18058866169669527,0.27417702529332094,1.029407667458785,-0.024266226774218812,0.10047780581775109,-0.028895797990623723,0.07153699627927311,0.0906240092754499,0.05507485902047803,0.1087286675033752,0.12067109420946509,0.14332919944263986,0.14916518089147038,0.18833545499557533,0.02133140129091812,0.12724853577295084,0.19789267474273226,0.010985060726820772,0.042700202227768866,0.050677305094778115,0.12603173424895195,0.021782009304850213,0.05375086933256729,0.159546317167902,0.0423620442512727,0.022626896720075475,0.1256261663940521,0.03185289227786866,0.09455257219924076,0.12128580529032694,0.057105692875879334,0.11797913824302425,0.033961901327303326,0.09832794525640948,0.03517117694105347,0.021397305461410058,0.13969285401446058,0.06990593108457648,-0.03181201725775741,0.14536397803243858,-0.029451890499038565,-0.0023771348208753273,-0.06018856982810789,-0.0589223440055781,-0.023190352758913863,0.11405072486256666,0.0926368324416702,0.17193525125251563,-0.1391198210460436,-0.13615522849443945,0.04840735076459275,0.01668421613651082,0.0029391604708252804,-0.03490858388169973,-0.00509717347738687,0.025693882841532227,0.05240613412576945
0.04975383789189507,0.06028661455630249,0.3161806355685988,0.09075900048831886,-0.024266226774218812,0.6945638158072026,0.005204996592612434,0.2566996253469867,0.05457622360429293,0.11776321532722392,0.19222304744913513,0.14934279752288393,0.10125844623605082,0.08259734995957484,0.15031073453245347,0.09101581907512105,0.2074146375163215,0.11708791220956835,0.19687277221303345,0.2705767028607314,0.17853832102056133,0.21705640201890491,0.061709931634985685,0.39019824106116235,0.1789232415785328,0.1371114858982236,0.10152007944128981,0.060787428508128995,0.10369494212505409,-0.08840755932253833,0.021466447047675023,0.11738147063858673,0.11214622663672907,0.09957201578733729,-0.04663269841313961,0.029244001684898522,0.14001184037763068,0.1560578620704589,0.21134378723238903,0.06750147723900043,0.10898288829687515,0.13511220319274223,0.2585816511037438,0.02178726547222994,0.28907994541026005,0.15308588492926825,0.37790276193629974,-0.00805182223776309,0.3413019283734215,0.16907191867278287,-0.1353777073116327,-0.06665827758426314,-0.06414778437772323,-0.05451737820599966,-0.03193043607491243,-0.031476358492414126,0.005977355482631109,0.04541225598868037,-0.041463865045779244
0.27017947387356583,0.2018975139192391,0.18063465137457502,0.20856802549577655,0.10047780581775109,0.005204996592612434,0.507304201994931,-0.013682476983580672,0.16724460764812282,0.09700662442180687,0.15689246044632382,0.25585880878482287,0.11951516623669493,0.08024138386576869,0.1203698723510489,0.15451459424355454,0.14872123064435877,0.08461098760343362,0.004707830098395108,0.14654525368662216,0.10383804879732648,0.1765823669701018,0.2053115509668395,0.20654518417407128,0.15115599909653815,0.07829453614077361,0.11442350222282288,0.054754137329271715,0.13969655568465308,0.046903128468249254,0.003242131427279705,0.09821581311150922,0.12019784652805007,0.10059830020687663,-0.06466859604877648,0.2073354915769166,0.14482570423714552,0.10357024106747197,0.10935077060730758,0.001797331442199763,0.06797023467158632,0.09984738798334263,0.0828671543235754,0.015063006557149941,0.03819551557512971,0.06376207872146698,-0.1324795986414211,0.07491112441733606,0.01271201226045893,0.07800776747714362,-0.016661595994103207,0.055557316694335744,-0.03440401512636739,-0.10066358260677973,0.0419213120702831,0.018138900704141824,0.029478372065808795,-0.007341492934271676,-0.12538809049624838
0.004169836901089802,0.07639899581055837,0.3798492448274835,0.044824632794989466,-0.028895797990623723,0.2566996253469867,-0.013682476983580672,0.8076382647515677,-0.019395815184939692,0.19898873368080636,0.18552736352125745,0.039013797757424,0.13827302928628046,0.11261942467895257,0.11113279175536024,0.0707762852537341,0.2056566120451348,0.2296363938116499,0.131413813082391,0.17203528997402018,0.11813815315112126,0.09496329378101957,-0.054820866760328706,0.14481003492604025,0.17541826461011306,0.14485506669958875,0.1137149468719543,0.049572883660021036,0.15314118137347826,-0.07095114147915614,0.050583314674118425,0.11325220958760232,-0.0015381527042155547,0.1852479592614582,0.1416612835251231,0.021627418393987956,0.08845622702410967,0.1172987046832508,0.17958337671400923,0.005291468689365116,0.045575941086591805,0.04946599562890869,0.16751469974297767,0.008050561815736388,0.2846739760951463,0.1628462855326079,0.38770021539040717,-0.06612576170117494,0.20874292583320772,-0.012860432284035671,-0.05033615352611362,0.06333160964431842,0.025451817569858447,-0.0036123869722467263,-0.18828662934694296,-0.03823379785730316,-0.03323301011672882,0.2375104503090725,-0.10681173743407278
0.1510147258997688,0.13714864262898008,0.23757448264008602,0.07400744112219738,0.07153699627927311,0.05457622360429293,0.16724460764812282,-0.019395815184939692,0.5858126224176446,0.0447013129274582,0.05971510935311687,0.09437835797142276,0.05958531300540564,0.12517433528595803,0.08625310974599436,0.060830546896447096,0.11710024069274093,0.07561073684504747,-0.07681273390921213,0.13684242571241734,0.09006924935781276,0.09183120823569262,0.17913804561857072,0.1861118108841276,0.06728505267460959,0.06809338494263366,0.06761116826934202,0.05953232793664578,0.058837918426051246,-0.0014429606650865818,0.1255752382910033,0.07308439239863666,0.16682034900500553,0.05208907565569756,-0.0006195958587105787,0.07064836586975798,0.1510748554791326,0.09837823494029138,0.034282031289181635,-0.004160346385487343,0.06513851576813452,0.07460056428363633,0.10719815642480729,0.015651622139466345,0.09240934082500893,0.11931934932602752,0.049243807959910006,-0.03204727338561664,-0.07326417447718901,-0.04072063219414774,0.018947808328306868,-0.009757095367672844,0.11919633207387882,-0.04440909043214216,0.10695000396224727,0.08297709263797833,0.06839575809403561,-0.15881236237265925,-0.0785861988586995
0.1531767016446025,0.16268319193776298,0.2558527202327613,0.11745584432802096,0.0906240092754499,0.11776321532722392,0.09700662442180687,0.19898873368080636,0.0447013129274582,0.47802683381520494,0.09789248732737711,0.07501348078668761,0.1283756072473169,0.14542692832089485,0.12379126413245262,0.0844807404012243,0.16003270912623968,0.19375697054467836,0.02699588917327871,0.13707244650879866,0.08456302512879924,0.10207791693398671,0.05496999888071515,0.10260693080492976,0.10064453918341225,0.11765553990430755,0.09721316316892255,0.06765659239058315,0.16984656175096619,-0.06182619895299937,0.11576658350641117,0.1264285715897648,0.0486502543814931,0.16592695448175146,0.1432744917400069,0.02005909556185703,0.1159459845365803,0.09674848377074417,0.12352421773937065,0.03207136231401812,0.08913756938450053,0.07475039776113325,0.14349687705263278,0.01949014781452381,0.149693781644166,0.09026769443618593,0.19201662577245568,-0.05157811872016397,0.14908480472883046,0.025905782330391806,-0.0693761470800259,-0.06212361154957381,0.0745699703724703,0.03595586529823062,0.03492824115037445,-0.025540427942707528,0.10633026898251903,-0.05025159227510734,-0.029805128772095166
0.1328413196473795,0.1718389260505289,0.27405910457241145,0.08913642651158783,0.05507485902047803,0.19222304744913513,0.15689246044632382,0.18552736352125745,0.05971510935311687,0.09789248732737711,0.41977528707555734,0.24633293296679046,0.11655601925083958,0.07751409631099751,0.22086606128809452,0.12367791717660832,0.21611977333275256,0.1613878395054018,0.08106782346391521,0.19813288642456142,0.11827094542667521,0.10538009869052885,0.10521770193825206,0.16567474702480992,0.1659007819243756,0.12073518855511875,0.1329094694857698,0.07692152797899919,0.16815984210889345,-0.06605183715839931,0.08856486448293421,0.08666888957050606,0.08170292964911972,0.11153482810825945,0.08085348749780932,0.11310274420004365,0.11564925478409606,0.11642213581964736,0.14695037082825663,0.01989025221136951,0.0736501062857181,0.10439475379528347,0.11821389483156455,0.012252828434440682,0.1172348215658716,0.13507471223820788,0.13260854213664094,0.03908855050331918,0.05983749650377899,0.04744176220612293,-0.0034945921508790297,0.05201507165430071,0.043252717504184066,-0.09519064664256506,-0.04158915328083966,0.0016498155432031155,-0.04108381458337109,0.059925044342219534,-0.030468063956649444
0.17082372731977263,0.1831882656832329,0.2246605076434411,0.16672368627246617,0.1087286675033752,0.14934279752288393,0.25585880878482287,0.039013797757424,0.09437835797142276,0.07501348078668761,0.24633293296679046,0.548886312927177,0.09363085111371487,0.0843800188070771,0.18257307170940898,0.15979653440803246,0.16556002330830444,0.007836334860316112,0.065786350754203,0.17488083014923006,0.08820861569706745,0.10495765259079666,0.10997768728875187,0.159704068509899,0.19337574228316795,0.09669474460935581,0.17756409562884648,0.028246869256505318,0.14092177881793835,-0.01817979163845087,-0.04016141889141637,0.1281670431627429,0.04258947156284404,0.1076044482398232,-0.09632950692917955,0.24822763124120506,0.07799356848467444,0.11133194972930045,0.11063412509062717,0.03912257964817691,0.08758297956297122,0.11403371460610943,0.05114705446450459,0.015416761174104286,0.04250817080441087,0.09111834323632269,0.008888813161182695,0.059257750991129544,0.17085031829361028,0.1274766127648594,0.03409536623212434,0.030761608251948357,-0.15302367166778777,-0.0825062379527646,0.01579254105881801,0.03181108197505239,-0.027958936953532448,0.0027513714325763535,-0.04286198849814999
0.11089897704268614,0.0736549460451233,0.15533494210536586,0.11610282266725283,0.12067109420946509,0.10125844623605082,0.11951516623669493,0.13827302928628046,0.05958531300540564,0.1283756072473169,0.11655601925083958,0.09363085111371487,0.3485331744362658,0.1051842654657006,0.02498855636888046,0.1415939923390284,0.126675401720996,0.1384195219655593,0.06407287330820086,0.08865428910823006,0.06808748206799514,0.20981556406123797,0.035053066610619216,0.06663805756529975,0.09901888422580905,0.12207576233073494,0.11514843971629696,0.06635110856354776,0.18161633666193597,-0.058853046743000126,-0.0036375847862084873,0.12685622915343112,0.02228502283311045,0.11466108403670854,0.11524671781402096,0.022706700537088197,0.04588070986082987,0.05964641968499344,0.12466663557002283,0.02689468141299401,0.04996231954136001,0.07708254310809988,0.10287547105611217,0.014308642765468994,0.058710846607685156,0.05833959746141631,0.10095020000594722,-0.012485928322050461,0.08838573236721613,0.04602872010944263,-0.03426194508524758,-0.030943346554568082,-0.004661335811007364,-0.0016152516632293279,-0.0189342481914466,-0.04687395209153023,0.024103612470055123,0.02086764596626366,-0.013985920838779003
0.18716813223127723,0.05069182718211805,0.10774649944818121,0.22646179405128258,0.14332919944263986,0.08259734995957484,0.08024138386576869,0.11261942467895257,0.12517433528595803,0.14542692832089485,0.07751409631099751,0.0843800188070771,0.1051842654657006,0.5087216829972375,0.11133541042787402,0.17422994307955988,0.13273016574904692,0.12471679750056738,0.03645437447105523,0.11255137043255192,0.08287351811048503,0.1191114439615352,0.08782149931349428,0.05369694216266583,0.07960763330536855,0.13513972237339028,0.09254201235050782,0.0843499298925449,0.12144972908163636,0.01567073416072973,0.10154949469706447,0.2673379031433683,0.09052900096311763,0.10384124234359124,0.13944158782836488,0.010497307873607737,-0.014852377222939491,0.10142471119940645,0.09037841217806264,0.062090614844883006,0.07565818707843038,0.12038889349236473,0.1671155492220615,0.017575017717913956,0.12669232331921668,0.1112196410033086,0.239330258400391,-0.10501468039548705,0.20895338678941303,0.031115066644215796,-0.04939144756399963,-0.09483039121617849,0.08137680697571291,0.054101545060736486,-0.06336804274280936,-0.04558909101945394,0.0766074665519713,0.07646554121467684,-0.043138139866776
0.1720826869133797,0.2813421934572216,0.2521189281729071,0.08836617027772099,0.14916518089147038,0.15031073453245347,0.1203698723510489,0.11113279175536024,0.08625310974599436,0.12379126413245262,0.22086606128809452,0.18257307170940898,0.02498855636888046,0.11133541042787402,0.7205751822827325,0.026128734982053516,0.11325967321830789,0.27922397096093043,0.08385923598834275,0.11794882280824688,0.12968477941868822,-0.05392401504051705,0.1511797773495326,0.22430217361785743,0.1670499662790818,0.1260337404689854,0.07593483410453815,0.13856419276064932,0.19527617124864102,0.04880878242866023,0.12508865708927044,0.07761940113637703,0.13153346942424385,0.09728406051156378,0.10240364735770544,0.1458589336564294,0.14602579473867153,0.08008586406900689,0.14964740526781892,-0.01425110791768189,0.08763475823440398,0.10349751139072759,0.08059063373187184,0.003949630456042759,0.12974652947101187,0.15804342051060097,0.15761771235338828,-0.03288786502753082,0.13633308673124137,0.18414846380834007,-0.04980339807041124,0.03254049146359133,-0.04463342209159564,-0.028863666667343055,-0.022968285702980623,0.05793133496458351,-0.014727192552170964,0.010857883184025936,-0.08462968914853379
0.10276263322236114,0.041253990389514314,0.08274493243738358,0.17657733355020414,0.18833545499557533,0.09101581907512105,0.15451459424355454,0.0707762852537341,0.060830546896447096,0.0844807404012243,0.12367791717660832,0.15979653440803246,0.1415939923390284,0.17422994307955988,0.026128734982053516,0.8839968251581141,0.07289594334780249,0.12455118682551469,0.13235229070535992,0.16818739115198936,0.07110195645557754,0.18258110474891615,-0.1222107626829139,0.134141144015737,0.15174105152095116,0.18684080970832218,0.2015262503089985,0.1742962432933489,0.20424739926922542,0.09294446859812158,-0.06662702187041716,0.1778763019703844,-0.041165227100188446,0.10663813841957509,0.29645103545470025,0.03596269785412238,0.039311951963918575,0.0887438701740962,0.18744524332060586,0.14654814587403933,0.11822216563181522,0.25490842044627665,0.22789902410364227,0.030333158285306246,0.21848734318627083,0.06017737372935664,0.12338869898197989,-0.05886644553966703,0.12084767190468595,0.03944656964161009,0.0017563383112497671,0.021377598480848855,-0.058930387911059125,0.0002145398626095873,0.014534079027222958,-0.0063620204348236115,-0.054337999860077264,-0.009062439827993707,0.056174566181343005
0.1257643616460698,0.14515252058560132,0.30467776831604687,0.09125382400820661,0.02133140129091812,0.2074146375163215,0.14872123064435877,0.2056566120451348,0.11710024069274093,0.16003270912623968,0.21611977333275256,0.16556002330830444,0.126675401720996,0.13273016574904692,0.11325967321830789,0.07289594334780249,0.8210935430371914,0.17260352148049,0.09572707534281452,0.24747730106452157,0.10010948007295888,0.2911948964648711,0.1826504914654616,0.10192369516040352,0.17323169041911182,0.11768853893707393,0.136279774063875,0.12987595221602904,0.13512543406870794,-0.2227716193946189,0.09958649363313857,0.10778356376806787,0.12420277075922384,0.1386991785620398,0.1113713572608148,-0.04754971053454811,0.20716397791438668,0.14410893737713235,0.11099494280228642,0.0359108431641765,0.11820922627479691,0.096234536372538,0.2164639489125794,0.013094236948756175,0.15442892673380257,0.09871013202292747,0.2394243041106739,0.017081467563644787,0.1037084075786503,0.06776550796418473,-0.07238860894729596,-0.05657847150036031,-0.00013877643610937478,-0.04963826979453584,0.019865773170769582,-0.007937363179623744,0.008040641852184456,-0.011496005894279881,-0.024282408264544357
0.15293792799033598,0.2594054019918901,0.24820350276984932,0.06913362856528169,0.12724853577295084,0.11708791220956835,0.08461098760343362,0.2296363938116499,0.07561073684504747,0.19375697054467836,0.1613878395054018,0.007836334860316112,0.1384195219655593,0.12471679750056738,0.27922397096093043,0.12455118682551469,0.17260352148049,0.7880342149720538,0.10694959129286463,-0.06479824909852161,0.1251678049262575,0.1176471033154924,0.0671630048396525,0.15405887540605614,0.10869981339145154,0.10099727244680955,0.054437622948641406,0.15272950826526804,0.14184052254652837,-0.07899073633960729,0.12331108801249889,0.09144997162933968,0.11233563866674776,0.08551244144091816,0.18877175975062205,0.04897753655829676,-0.0004991739708731422,0.0076175919141416235,0.13047928523186172,0.009169081066757534,-0.032595471106073984,0.004623986338461736,0.23201540210961447,-0.006046699094884562,0.25113974880321405,0.1332968180221717,0.1916105043612055,-0.08417568310570979,-0.006144580822041679,-0.0022523012860049267,-0.0001087193526199261,0.01286673676550267,0.0088309824679953,0.0031038014846766896,-0.12223059499083308,-0.06628445000889921,-0.0333366828079744,0.1353129580784419,-0.02365637920401519
-0.008844719308177483,-0.026666518234753186,0.07749636195218036,0.07149936211678194,0.19789267474273226,0.19687277221303345,0.004707830098395108,0.131413813082391,-0.07681273390921213,0.02699588917327871,0.08106782346391521,0.065786350754203,0.06407287330820086,0.03645437447105523,0.08385923598834275,0.13235229070535992,0.09572707534281452,0.10694959129286463,0.6032561403855701,-0.08001693471156443,0.09224826907333719,0.14690037763864877,0.008529702145242528,0.09762757816480976,0.1008074877356815,0.08147952746391829,0.023175860947246073,0.06309521328341616,0.17571461474247996,0.053635064048540224,0.015827998136492362,0.0760387795493594,0.03171065511780133,0.08257366078772983,-0.031588409519984234,0.16773491838564783,0.01207587069037516,0.007942523010400018,0.1521146703199164,0.021438077298657918,-0.05879304839823379,0.07162059350110278,0.0006519658336146372,0.005776816947848775,0.054842385191563446,0.05840306717468662,0.029334433851825503,0.08983306295227068,0.07621195390073726,0.004108711313270961,0.11564063368098708,0.13155255366188479,-0.17557605271975457,-0.08399544180442879,-0.08690961351657897,-0.026364333648994036,-0.06703614661818379,0.10585762897126591,0.01842845652724217
0.1494872839574442,0.06905755420876486,0.23742208398162917,0.11167500441357046,0.010985060726820772,0.2705767028607314,0.14654525368662216,0.17203528997402018,0.13684242571241734,0.13707244650879866,0.19813288642456142,0.17488083014923006,0.08865428910823006,0.11255137043255192,0.11794882280824688,0.16818739115198936,0.24747730106452157,-0.06479824909852161,-0.08001693471156443,1.0492830844426388,0.05946275471851335,0.06436228536509377,-0.04223828282079049,0.23319056509912983,0.1435602878100964,0.21075519722187666,0.2846020326278864,0.2472317662187602,-0.08162166053878685,0.30158240775935385,-0.0005992752565109684,0.12282617074584247,0.21431695106524193,0.06499757771814482,0.26778495762065513,-0.0005502167395853272,0.5097496324527467,0.43314040471641396,0.1942019574258546,0.04810797904720351,0.30742753855456617,0.19743513859705583,0.3894310780703522,0.02084364716330209,0.448935448536889,0.09531514740093476,0.14562608958632442,0.009899753949543535,0.3533238954698724,0.18994888563437115,-0.20509303490234798,-0.04229437587137093,0.08546246079945807,-0.034581495526073994,0.025314196583246837,-0.00039605607740454733,0.09830488405520652,-0.04170333020087263,-0.12594280724303897
0.08990060514231211,0.0678397076443926,0.19483678432777415,0.09093279395080572,0.042700202227768866,0.17853832102056133,0.10383804879732648,0.11813815315112126,0.09006924935781276,0.08456302512879924,0.11827094542667521,0.08820861569706745,0.06808748206799514,0.08287351811048503,0.12968477941868822,0.07110195645557754,0.10010948007295888,0.1251678049262575,0.09224826907333719,0.05946275471851335,0.4012739909507332,0.04442886876114688,0.1429956079035895,0.10222090946287772,0.10409436843868643,0.10273714710088554,0.06387035505613407,0.16555370107668815,0.1902274540580384,0.00877692666195226,0.3237683518294896,0.09218675166828821,0.17810135111987227,0.07807068545979376,0.18652153025649706,0.16160128085971817,0.06268628006688746,0.11305608125801792,0.23858007285749785,0.06510162698490105,0.12908050747382022,0.14892345060783926,0.13038442038450462,0.011644099457765424,0.33622537657580204,0.1497554901584128,0.20785117610388873,-0.024494428774888003,0.1963669222643629,0.05416979936582942,-0.029453053526054165,-0.0012525773811536385,0.014206132542845851,-0.03618344225550619,-0.06918706892465044,-0.0007404295440022211,-0.10115871522802926,0.08592415069069437,-0.010342355985226334
0.17115580917170686,-0.03668167946167771,0.21753811358092168,0.12389415982215574,0.050677305094778115,0.21705640201890491,0.1765823669701018,0.09496329378101957,0.09183120823569262,0.10207791693398671,0.10538009869052885,0.10495765259079666,0.20981556406123797,0.1191114439615352,-0.05392401504051705,0.18258110474891615,0.2911948964648711,0.1176471033154924,0.14690037763864877,0.06436228536509377,0.04442886876114688,1.188401297870035,0.4608081065176718,0.04138665223869308,0.19528325572005195,0.17352737685685654,0.1393497990839512,0.04023439790576166,0.24603184974281084,-0.3684548490588226,-0.11284311638232311,0.1641563000263225,0.01879275706746556,0.19773992113182812,0.10463752205050474,-0.2065479875875951,0.08272978354477525,0.02186444077326751,0.17359368495994568,0.0786325383295602,0.04213193605768419,0.16268992154067144,0.2802121040500114,0.03895884720504538,-0.011956795954003133,-0.02842080161909689,0.11119193270431492,0.14589749553755663,-0.010445462852363297,0.04483342346714793,-0.03895059892219532,-0.025112458578843852,-0.01665120725089604,-0.058798088782626476,0.06355924772128187,-0.01028262035244757,-0.029597566282562313,-0.026668575939162234,-0.02734706460267505
0.1445406282896815,-0.2995215238203904,0.1563252242377194,0.12830978759694742,0.12603173424895195,0.061709931634985685,0.2053115509668395,-0.054820866760328706,0.17913804561857072,0.05496999888071515,0.10521770193825206,0.10997768728875187,0.035053066610619216,0.08782149931349428,0.1511797773495326,-0.1222107626829139,0.1826504914654616,0.0671630048396525,0.008529702145242528,-0.04223828282079049,0.1429956079035895,0.4608081065176718,2.3837524376550565,0.3915046120139314,0.3324427687960928,0.19343622682170103,0.019452760712356527,0.0930292608714595,0.4342997789869409,-0.24288714180193063,0.01100158143757979,0.0035666435681369017,0.3003959968506684,0.3616522559304952,0.04515097001968716,-0.06900774972438331,0.44912195087817003,-0.0013854865005381624,0.42951583652833786,0.014651715154183112,0.05715200118619492,0.11724575585279182,0.16294955553924337,0.02981458448079355,-0.18444103356941965,0.027247570705378428,0.20587424828083367,0.42888786998694434,0.22093238773223803,0.18067818262222407,-0.09484574767231319,0.0010182238358711906,0.16138423698531518,-0.22292324940022715,0.2485743134401452,0.1033871095983416,-0.011160936314156983,-0.21093671452582652,-0.07546103410461033
-0.07877160589436288,0.02497652983182282,0.23982444698622585,0.19653090263675232,0.021782009304850213,0.39019824106116235,0.20654518417407128,0.14481003492604025,0.1861118108841276,0.10260693080492976,0.16567474702480992,0.159704068509899,0.06663805756529975,0.05369694216266583,0.22430217361785743,0.134141144015737,0.10192369516040352,0.15405887540605614,0.09762757816480976,0.23319056509912983,0.10222090946287772,0.04138665223869308,0.3915046120139314,1.7845474653086317,0.3410837775983406,0.2436575007518229,0.003304588670076299,0.186621097202667,-0.17263202557216167,0.2861343976169327,-0.18085741171377198,0.0009143116944063165,0.1981324579810825,-0.07449997291437348,0.21433587366299744,0.02553446862798056,0.05287453138017633,0.08478766878961949,0.14988510771435712,0.044743714380909155,-0.1073870913255536,0.187793146053824,0.46260939952838886,0.05340678863086117,0.41969845658479343,0.2436994129568471,0.3314919159982095,0.026957508160969708,0.4287755839010358,-0.042338214393470845,-0.015694045644706545,-0.058962194451759986,0.11012122674936121,-0.0916507077557638,-0.028245630660392936,0.12054612436543974,0.05856880706592998,-0.15973073618602912,-0.0902721088362194
0.10873771579326097,0.07177493563183159,0.23895492687232495,0.11422038369160672,0.05375086933256729,0.1789232415785328,0.15115599909653815,0.17541826461011306,0.06728505267460959,0.10064453918341225,0.1659007819243756,0.19337574228316795,0.09901888422580905,0.07960763330536855,0.1670499662790818,0.15174105152095116,0.17323169041911182,0.10869981339145154,0.1008074877356815,0.1435602878100964,0.10409436843868643,0.19528325572005195,0.3324427687960928,0.3410837775983406,0.7771163726872564,0.13110048121173978,0.13208793315814576,0.04333329092242976,0.30995599661488066,0.02077205379340296,-0.035862567681698106,0.0754857423499761,0.03021493909805382,0.19016072493612052,0.11014237865464536,0.15614588613158548,0.14783184117474477,0.10140890392360907,0.15028036832619954,0.04488506095625941,0.11314629845204208,0.10434074453650902,0.19156748308874016,0.029880294128156955,0.13579899328756223,0.2230782663898077,0.196185184524443,-0.029220802887741672,0.07277380353352182,-0.08972401655864339,0.0439039116529974,0.09407757717394163,0.09274666726165692,-0.0995190523198027,-0.00890698698505221,0.02969609756576079,-0.02684848141536135,0.006105759759165395,-0.053285981755869335
0.04410510641742193,-0.11748006388474153,0.14056635540961973,0.1537384141948212,0.159546317167902,0.1371114858982236,0.07829453614077361,0.14485506669958875,0.06809338494263366,0.11765553990430755,0.12073518855511875,0.09669474460935581,0.12207576233073494,0.13513972237339028,0.1260337404689854,0.18684080970832218,0.11768853893707393,0.10099727244680955,0.08147952746391829,0.21075519722187666,0.10273714710088554,0.17352737685685654,0.19343622682170103,0.2436575007518229,0.13110048121173978,1.8423028726408934,0.11694030342449957,0.2742147574274251,-0.02112174249475487,-0.37791165485998035,0.08179337215691941,0.26107511202418743,-0.08727168487424687,0.17290742587518393,0.4362920235758971,-0.13821254577311112,-0.23214015859286008,0.0995805729256676,0.40660599823641724,0.28380542044663093,-0.5249120765308017,0.38040571654952454,0.17382000815497695,-0.08129586964412583,0.86737270464516,-0.22649060479512204,0.15870368405734045,0.22661992617562288,0.183276679712855,0.08551208640487273,-0.03853636067622161,0.027327981084580906,-0.18790069456913638,0.0613742659261795,0.00588855927363476,0.00833112628245633,-0.039776558237600956,0.06910858699526294,-0.08327935616988277
0.12148574701979255,0.08453213699542425,0.15193912833889658,0.08783620858687716,0.0423620442512727,0.10152007944128981,0.11442350222282288,0.1137149468719543,0.06761116826934202,0.09721316316892255,0.1329094694857698,0.17756409562884648,0.11514843971629696,0.09254201235050782,0.07593483410453815,0.2015262503089985,0.136279774063875,0.054437622948641406,0.023175860947246073,0.2846020326278864,0.06387035505613407,0.1393497990839512,0.019452760712356527,0.003304588670076299,0.13208793315814576,0.11694030342449957,0.7585121837013353,0.1573896982185042,0.09404073053029402,0.04188375481369539,-0.047124148723504365,0.16804294661708805,0.06321958931737492,0.07959603719797875,0.18752396716616637,0.19522137842481907,0.1584140848009995,0.15275405501516678,0.10375124395060464,0.08833670053044676,0.12149332241285973,0.12966576527700285,0.24608210381721277,0.02515788554593508,0.23193003567321538,0.014818014360548873,0.057998297246112704,0.03761825163551838,0.19773927042036255,0.04238190949773185,-0.06935834137538828,0.01917574015193788,-0.05016128494353114,0.03095469980819444,0.022707151484237624,-0.022170862070885092,0.036400709081304675,-0.014016158120157825,-0.004843646437145864
0.0577204414051479,0.07001514178146992,0.10609683292399877,0.04819305004221205,0.022626896720075475,0.060787428508128995,0.054754137329271715,0.049572883660021036,0.05953232793664578,0.06765659239058315,0.07692152797899919,0.028246869256505318,0.06635110856354776,0.0843499298925449,0.13856419276064932,0.1742962432933489,0.12987595221602904,0.15272950826526804,0.06309521328341616,0.2472317662187602,0.16555370107668815,0.04023439790576166,0.0930292608714595,0.186621097202667,0.04333329092242976,0.2742147574274251,0.1573896982185042,1.2751377478060948,-0.07083463159194527,0.3032947831891748,0.2702457288192909,0.1505006734955612,0.6311720620450179,-0.02999599636053883,0.9328227703221771,-0.2383306063794498,0.30181400654340435,0.12127658667225258,0.24808693792868874,-0.048869690656464015,0.017389367790920394,0.3191358362141133,0.24185926545063746,0.03015603894145152,0.3003276202845368,0.12002675822517848,0.3307730447332713,0.05055586333245647,0.44243352371024036,0.2584354267756237,-0.037205452049568065,0.3264863138295847,-0.6862335250225146,0.011561844203120904,-0.0741009334285699,0.02444507228856906,0.02531474772498061,-0.051019610252778846,-0.05861687748574925
0.08009145887831712,0.055466511659801626,0.33344524179898566,0.14213647879702,0.1256261663940521,0.10369494212505409,0.13969655568465308,0.15314118137347826,0.058837918426051246,0.16984656175096619,0.16815984210889345,0.14092177881793835,0.18161633666193597,0.12144972908163636,0.19527617124864102,0.20424739926922542,0.13512543406870794,0.14184052254652837,0.17571461474247996,-0.08162166053878685,0.1902274540580384,0.24603184974281084,0.4342997789869409,-0.17263202557216167,0.30995599661488066,-0.02112174249475487,0.09404073053029402,-0.07083463159194527,2.9817129179823194,-0.26662687951657055,-0.2539349339927998,0.15486238672471986,-0.2103211239773796,0.734135840981546,0.03870025222583159,0.38289168748166236,0.6118828846763096,-0.029095154685817623,0.30160526120267983,-0.04241922629603592,0.2576013266351496,-0.0008119223153600563,-0.29186102707684136,-0.055261563383771896,-0.21654584084508,0.2084638303919364,0.24747049821357783,-0.2443782093546795,0.14774046080058104,0.15400808914640637,0.004018891410697058,0.15522737086042876,-0.07343957391844136,-0.0672209903233031,0.05358436165994762,0.009509172197519424,-0.15059993570233937,0.05163711534739353,0.04503449607463431
-0.1118022530186836,0.019578690661715886,-0.40976610568454136,0.043880669095974524,0.03185289227786866,-0.08840755932253833,0.046903128468249254,-0.07095114147915614,-0.0014429606650865818,-0.06182619895299937,-0.06605183715839931,-0.01817979163845087,-0.058853046743000126,0.01567073416072973,0.04880878242866023,0.09294446859812158,-0.2227716193946189,-0.07899073633960729,0.053635064048540224,0.30158240775935385,0.00877692666195226,-0.3684548490588226,-0.24288714180193063,0.2861343976169327,0.02077205379340296,-0.37791165485998035,0.04188375481369539,0.3032947831891748,-0.26662687951657055,3.4612992569345975,-0.33723540573450117,0.02790712983919972,0.3832897479072231,-0.08730047562771275,0.3121859725940726,1.0580863705739152,0.5072342406397339,0.27939907387511254,-0.05248996885750073,-0.3662458320391736,0.2744148409462586,-0.08828191349144462,0.004018007864442969,0.1029245342364274,0.012263336613558698,1.0174848827188072,0.5292987606157936,-0.7136999127719021,0.6550623499621573,-0.06957296733035775,0.06254651375008545,-0.20106622977432656,0.16707244136136815,-0.07280316347886664,-0.32477904502809307,-0.020459521726717764,-0.03564094614517324,0.2971689499307049,-0.22471540425529204
0.11744806657877531,0.021142773587277924,0.12479599619860059,0.0019269649899608292,0.09455257219924076,0.021466447047675023,0.003242131427279705,0.050583314674118425,0.1255752382910033,0.11576658350641117,0.08856486448293421,-0.04016141889141637,-0.0036375847862084873,0.10154949469706447,0.12508865708927044,-0.06662702187041716,0.09958649363313857,0.12331108801249889,0.015827998136492362,-0.0005992752565109684,0.3237683518294896,-0.11284311638232311,0.01100158143757979,-0.18085741171377198,-0.035862567681698106,0.08179337215691941,-0.047124148723504365,0.2702457288192909,-0.2539349339927998,-0.33723540573450117,2.7114099564322545,0.07318659914423775,0.2686394057982808,0.046622590739495956,0.47851372998874403,0.2704107786419738,-0.6240047287963274,0.17543300590116212,0.11697363768983003,0.13716338908155346,-0.2556459286513626,0.1379792338138554,0.1120327141017837,0.10739514816024279,0.3199847772939574,0.21029499830965137,0.15325871831937352,-0.11150129041343401,0.010714174672479265,-0.1615786160274672,-0.01280432276175044,0.08920488521849092,0.08538090578384912,0.07576017248657901,0.2503354119239964,0.10500672971519864,0.11974581930900179,-0.19659293399201086,-0.04117341683876011
0.14513715817304615,0.07147364550349496,0.11783627225808412,0.16715601645268666,0.12128580529032694,0.11738147063858673,0.09821581311150922,0.11325220958760232,0.07308439239863666,0.1264285715897648,0.08666888957050606,0.1281670431627429,0.12685622915343112,0.2673379031433683,0.07761940113637703,0.1778763019703844,0.10778356376806787,0.09144997162933968,0.0760387795493594,0.12282617074584247,0.09218675166828821,0.1641563000263225,0.0035666435681369017,0.0009143116944063165,0.0754857423499761,0.26107511202418743,0.16804294661708805,0.1505006734955612,0.15486238672471986,0.02790712983919972,0.07318659914423775,0.6134495958785088,0.07225597168974732,0.21352752857972995,0.07751655498178898,0.07367925229752113,-0.15726607804354603,0.14140560371702748,0.1467681169249976,0.0655124977925046,0.002104396138204886,0.16964071426702151,0.11261869264194671,0.018946473481196602,0.16617903106302684,0.08980420515558381,0.17815109950029406,-0.09795882276762216,0.2039083234884885,0.03387293699018652,0.02139514129761468,0.012313899637903629,-0.2598998126565896,0.06893373197972442,-0.07712205600767252,-0.09920719061750358,0.21753214178128738,0.035016476365309336,-0.1284267833000546
0.19728749103899731,0.05874057060381895,0.14407947419488898,0.035750774112457924,0.057105692875879334,0.11214622663672907,0.12019784652805007,-0.0015381527042155547,0.16682034900500553,0.0486502543814931,0.08170292964911972,0.04258947156284404,0.02228502283311045,0.09052900096311763,0.13153346942424385,-0.041165227100188446,0.12420277075922384,0.11233563866674776,0.03171065511780133,0.21431695106524193,0.17810135111987227,0.01879275706746556,0.3003959968506684,0.1981324579810825,0.03021493909805382,-0.08727168487424687,0.06321958931737492,0.6311720620450179,-0.2103211239773796,0.3832897479072231,0.2686394057982808,0.07225597168974732,1.9094645203656266,-0.3767813245925744,-0.33850672770691426,-0.22022614616789282,0.7735940112897496,0.17556808808911348,-0.13890494618352234,-0.19992956339456516,0.15141524168856965,0.29360367055199876,0.241450495338834,2.0393921518352995e-5,-0.2786333520796973,0.37240902201153914,0.34918218965152636,-0.07160536480440235,0.5415440424413576,0.08042489723584045,-0.11747217889273202,-0.17302990381780514,0.23395639451789474,-0.16878502054708813,0.17195553560858765,-0.06905967005712509,0.10038114135168956,-0.08492998084101955,-0.025591438082645974
