0.6493974469127599,0.20036372984331757,0.465494864815259,-0.0017502222925942883,0.07345624892083859,0.032421044507336495,0.1614560347531347,0.05089127929334117,0.10282910285053425,0.0623154378764163,0.07177260053971529,0.08558899387864723,0.04588489549010576,0.08131746693166382,0.05889457847051702,0.06505485054364005,0.06545334773274979,0.08163820772086398,0.04344990159701556,0.011458303093149737,0.0779936402999256,0.0838906446166296,0.04166545393847425,0.04936116361341447,0.08612323218870693,0.004585490083182926,0.11717066511377619,0.02200219281967019,0.05060825013058038,0.018650912091357875,0.08967857513308052,0.055254159113313946,0.06968454096799585,0.09742693335216386,0.025006869281114952,0.1363613660471792,0.11045621364216351,0.09125328747114335,0.00974313064145214,-0.14819869411854364,-0.010363707854509052,0.061735385691537165,0.058471511061994635,0.004230271713909749,0.0853226039569371,0.17735386950778534,0.07253192984633006,-0.0047142053354892475,-0.05582134945193721,-0.102903821631689,0.001833903812516921,0.0006718560194601405,0.11949004076959518,-0.06765509313950473,0.10952241178630936,0.03791137800494441,0.01578369637293992,0.20811970175714922,-0.3703100610886376
0.20036372984331757,1.8917612528166232,1.3232342993356436,-0.021212933921877435,-0.16130077469375198,0.3105669723458089,-0.04530226494492187,0.2265697148301274,0.06532366018349699,0.1092835893103204,0.10662983853338827,0.11235768160542073,0.10629709166599378,0.067311363399869,0.07469247452991494,0.08927337801475417,0.07656212590865351,0.4671609381977577,0.12770537339245547,0.31718988827276834,0.2509725364118753,0.09036374584881504,0.21800734571861058,0.049111024336528565,0.21446468398527138,0.17241546659576976,0.1878028290626588,0.11035434040228845,0.183233208495018,-0.06048728844349971,0.2560349192742052,0.06616505330092909,0.08434966632309729,0.34720678856185894,0.2117973078075165,0.41945569197419225,0.6271815438143358,0.21074130025923887,0.10604838232460782,-0.33429993965541444,0.07175295880858121,0.18714672678491157,0.06981234409782806,0.00018283847321736072,0.3520667036344599,0.45706010057744006,0.09863497106845723,0.01952647584929063,-0.5753789400311684,-0.2298494496861726,0.2580875964104513,0.16928912430420337,0.015390631448919506,-0.30508905910329437,-0.35367491931859707,-0.2078470480849433,-0.29245890999018287,0.24286880044777967,0.40393389344763053
0.465494864815259,1.3232342993356436,3.158258691213372,-0.1295928964194562,-0.3732332811903934,0.20831966850793754,-0.05137103842285532,0.14045201368599342,0.11050766716397468,0.018716756511491826,0.09166762041521966,0.12863115309217563,0.053713154069242285,0.04883986347680583,0.08803660314850768,0.02571999950924925,0.06462816593722469,0.24019390693812911,0.04632501496685214,-0.017396724571776184,0.15047322252983902,0.07715254651273373,0.09838485299189027,0.07167861928515035,0.19507260047692648,-0.02618550575425563,0.24072266360426314,0.09211210038892519,-0.09231252632035761,-0.4712960071984851,0.2256523576108972,0.06722135328936607,0.1957361115730177,0.4167719333074806,0.029992948330105268,0.4676434110171696,0.5638185546190201,0.3008377559842687,-0.23361286071651027,-1.1443994191102256,-0.17178162847934986,0.07501351796068596,-0.1075849383624526,-0.025943712836443155,0.30964238607190364,0.7449684706625546,-0.004721265955041316,-0.04765275992089861,-1.1443169029687876,-0.38963293623822703,0.17653787657672285,0.48980890325730203,0.08112066024062398,-0.46941751356341277,-0.001490115048942269,0.03809192874230389,0.03530297272439505,-0.2657656021196284,0.04536102477367316
-0.0017502222925942883,-0.021212933921877435,-0.1295928964194562,0.8797448346812852,0.48698828563790314,0.23805797698458983,0.3040527936081036,0.22224357274952744,0.12345045620356081,0.23960772010178444,0.22871090640663821,0.27731907638605735,0.1890516829491059,0.22257710674047204,0.24467093841767554,0.26405360477900025,0.2208765312396371,0.1450396509945542,0.26652516336303456,0.15619664421283042,0.16706932058715754,0.19182649467246152,0.13175572872603306,0.15849557573195494,0.20065305893859112,0.20169779263933812,0.1669406878028782,0.042787251421576106,0.20485515703371557,0.0950347320242092,0.1701480906468978,0.19740906741239334,0.1462963803136922,0.12101460249404061,-0.09758011041044821,0.19504608890003883,0.1359218710754394,0.18500995624179384,0.19571623515303438,0.20208318129572217,0.13953451569377523,0.17704616065002343,0.1750598115470529,0.048912149585078245,0.08408310557529834,0.00160601441047582,0.1931070873489311,0.05056959724150167,0.25265556391412564,0.36597075109869315,-0.18168193205429475,0.016475781854910113,-0.053852042324893656,0.05741091403892178,0.0660096917153837,-0.06261327562399203,-0.14152226990782552,0.1890031900538224,0.0032361961635807533
0.07345624892083859,-0.16130077469375198,-0.3732332811903934,0.48698828563790314,1.4423048485540333,0.08400586086183517,0.21117619868491286,0.1668999465496189,-0.0082407512495532,0.22430491122327806,0.20769886213130814,0.30158761695446124,0.2094222578745235,0.23618546143773841,0.4034675501664654,0.3723048297382232,0.14239886046984468,0.06734817786933421,0.5525119250217788,0.0816273813158029,0.10848107350455888,0.15678783667582077,0.03916205738345262,0.14090984859732564,0.193146857089162,0.17285570386953752,0.13828383644089,0.021617117426440815,0.21199378847565323,0.07706078178344743,0.17100150962378782,0.20825852711730386,0.17993633004651338,0.04903137800436537,-0.1903359400318213,0.17799132385683988,0.09501949352193022,0.1942360757580521,0.25107786413648775,0.2864658294242561,0.157796439339394,0.1532635274038611,0.0980201499777892,0.047553367019600404,0.07551137093468653,-0.142587002545361,0.13861987152439978,0.07886516602179677,0.25375673176381025,0.7399749971180727,-0.3445956038631158,-0.10221419776336889,-0.059823270569327444,0.17697537576381958,-0.012410949138859362,-0.037434967731211785,-0.15362201565293412,0.17807770755259897,0.0495959908357926
0.032421044507336495,0.3105669723458089,0.20831966850793754,0.23805797698458983,0.08400586086183517,1.06994212166491,-0.1476885194813462,0.3603463816201788,0.2500832014875667,0.25764138350055027,0.24771893568119746,0.24398736630231668,0.17911096412421887,0.2530675435740769,0.2218165984211421,0.15934683265165017,0.27482976092449285,0.21955286203533791,0.4721574813047892,0.5013826625737158,0.28738102727342113,0.21951894081106726,0.15599358109437425,0.21122319658344174,0.2642274832667707,0.3598636114238133,0.21984997152355187,0.10929147192247524,0.3111854683111334,0.051488567744807895,0.26773375910006747,0.2679196513010796,0.10824545382784322,0.34657521807627006,0.12605938333584824,0.19678296932357964,0.46084395398238415,0.41221800396883884,0.43975875213510207,0.14407440495191548,0.16926000516475326,0.27721160824250946,0.22872899652534778,0.04066995552616861,0.2868933321402769,0.1494995686482348,0.45213488237123606,0.0589298761246061,0.1796043123095859,0.41547975857452946,-0.38842364416896463,0.19283229804894386,-0.09921325666780324,-0.018090959592849665,-0.045462094340126456,-0.056443048261083026,-0.01502706408530488,0.11245673634671559,-0.04568150161614602
0.1614560347531347,-0.04530226494492187,-0.05137103842285532,0.3040527936081036,0.21117619868491286,-0.1476885194813462,0.8671436239002092,-0.013226441273720508,0.1769442007923074,0.13017344001887576,0.1852448607623297,0.22370160385234958,0.1532429906991632,-0.017972745230036075,0.1714193405842971,0.11613899994047996,0.21062141650375715,0.10411905805211114,-0.01683688547760036,-0.013064537288479302,0.15009949341686676,0.15457502738322557,0.10930945141363237,0.11828113467304176,0.1056951175327624,0.030224852158800986,0.14271093572089882,0.10228813625107958,0.04453117009761196,0.17597019896814098,0.10173727063854136,0.052129695943741665,0.1593020976405844,-0.01093756363541813,-0.02545486480726475,0.17576896535746112,0.05420051740217984,0.012805159322807118,0.0031311388616418034,0.06403527424675208,0.10750758289045143,0.12151969887715104,0.18560428100447784,0.02258749561022745,-0.008975755898863479,0.03825396848752987,-0.08167599279245841,0.020279411124569692,0.12242218492622259,0.07042004231899898,-0.08024296839087103,0.04165901953888484,-0.061911624803027254,0.03452015108596004,0.07194345112859923,0.07908153283478116,-0.112181194673798,0.15957764055511992,-0.15526574750895653
0.05089127929334117,0.2265697148301274,0.14045201368599342,0.22224357274952744,0.1668999465496189,0.3603463816201788,-0.013226441273720508,0.694728593528492,0.06470248880237964,0.2658692134790968,0.2674896304438636,0.15188515030047556,0.20773191520521317,0.24662655433242076,0.2577220125878415,0.18738168749718792,0.26335950054267687,0.22640008507822504,0.24931249265059582,0.3361211977520343,0.14999409613811956,0.13339970010465177,0.1288978948332394,0.12433282399395457,0.26241272674676247,0.2704070364533335,0.24286934846723773,0.06942783324529213,0.2558191377428673,0.14184323484698277,0.21405766562529852,0.17852809501552208,0.06661411564971369,0.25081634287371135,0.2388604742885214,0.1953927217581682,0.35226115943757563,0.2205676464799854,0.34882102883975186,0.1318752056653701,0.11643192765193523,0.16798160309227858,0.20768111932676755,0.021589798573783143,0.1929644565867831,0.20535020271399546,0.3987476215269258,0.03428881551480553,0.20696344051527768,0.3351410538859289,-0.07913287315808683,0.039948354570597706,0.09766071058602438,-0.11048574483201544,0.0006690668907854596,-0.08104640941818145,0.02417455524892794,0.3308407296413394,-0.26155910498185175
0.10282910285053425,0.06532366018349699,0.11050766716397468,0.12345045620356081,-0.0082407512495532,0.2500832014875667,0.1769442007923074,0.06470248880237964,0.7610223531216687,0.12174624894018016,0.20663126106987245,0.1771611006321411,0.14445654883287673,0.11554154056797744,0.13392522278913577,0.023956948530934778,0.24482284927570708,0.19801415835756445,0.12797168996083672,0.16732934633489888,0.2078460210789334,0.3629275995767916,0.18244237442400268,0.17349994018857384,0.08347943583303523,0.2481594395877678,0.26121670033374206,0.16496925590948947,0.02643293429571219,0.1332259849729976,0.20865642269382667,0.14974454946661395,0.2291626219705671,0.12570528348857013,0.07892082690925294,0.27322955546702743,0.2657784957390835,0.21375660282576137,0.1910828881048552,0.09669928938993236,0.096651968220375,0.1810173564441446,0.33024550495820426,0.02301956243667627,0.1645673843968643,0.16340160338777943,0.17691264940404203,0.005078986888378804,0.37718606004659383,0.1962101108974743,-0.051004962569695445,0.2506802950907596,-0.051807998068333076,-0.11016430243288627,0.06793071802359973,0.15240101519760865,-0.0009223357011624635,0.11847760667530012,-0.4138912983337478
0.0623154378764163,0.1092835893103204,0.018716756511491826,0.23960772010178444,0.22430491122327806,0.25764138350055027,0.13017344001887576,0.2658692134790968,0.12174624894018016,0.6461530146565506,0.17568131853791852,0.20252511831730358,0.20463024364977003,0.19469547279917632,0.26267827391321,0.1742638108485351,0.26660568019448,0.303897685255323,0.18583779486900817,0.328261866309077,0.17926667824333034,0.1586181597314653,0.16509761134292725,0.15951290163676757,0.2208620721190798,0.25043076486123034,0.2540086714601716,0.13163077436769835,0.2798272000628045,0.17356078485987564,0.2595456498014069,0.16893534395093862,0.13859605126739813,0.28391720254832875,0.18375450558675757,0.2793239286515951,0.3629654378589299,0.20186819724980182,0.3958313262228392,0.22534106268727958,0.204912811297673,0.1937682850789835,0.20487781893375168,0.03234262342235884,0.10297253008440223,0.1852935329442451,0.42937188391788506,0.039358091247899483,0.23819661687336185,0.17987558405753176,-0.11176318111423392,-0.03818354898480096,-0.001615210943341562,-0.08372396903435454,0.08986580605775006,0.061018965945372504,-0.07390743682254067,0.050112646264119244,-0.11301896141679667
0.07177260053971529,0.10662983853338827,0.09166762041521966,0.22871090640663821,0.20769886213130814,0.24771893568119746,0.1852448607623297,0.2674896304438636,0.20663126106987245,0.17568131853791852,0.45859639393193297,0.27324888725534485,0.2216591278485962,0.1739018410339366,0.28852838702901523,0.14294731943953942,0.26725839697212206,0.16482362054870497,0.16242650470273626,0.24441962857493474,0.18995662817934694,0.1743759709620243,0.11803160342988847,0.16467660022914826,0.19310992156028145,0.2564473446549705,0.22306721976721838,0.09582121529020111,0.18529282750392803,0.08386768344640287,0.20846561723104257,0.1881822072604736,0.09804182768332731,0.1740911883811325,0.14396278901631154,0.2618510309016058,0.19556268496668117,0.18875013004672342,0.227983893931369,0.1220965523204106,0.09623523086001325,0.18521625616150492,0.13341499714634575,0.019462354928499636,0.1642134148765734,0.08687394531667204,0.24957629499146408,0.05117797642789085,0.18937352714261543,0.32102788624364365,-0.1526691340950543,0.0766906934193697,0.03733568852802147,-0.00417635461243266,0.007449453675110181,0.02423545327619218,-0.05220701124931245,0.1365620061242485,-0.16619042471005052
0.08558899387864723,0.11235768160542073,0.12863115309217563,0.27731907638605735,0.30158761695446124,0.24398736630231668,0.22370160385234958,0.15188515030047556,0.1771611006321411,0.20252511831730358,0.27324888725534485,0.5799754257545152,0.17038455605569677,0.16956031397787608,0.2564435240796176,0.21347434509592086,0.2154256193375497,0.2496627947303985,0.21771435083817545,0.18216559794282017,0.1997580023009396,0.18872724498424964,0.1517776060990534,0.13599333276155035,0.2642148653008348,0.32591228974922865,0.20634797770417168,0.11489635440420749,0.17103251506868133,-0.06075848092918058,0.21808567928775688,0.24956200242100776,0.01592978383066267,0.193028695581793,0.07910285993286709,0.2990528115234882,0.0412318782345244,0.18581266623355736,0.19675814966204078,0.1741146525699395,0.048886578719865396,0.19426080260658382,0.08978966748991143,0.030326063732954763,0.23219839988219376,0.02287792195544761,0.20358509753036877,0.06021828682519297,0.06797476071750326,0.05063983003686693,-0.09835402617090074,0.22459306424452893,-0.24194161292105426,0.044298373543482455,0.06992203370156985,0.06001456610138778,-0.13285262619234536,0.16715264470757232,-0.2206059561608514
0.04588489549010576,0.10629709166599378,0.053713154069242285,0.1890516829491059,0.2094222578745235,0.17911096412421887,0.1532429906991632,0.20773191520521317,0.14445654883287673,0.20463024364977003,0.2216591278485962,0.17038455605569677,0.35227904730938636,0.12177122922866311,0.14434603803888862,0.17951492387785314,0.19502918298843167,0.1300381482973771,0.15287760995373667,0.17866014424218024,0.13440342759319893,0.1791067923534725,0.09537614609647108,0.13541282515752567,0.1508464663353933,0.18376607847482132,0.16973099400252883,0.08987769928734872,0.23369908135972672,0.06719493383975562,0.1597450518278408,0.1624217484385688,0.09317884565025035,0.16996866890966741,0.13009557470652647,0.22100754180484564,0.16927164861932117,0.10626996198771425,0.2110892598240054,0.08694349758937604,0.06685706361177488,0.13502422764330904,0.07674357678355465,0.022953070101101855,0.039355173374278296,0.07433512491593329,0.19696067440377496,0.034192246436039665,0.24175626694066862,0.28527254378795214,-0.1393511105423023,0.04449069790509761,-0.01622023575147263,-0.034473889672588215,0.03097146360900187,-0.03231984581705625,-0.11384730131187298,-0.05305455839899171,0.14076607892983886
0.08131746693166382,0.067311363399869,0.04883986347680583,0.22257710674047204,0.23618546143773841,0.2530675435740769,-0.017972745230036075,0.24662655433242076,0.11554154056797744,0.19469547279917632,0.1739018410339366,0.16956031397787608,0.12177122922866311,0.5380203878680839,0.10729430565818017,0.30429703014044934,0.14650072329653607,0.14699340156542479,0.19538610260813533,0.22410907363538332,0.1656796983282504,0.2059131901234312,0.13666085191810126,0.145747453126141,0.19841187530388693,0.2570104897565803,0.14397064191238512,0.05081617273808572,0.2674560207522841,0.06424821237859892,0.1817502904829327,0.3136389570131112,0.029704120130356025,0.2508375980934496,0.14515604161007747,0.22874749861920124,0.21065903431635669,0.2383064126533818,0.27909517656871485,0.1321076476553465,0.056892674919727736,0.1895185208292254,0.0980561576629945,0.0439981828441526,0.19916321716083332,0.06578523882671386,0.3627069973839905,0.0262667578610564,0.36406865652838505,0.2762901801465452,-0.12017685745858582,-0.13819841235273947,0.09536990051624161,0.0040495546887980875,-0.05926363848749205,-0.011398918529820109,0.09199094752674153,0.023814975896520697,-0.07243240432365351
0.05889457847051702,0.07469247452991494,0.08803660314850768,0.24467093841767554,0.4034675501664654,0.2218165984211421,0.1714193405842971,0.2577220125878415,0.13392522278913577,0.26267827391321,0.28852838702901523,0.2564435240796176,0.14434603803888862,0.10729430565818017,1.1395272865135564,0.030834099096600145,0.26427066738503313,0.07288181721825485,0.2779239181725969,0.2553331128229643,0.14965702706333026,0.017424144417498687,0.03067133560765241,0.1810026805888869,0.27972713772396923,0.16128657695305143,0.3202161742517085,0.21380872400800158,0.19044221475021347,0.36579337247442445,0.21719195383344347,0.07710264571603662,0.2558529594631073,0.07884763654904896,0.0551618591702921,0.24434579812895807,0.3104424282413964,0.16714376235992626,0.1713638134226486,0.1341185106409914,0.3785060234357805,0.20800042909547214,0.17662166474108051,0.023850966289424857,0.08933770181417404,0.135653539843621,0.28371889886309326,0.0605657066862745,-0.08427764810521604,0.26668792997263846,-0.20891624150965435,0.15436763698326222,-0.07094096150484652,-0.012974432730625306,0.020805385250713557,0.07605197045520755,-0.18354349464846922,0.21745939257883265,-0.1650504786482321
0.06505485054364005,0.08927337801475417,0.02571999950924925,0.26405360477900025,0.3723048297382232,0.15934683265165017,0.11613899994047996,0.18738168749718792,0.023956948530934778,0.1742638108485351,0.14294731943953942,0.21347434509592086,0.17951492387785314,0.30429703014044934,0.030834099096600145,0.7177568338566725,0.1484280530808036,0.21513135874566394,0.22529962408323279,0.11815299192555265,0.1661276529889128,0.3556469131210125,0.15236662952667507,0.13278114960151377,0.24464873857213199,0.17507536334219634,0.13512182915127197,0.09666342208903533,0.40036859871627434,0.05759518088081956,0.18226195975534776,0.2847089871322024,-0.01226587793804209,0.3099846547657371,0.23221612706353842,0.2178737828012828,0.16474907758527377,0.16493881509820343,0.27589421141895865,0.12000140895185488,0.06636455497451461,0.1709270906863903,0.10042959097137312,0.062208393787134615,0.18150192133100262,0.00264459450246728,0.2700959248400449,-0.0148816786775587,0.41289300525453176,0.22080895056455546,-0.17592480759028886,0.04840349470158843,-0.10480036096402559,0.03740672027953289,0.041517630318633564,-0.018886067894739653,-0.1617009211012226,0.1365980640976974,-0.047637989401120524
0.06545334773274979,0.07656212590865351,0.06462816593722469,0.2208765312396371,0.14239886046984468,0.27482976092449285,0.21062141650375715,0.26335950054267687,0.24482284927570708,0.26660568019448,0.26725839697212206,0.2154256193375497,0.19502918298843167,0.14650072329653607,0.26427066738503313,0.1484280530808036,0.6729411736993657,0.12948210952905928,0.15167123647683864,0.23719062347759368,0.2508260945356753,0.22518107927252692,0.10541748394726703,0.1697865916999397,0.21249222535569923,0.12785734673805835,0.24873359489094762,0.16728861026975927,0.25754910562176453,0.1948072503485896,0.201502714802079,0.1571597692801614,0.1765568679677666,0.2236529965929997,0.1792723744671792,0.2196519842185735,0.39679185997472827,0.18589786545000817,0.16801686407838662,0.09711108908168718,0.17988962991683236,0.20381449657660078,0.21082691469657988,0.03407667975038942,0.2100387054199769,0.13726344436519183,0.38078188926548406,0.022337716356713177,0.2662689731466198,0.20918172214915673,-0.09759355638857733,-0.11628163375958621,-0.08208781178512019,-0.02336977717031734,0.07413794801642051,-0.008488667961390042,-0.09411527056685225,0.18434139654227996,-0.19159156644367456
0.08163820772086398,0.4671609381977577,0.24019390693812911,0.1450396509945542,0.06734817786933421,0.21955286203533791,0.10411905805211114,0.22640008507822504,0.19801415835756445,0.303897685255323,0.16482362054870497,0.2496627947303985,0.1300381482973771,0.14699340156542479,0.07288181721825485,0.21513135874566394,0.12948210952905928,1.1842881486451995,0.1624234164315898,0.12579103264878835,0.264684705655144,0.2375085442283809,0.6804035993932767,0.061810566216733226,0.3117421873858508,0.5648092822900039,0.0054879318749393785,0.11514861469265845,0.35606042197574717,-0.12578377708239843,0.35716589521009817,0.19670007565244157,-0.06266680022665876,0.2897011804157416,0.20905054106843562,0.46367033104551714,0.21962150617977488,-0.03757425321492877,0.4172949029745986,0.23708020448175107,0.064771695488173,0.21224356644060297,0.10267956524789879,0.05177950262927281,0.27642583653403163,0.2261531669728205,0.2519715186497954,0.007058680763346985,0.09661438125384884,-0.08655953191921366,0.46285973097226557,-0.23366282795153726,-0.42963125091566595,-0.17310537520190422,0.06491162397565632,0.04887211834636982,-0.1855132862530216,0.4859116121527145,-0.48111236083695963
0.04344990159701556,0.12770537339245547,0.04632501496685214,0.26652516336303456,0.5525119250217788,0.4721574813047892,-0.01683688547760036,0.24931249265059582,0.12797168996083672,0.18583779486900817,0.16242650470273626,0.21771435083817545,0.15287760995373667,0.19538610260813533,0.2779239181725969,0.22529962408323279,0.15167123647683864,0.1624234164315898,0.8493914071868983,0.20633897531174644,0.17520234987171385,0.16262025117050732,0.0439113135324386,0.14649608402661585,0.23471795083815758,0.1804799169607147,0.17892320474942858,0.1970182785815003,0.09103084688691733,0.021009742651602534,0.24306137766169322,0.21709351095118928,0.1781101547816333,0.09218717495762506,-0.054721320650791556,0.20770148253813672,0.2269265483253198,0.3131552051389257,0.2762528037854838,0.19319539264336386,0.15655377169615253,0.17438962470022107,0.1816405347725975,0.02982543615696822,0.27592619885662023,0.06369537706807024,0.09718261659180642,0.06291753588319839,-0.0988697106471232,0.3261372522400949,-0.03539347375742529,0.7025900900385859,-0.4839847008229404,-0.060127260144065164,-0.0663921770990057,-0.030748670694642773,-0.008579954012052807,0.12881946421105891,-0.032359172281142115
0.011458303093149737,0.31718988827276834,-0.017396724571776184,0.15619664421283042,0.0816273813158029,0.5013826625737158,-0.013064537288479302,0.3361211977520343,0.16732934633489888,0.328261866309077,0.24441962857493474,0.18216559794282017,0.17866014424218024,0.22410907363538332,0.2553331128229643,0.11815299192555265,0.23719062347759368,0.12579103264878835,0.20633897531174644,1.5059694828046264,0.24320097267948776,0.11184246688415933,0.026104341506058847,0.19036122395202038,0.22930791944448348,0.37202029060767,0.17216367180048872,0.06461458589880718,0.47644056057210254,0.33893618007646437,0.3435309103799441,0.21289874170876247,-0.008769910567693039,0.5100776074166913,0.44412577483408433,0.2312595187701255,0.8302158396845736,0.6327049495288314,0.8757752667960241,0.40222034460437556,0.32427254855856347,0.34238465515056216,0.2663815403225989,0.005593032464997406,0.5358281327353192,0.3592207886226106,0.4515977042070564,0.11223490357566035,0.1495127306013068,0.2901222304868799,-0.2677443944228313,-0.03965856669520608,0.3763825439577116,-0.12988372208504936,-0.0774542800163755,-0.044450093714844964,0.06372707060942114,-0.08977838348398727,0.0987677257756312
0.0779936402999256,0.2509725364118753,0.15047322252983902,0.16706932058715754,0.10848107350455888,0.28738102727342113,0.15009949341686676,0.14999409613811956,0.2078460210789334,0.17926667824333034,0.18995662817934694,0.1997580023009396,0.13440342759319893,0.1656796983282504,0.14965702706333026,0.1661276529889128,0.2508260945356753,0.264684705655144,0.17520234987171385,0.24320097267948776,0.6164943170216527,0.1933360104185465,0.13274594634893677,0.09548425705393658,0.16070020668775478,0.24625655401110985,0.1334585078776253,0.18240615581640932,0.11729131473207771,0.16627141222523534,0.20770052703111566,0.21092372406924914,0.05038275139166248,0.2240113079714844,0.23012496178638459,0.2045449589257797,0.36933174307812533,0.258811991130987,0.21296396179421814,0.07595023677367366,0.19974056811805949,0.450355346280692,0.20475028236096682,0.039542875353635765,0.5192749119421971,0.05348803169923233,0.3392396827075667,0.04212134809103605,-0.015276722045592592,0.21281483512041766,-0.07742892750242196,0.09151627373968596,-0.1896689719907905,-0.010003309070320281,-0.009317552496970466,-0.01234455024653456,-0.10406116997882292,0.22190469497999568,-0.17707488292762508
0.0838906446166296,0.09036374584881504,0.07715254651273373,0.19182649467246152,0.15678783667582077,0.21951894081106726,0.15457502738322557,0.13339970010465177,0.3629275995767916,0.1586181597314653,0.1743759709620243,0.18872724498424964,0.1791067923534725,0.2059131901234312,0.017424144417498687,0.3556469131210125,0.22518107927252692,0.2375085442283809,0.16262025117050732,0.11184246688415933,0.1933360104185465,0.5194141162614645,0.21408285488793136,0.15780418650696873,0.16197136315773852,0.2138529181505567,0.20295305495489302,0.12808706284898688,0.2488103701190838,0.0977709711357579,0.19471891028066038,0.23318914314161612,0.11230864480087145,0.23576413179636876,0.16617509108655112,0.2667934595685893,0.22553344517967006,0.2039730553921062,0.2480431555128191,0.09679103579933476,0.06535677306920072,0.1727962315703284,0.23629228988605305,0.052352700308879986,0.17389598967413236,0.09676308469583324,0.24416190371745114,-0.040934679288847295,0.47089752486453623,0.235134166479321,-0.12646356407756307,0.11003067477506942,-0.09724651832744577,-0.0340335967603287,0.0660778894849433,0.05331572485338544,-0.09741562632982306,0.12227519906687898,-0.20952847392855856
0.04166545393847425,0.21800734571861058,0.09838485299189027,0.13175572872603306,0.03916205738345262,0.15599358109437425,0.10930945141363237,0.1288978948332394,0.18244237442400268,0.16509761134292725,0.11803160342988847,0.1517776060990534,0.09537614609647108,0.13666085191810126,0.03067133560765241,0.15236662952667507,0.10541748394726703,0.6804035993932767,0.0439113135324386,0.026104341506058847,0.13274594634893677,0.21408285488793136,1.2664233481944047,0.2729081746564799,0.30782203186932977,0.09593785515104039,-0.016044005008919168,-0.13215444314206531,0.43204207490220375,0.09051082711018714,0.0058946500423849415,0.12580585777552508,0.16147579274762322,0.2865958279616569,0.009208618944747015,0.5162283711551591,0.12879141831087107,-0.1865386535289138,0.23010184405905906,0.0878042839185259,0.055561822312469304,0.09878584512943568,-0.018751486415937685,0.06978613282630221,-0.31937204817310694,0.29121580695116833,0.18168548195942746,0.031927300194106466,0.14830015789962273,-0.2937787894788711,0.24593361731631105,-0.300612610572028,0.17165031430353406,-0.14912245527645296,-0.018078143915025432,0.02016509304441502,-0.11787482717551688,-0.1660804140286765,0.2388521274018454
0.04936116361341447,0.049111024336528565,0.07167861928515035,0.15849557573195494,0.14090984859732564,0.21122319658344174,0.11828113467304176,0.12433282399395457,0.17349994018857384,0.15951290163676757,0.16467660022914826,0.13599333276155035,0.13541282515752567,0.145747453126141,0.1810026805888869,0.13278114960151377,0.1697865916999397,0.061810566216733226,0.14649608402661585,0.19036122395202038,0.09548425705393658,0.15780418650696873,0.2729081746564799,0.5969716360996244,0.16937262962081917,-0.05677748369857438,0.1967778191137275,0.1766685789283539,0.1154877341338668,0.31566648733060776,0.303584227233361,0.195316034413296,0.4520255301185162,0.10591968559688918,0.07255449022659333,0.5128864343110399,0.34233672585502123,0.17760846930377328,0.12505090389992898,0.0017531678222218162,0.21866540371751067,0.11633252965493762,0.1284862295560993,0.030109822862936106,-0.15214404201185422,0.1444207881796436,0.1050312950291584,0.07550362064628531,0.16278788968657895,0.21144372688239751,-0.2727916007645935,0.26319772043831613,0.11066035735745157,-0.07769304663762171,-0.05637147979968174,0.002291997166814877,0.17272388019802273,-0.9001683744147181,0.7968415654787184
0.08612323218870693,0.21446468398527138,0.19507260047692648,0.20065305893859112,0.193146857089162,0.2642274832667707,0.1056951175327624,0.26241272674676247,0.08347943583303523,0.2208620721190798,0.19310992156028145,0.2642148653008348,0.1508464663353933,0.19841187530388693,0.27972713772396923,0.24464873857213199,0.21249222535569923,0.3117421873858508,0.23471795083815758,0.22930791944448348,0.16070020668775478,0.16197136315773852,0.30782203186932977,0.16937262962081917,0.9399993278446974,0.28421902111899594,0.23007006509199282,0.12526111866918185,0.4100995238872629,0.08388121345039873,0.2408483668312739,0.20717225237746162,0.055247963182629034,0.2953157084698922,0.1840731800712795,0.31877453347411633,0.09066390650523311,0.20614065469128534,0.2173536763405268,0.11196999890966439,0.0823831225895197,0.16915054506182134,0.14353046288493357,0.0454336145417554,0.09935466525679615,0.22525438252775373,0.2633807439283281,0.004118125043850268,-0.1779547162577082,-0.47073066660564783,-0.07267667188821313,0.3225162958585604,-0.034249786873689674,-0.05442978854640502,0.027108709806753103,0.0014471906606154303,-0.08825590696947895,0.13941959062188214,-0.09791417104273861
0.004585490083182926,0.17241546659576976,-0.02618550575425563,0.20169779263933812,0.17285570386953752,0.3598636114238133,0.030224852158800986,0.2704070364533335,0.2481594395877678,0.25043076486123034,0.2564473446549705,0.32591228974922865,0.18376607847482132,0.2570104897565803,0.16128657695305143,0.17507536334219634,0.12785734673805835,0.5648092822900039,0.1804799169607147,0.37202029060767,0.24625655401110985,0.2138529181505567,0.09593785515104039,-0.05677748369857438,0.28421902111899594,2.178427305804626,0.26983955639777824,0.26485218465054566,0.17770692018143971,-0.8738226688049424,0.3131765764480705,0.4434529725970183,-0.33373365760105683,0.2967214692995311,0.31307750586252703,0.10525616696566491,-0.37455279899487726,0.21515948150566436,0.6904765677694191,0.7410152190244986,-0.14428327898410762,0.3517879375602948,0.2551727961278376,0.03414387096230252,0.6053383058850296,-0.2960351508218736,0.2850939009544292,0.11054412353574122,1.0834311724813626,0.49788524459697076,-0.19061825876596444,0.04766151241876198,-0.7790705920308453,0.023970437083277552,0.04105954808192469,0.019733000768813357,-0.18473579933275397,0.6299310006266822,-0.6246952497002319
0.11717066511377619,0.1878028290626588,0.24072266360426314,0.1669406878028782,0.13828383644089,0.21984997152355187,0.14271093572089882,0.24286934846723773,0.26121670033374206,0.2540086714601716,0.22306721976721838,0.20634797770417168,0.16973099400252883,0.14397064191238512,0.3202161742517085,0.13512182915127197,0.24873359489094762,0.0054879318749393785,0.17892320474942858,0.17216367180048872,0.1334585078776253,0.20295305495489302,-0.016044005008919168,0.1967778191137275,0.23007006509199282,0.26983955639777824,1.4851792940488793,0.347857671980852,-0.027215211961153396,0.16944469776133478,0.3651604510397047,0.19515947697775146,0.3587061186688417,0.24102710165044688,0.20515847290677108,0.6063013475857997,0.3279162396971399,0.41933603019836163,0.08111205356045438,0.2523038667100049,0.12626155246381734,0.16896175979613856,0.5065175950427582,-0.01954111550288725,0.20903461686850605,0.2748511258907754,0.24332876154350006,0.11840877894608212,0.4156695074078313,0.24861516816421841,-0.39840986612732693,0.5811182970522768,-0.0005040178537865828,-0.08318699049787139,0.13110967087172884,0.08484207135641982,0.04571618484357223,0.272798757418529,-0.5021424084791831
0.02200219281967019,0.11035434040228845,0.09211210038892519,0.042787251421576106,0.021617117426440815,0.10929147192247524,0.10228813625107958,0.06942783324529213,0.16496925590948947,0.13163077436769835,0.09582121529020111,0.11489635440420749,0.08987769928734872,0.05081617273808572,0.21380872400800158,0.09666342208903533,0.16728861026975927,0.11514861469265845,0.1970182785815003,0.06461458589880718,0.18240615581640932,0.12808706284898688,-0.13215444314206531,0.1766685789283539,0.12526111866918185,0.26485218465054566,0.347857671980852,1.521757584523278,-0.16384494978930922,0.18931040535883328,0.37584394301193436,0.18056560980951697,0.46060033043391085,-0.09629000584187986,0.7261690363172972,0.4977543591303591,0.5020730799334452,0.18072809898491388,0.05855073660835785,0.03166018272948394,0.15634444052339325,0.16109650225506641,0.2880016463871942,0.04036372569632368,0.3601908020219268,-0.12498541538830868,0.013841617734224645,0.10165357278839132,0.18285688451675586,0.5144302027355,-0.5408306521810728,1.5130471061399926,-1.4955316019390135,0.1141584802718717,-0.082028522922328,0.02132116325217696,0.05498708431620735,-0.1459690089927611,0.07697193260570954
0.05060825013058038,0.183233208495018,-0.09231252632035761,0.20485515703371557,0.21199378847565323,0.3111854683111334,0.04453117009761196,0.2558191377428673,0.02643293429571219,0.2798272000628045,0.18529282750392803,0.17103251506868133,0.23369908135972672,0.2674560207522841,0.19044221475021347,0.40036859871627434,0.25754910562176453,0.35606042197574717,0.09103084688691733,0.47644056057210254,0.11729131473207771,0.2488103701190838,0.43204207490220375,0.1154877341338668,0.4100995238872629,0.17770692018143971,-0.027215211961153396,-0.16384494978930922,2.7189505179455566,0.08953621787849611,-0.021737978565305797,0.28329243730751563,-0.40409632714726323,0.9769104694077558,0.27075280809960534,0.18868665227412618,-0.1478962368034918,-0.37149635651251656,0.6490046640801552,0.1687594773479256,-0.0715002981859189,0.11643481833342467,-0.5079153832368977,-0.046609347829146074,-0.6327082802279289,0.2677861803745996,0.7952890768350831,-0.0555339240222649,1.391632969121871,0.38037590850052955,-0.3197392953203401,-0.4927323279705501,-0.15647588674732435,0.1435342513322091,0.03331908935690887,-0.04794220198258496,-0.2218094409986083,0.316327127036315,-0.07640707859125115
0.018650912091357875,-0.06048728844349971,-0.4712960071984851,0.0950347320242092,0.07706078178344743,0.051488567744807895,0.17597019896814098,0.14184323484698277,0.1332259849729976,0.17356078485987564,0.08386768344640287,-0.06075848092918058,0.06719493383975562,0.06424821237859892,0.36579337247442445,0.05759518088081956,0.1948072503485896,-0.12578377708239843,0.021009742651602534,0.33893618007646437,0.16627141222523534,0.0977709711357579,0.09051082711018714,0.31566648733060776,0.08388121345039873,-0.8738226688049424,0.16944469776133478,0.18931040535883328,0.08953621787849611,2.6675373446462323,0.19382470271482838,-0.1851638930274982,0.3525587225410172,-0.46247970852579307,0.708620266821405,0.40109261917275857,1.1258959639877764,0.4157398138329411,-0.014377275708506684,-0.1002067611287826,1.1502360645804688,0.1621550662927243,0.9593781025350023,0.13896376702567087,0.5213397578928192,0.5982031213510082,0.27024726615486955,-0.05748369668401597,-0.18769194086171245,-0.2843993614885545,-0.21541977816572846,-0.3214636455817794,0.842441628362199,0.042959913462873894,0.08633529967036702,-0.09283188849059197,-0.17004479359548685,0.3023198519134472,-0.0652612595405187
0.08967857513308052,0.2560349192742052,0.2256523576108972,0.1701480906468978,0.17100150962378782,0.26773375910006747,0.10173727063854136,0.21405766562529852,0.20865642269382667,0.2595456498014069,0.20846561723104257,0.21808567928775688,0.1597450518278408,0.1817502904829327,0.21719195383344347,0.18226195975534776,0.201502714802079,0.35716589521009817,0.24306137766169322,0.3435309103799441,0.20770052703111566,0.19471891028066038,0.0058946500423849415,0.303584227233361,0.2408483668312739,0.3131765764480705,0.3651604510397047,0.37584394301193436,-0.021737978565305797,0.19382470271482838,0.9328914976022306,0.2235645064136435,0.2696387142000028,0.0785486767956161,0.28769333941085434,0.8270618895847603,0.4894400612819635,0.40925027007164083,0.4307702459065032,0.15564480642360376,0.25535654958689447,0.21993216795200785,0.22578367830705354,0.027247918847954133,0.43359481728594146,0.15558034653807157,0.12392920363120828,0.07898787254635435,-0.177758608364193,0.5791636216677893,-0.19440305621035248,0.4253257899685406,-0.2780640296061048,-0.11508458800473834,0.009377368726239404,0.026188987668042816,0.05274872690708603,-0.1858060356041948,0.07950268821092984
0.055254159113313946,0.06616505330092909,0.06722135328936607,0.19740906741239334,0.20825852711730386,0.2679196513010796,0.052129695943741665,0.17852809501552208,0.14974454946661395,0.16893534395093862,0.1881822072604736,0.24956200242100776,0.1624217484385688,0.3136389570131112,0.07710264571603662,0.2847089871322024,0.1571597692801614,0.19670007565244157,0.21709351095118928,0.21289874170876247,0.21092372406924914,0.23318914314161612,0.12580585777552508,0.195316034413296,0.20717225237746162,0.4434529725970183,0.19515947697775146,0.18056560980951697,0.28329243730751563,-0.1851638930274982,0.2235645064136435,0.619310814433691,-0.054435341878782476,0.3158149274488825,0.12955011092681978,0.2945529959295068,-0.008181939202616997,0.2557978445446623,0.32771952055546427,0.1949111376199595,-0.024101935095910073,0.22422688930083248,0.06314699187103713,0.03213242976967665,0.2339875663581952,-0.050047648246480794,0.28620001794969296,0.04748520140203865,0.447331069465908,0.36408425643604514,-0.20032229112672267,0.34192298318825964,-0.43984601929932793,0.039788008671622695,-0.11249789003602963,-0.0313338288054955,0.4094228918589001,-0.42025193795012533,0.10156009676675666
0.06968454096799585,0.08434966632309729,0.1957361115730177,0.1462963803136922,0.17993633004651338,0.10824545382784322,0.1593020976405844,0.06661411564971369,0.2291626219705671,0.13859605126739813,0.09804182768332731,0.01592978383066267,0.09317884565025035,0.029704120130356025,0.2558529594631073,-0.01226587793804209,0.1765568679677666,-0.06266680022665876,0.1781101547816333,-0.008769910567693039,0.05038275139166248,0.11230864480087145,0.16147579274762322,0.4520255301185162,0.055247963182629034,-0.33373365760105683,0.3587061186688417,0.46060033043391085,-0.40409632714726323,0.3525587225410172,0.2696387142000028,-0.054435341878782476,2.0462503576460556,-0.3781305398550056,-0.5421033986795508,0.5503341765488224,0.6110858620843312,0.27273658062039935,-0.28852256878619514,-0.12559555708368297,0.31300206784127127,0.09703909962825463,0.3607821451164163,0.01437773387247729,-0.7167780890935483,0.3218126866663957,-0.044871300836420415,0.21909688159784294,0.02290305181807176,0.1096427753449036,-0.32913535869161153,0.4310281694738247,0.4369853003276347,-0.3750886309944998,-0.08060268836546886,0.05374809094270156,-0.05187766238879892,-0.6252285441640348,0.6976606874151915
0.09742693335216386,0.34720678856185894,0.4167719333074806,0.12101460249404061,0.04903137800436537,0.34657521807627006,-0.01093756363541813,0.25081634287371135,0.12570528348857013,0.28391720254832875,0.1740911883811325,0.193028695581793,0.16996866890966741,0.2508375980934496,0.07884763654904896,0.3099846547657371,0.2236529965929997,0.2897011804157416,0.09218717495762506,0.5100776074166913,0.2240113079714844,0.23576413179636876,0.2865958279616569,0.10591968559688918,0.2953157084698922,0.2967214692995311,0.24102710165044688,-0.09629000584187986,0.9769104694077558,-0.46247970852579307,0.0785486767956161,0.3158149274488825,-0.3781305398550056,2.371962816128622,0.44880937569913076,-0.06000571250808728,0.8744727837466452,0.09443341237821554,0.24873428342025333,-0.20457228429386545,-0.11439797481414196,0.2525705949404654,0.05859088446729929,0.09601435007923301,-0.2745863542774945,0.16359480580702415,1.0297667538693909,0.10134170311370344,1.113183312627651,-0.4907300054490361,-0.20828000078979753,-0.19536616788083525,0.3138218014349828,-0.1530355581730012,-0.018914030889066326,0.04648450584636841,0.0060158778905092065,-0.14009860151600315,0.11201127298553486
