0.7403613019750375,0.19856904186957028,0.36102960006832596,-0.18344613665076367,0.08219051291262666,0.11180005883446135,0.11403746060705994,0.003174949099690684,0.07913332459497852,0.0326304112351151,0.062032285721663694,0.05731461983331994,0.01942477465385224,0.06921887432501336,0.07337958283530116,0.0639979415086385,0.060176994879512134,0.07623752410550742,0.04555429839292986,-0.013256618846290487,0.11856473060739818,0.08256124698829133,-0.01316730434205744,0.00042719748773312145,0.050883413028225,-0.0016349634470395548,0.02753007138907829,0.028263214906438835,0.11432027320492062,-0.07422038710981413,0.09097740992616034,0.03148036552197288,-0.0013055682126960366,-0.08989529798113173,0.09153178998412913,-0.017822194666796926,0.02148814389888734,0.10550362306643632,-0.02979346696027598,-0.04649586645669612,0.119749006723109,0.031203533753493135,0.12110073785568877,0.10658579789618122,0.07411287437545608,0.06566633432641028,-0.008769969493255694,-0.02224919893697936,-0.0022089765275944777,-0.00654384614580363,-0.02790772172651645,-0.03554516048827961,0.031508917116401206,0.014287449327424958,0.005988253124197754,0.004063644899964253,-0.08704248828646653,0.2274970922853662,-0.16503978523824078
0.19856904186957028,1.1358813703213138,0.8856808302620933,-0.15107222796963848,-0.02179307104985659,0.25348036092593146,0.17720706864487076,0.01646962322962064,0.2025289051485148,0.09731362922383492,0.14328211731148946,0.08207665357758995,0.03152035985437019,0.08238292862566543,0.2494743037624679,0.12803242826471406,0.20389548942490462,0.28377584192892635,0.04491361053715093,0.1741704129112762,0.2391562917466589,0.1846027461062026,-0.17779583323982898,0.001985852388052762,0.0821263705884121,0.22277082443392932,0.11105300809024671,0.15478788864484072,0.3206465938306293,-0.13404615953096763,0.35851838980371487,0.0627332048216768,-0.027209640407051754,0.15904324255648528,0.27652677404309467,0.03245203797191187,0.3231808185873591,0.15474354473800808,-0.03709607620467862,-0.04612165141702179,0.06627933780084522,0.16156941154467813,0.32828890902869784,0.14159285126590268,0.347517004370219,0.19234096420569272,0.08195439834079782,-0.015614317704595737,0.009350309365440639,-0.08262924228994775,0.10538079174420416,0.0879408203525995,-0.05331055359157991,-0.08846910426893836,0.029420570990308387,-0.06968982390288832,-0.41967122901975085,0.6166461401362829,-0.29569005639885754
0.36102960006832596,0.8856808302620933,2.6378142657859036,-0.20619050664834654,-0.3384031836075514,0.2641263993592367,0.1619970911232402,-0.20704861053098694,0.242121942716493,-0.01767501713669337,0.07267930190878603,0.0632499687024555,-0.0074073260953921175,0.06327633923210432,0.13732936795210787,0.11129101504724259,0.16365054610152058,0.06916459690025026,0.009238317338853937,-0.0408796548156989,0.24894246966155734,0.24839245408027788,-0.2793296405819785,-0.03661401542699188,0.10884833683104374,-0.1072673628034787,0.061269000357894884,0.09291121272299445,0.4786049131276965,-0.660033489578161,0.27625579362599106,0.05465571448230697,-0.0671522521465157,0.09020068300874354,0.2060300486040209,0.3156608535046407,0.16926783754594546,0.18289076072572727,-0.24443612265391113,-0.33455754645625263,0.2877725538856805,0.14458307050641428,-0.022098244654139728,0.31484302592527036,0.13681533353635297,0.3616481010181502,-0.20142749487535347,-0.06405937458579208,-0.2885197283687173,-0.40750893850921177,0.1400666707449591,0.2852514927139161,0.04799383334399886,-0.13931600503742875,0.020074318611046707,0.125453732269588,0.002935706149918651,-0.28958716615377816,0.053939018664230266
-0.18344613665076367,-0.15107222796963848,-0.20619050664834654,2.1599859254986793,0.14756809149433364,0.28578609990340315,0.2478558082830988,0.41290335146253954,0.08022989681028268,0.3161541576746141,0.3036886109805381,0.37145266313580305,0.09017610349805387,0.34516973263153405,0.1653279197924708,0.31718051084614934,0.2356563130558607,0.2192727453811319,0.14076727900406105,0.17819595832798105,0.2445277665509845,0.24102219520553583,0.32740538776492273,0.2175442022251026,0.2769247997539283,0.30129458643858104,0.1689635541434374,0.029669823746672912,0.010273497195023676,0.20602525695503418,0.1197586149250107,0.285835135756924,0.1284079474129358,0.35314006417552324,-0.1394723437952612,0.13118753446929282,0.34495864325178266,0.2303123127277606,0.3347926870278103,0.12314855706442959,0.2510304693922816,0.1187232433563214,0.22041330605589948,0.36956349470932975,-0.15531907747600562,0.24155740828582295,0.31682250357112685,0.021116990172242986,0.12641806792416277,-0.12197777823671041,0.021653023779125445,0.24370814232016083,-0.043345036207812083,-0.14616845876158835,-0.07956749984824484,0.03572077474182166,-0.11646742847945145,-0.057813834380025665,0.15402577671548826
0.08219051291262666,-0.02179307104985659,-0.3384031836075514,0.14756809149433364,0.8543154294239168,0.1579200501713751,0.09619344004368093,0.21662146074255142,-0.01667196009928157,0.155019922945165,0.1563066470440503,0.19219481425464813,0.07907401397204152,0.14893457185927572,0.192337370598578,0.14906329112501182,0.08768222084465212,0.13720885908196143,0.27139048837716284,0.1673474110369426,0.10944421217294749,0.064453018675079,0.2260091315176851,0.059401556485522575,0.06580614482105122,0.19481382201836078,0.0860941642599419,-0.025024413324818088,0.1068774019707007,-0.14580939842552193,-0.04707351245907347,0.12618610869578287,0.08056149509753276,0.1354498059367455,-0.052104643207444436,0.10561637039358739,-0.08760797294666596,0.10546162013460016,0.05191490209272465,0.12688491522342676,0.04708446713036479,0.07343257435979361,0.03439445893545894,-0.0512077927169205,-0.13513234779900962,0.011766016290024921,0.01230495032126182,0.02464424419769104,0.24131984828329442,0.15398146579384675,0.03897484362147807,-0.29246250515875644,0.06907067230690313,0.14755080632297338,-0.09172065036694749,-0.033722894895516456,-0.1201710844073984,0.11328177173476621,0.07775015644839338
0.11180005883446135,0.25348036092593146,0.2641263993592367,0.28578609990340315,0.1579200501713751,0.7329286940219658,0.2752739753589771,-0.01578728392653301,0.12522832093191205,0.14294290384115738,0.19902433231066502,0.19688700050371638,0.06536676844853397,0.15949459975609032,0.24085028030142894,0.17282961112003753,0.17670924820244052,0.1866217739879665,0.26151449603100324,0.173143531427226,0.2102974231434719,0.17912972326539564,0.006859652583638134,0.04440805079592815,0.07525581733349941,0.2865585911233788,0.09898474571104152,0.06931055791034466,0.11168870032091245,-0.21728557555912142,0.16459862051049787,0.1504144129946697,-0.0955458592704166,0.2249101199439027,0.13011881076015538,0.04978182636648127,0.12583808694813042,0.1383900655747557,0.10170478729697426,0.1004967523063582,0.14227956723491514,0.11282919920968787,0.21321775156743203,0.16836099345284358,0.07164611020971429,0.13137610329903776,0.09478056386742643,-0.024146124181905957,0.06074755362833733,0.43168043858504246,-0.36468165004694103,-0.056559239579884305,-0.20891752551396725,0.019204109974831185,-0.04177396888324116,-0.0016222618342744545,-0.24567603853426356,0.2450734435618755,-0.07225646037765095
0.11403746060705994,0.17720706864487076,0.1619970911232402,0.2478558082830988,0.09619344004368093,0.2752739753589771,0.4920904439353809,-0.03409079885112547,0.19609462420472204,0.1286161140126272,0.18949876746204442,0.24430652310170212,0.050532569963024056,0.11230281241811474,0.15169034825453365,0.14775043035903285,0.15637503136183978,0.2041613505355196,0.07952831752758757,0.05448609082330182,0.23481608772298054,0.17942777655463926,0.29023438915485555,0.09823684843024913,0.17628651262177722,0.19505282483964156,0.10456418458211109,0.07457578685489316,0.21653824033911956,-0.02939876548086308,0.022253761722357965,0.12828533956970908,0.10182793093419772,0.18332655248487423,0.0456178704731776,0.13374900643960133,0.1468562597232723,0.0962534588227215,0.04081426084007707,0.029581054879103535,0.13676622973282676,0.10552020051442472,0.07138883388691845,0.06784958536290493,-0.10613939990480599,0.13239933458357764,0.04142215071052509,0.003928667415143785,0.2060814748823871,0.08266358622034356,-0.1202464422645917,0.040387301686392964,-0.03524643661191627,-0.03380011926740436,-0.037555284806253475,0.028381710851003095,-0.1815090550999739,-0.031750464086050895,0.16049494537972622
0.003174949099690684,0.01646962322962064,-0.20704861053098694,0.41290335146253954,0.21662146074255142,-0.01578728392653301,-0.03409079885112547,1.0871976613272856,-0.005908491809690572,0.3290507074300176,0.30396667913922826,0.22978990622036002,0.1136182959829566,0.2500206128259088,0.10640339111657734,0.24782607209771487,0.32476701002215214,0.2416615562409681,0.14537930213347028,0.4021208393775225,0.06878182055123105,0.17808457958014812,0.21524809975329398,0.24360981437720375,0.30163121603574616,0.27622914236509316,0.19501924807267065,0.27443265183320514,0.13746931770139686,0.4355636312364829,0.2877313709711604,0.14780024154549842,0.01761782226293521,0.364158133153962,0.46610896608870156,-0.15307908312545052,0.7453375413550172,0.23409527598939436,0.6611340200314916,0.26421362815944743,0.1954250383263465,0.21366247146258602,0.5680887141990243,0.3010939972155988,0.38733665741646084,0.25305453873335687,0.5344563129366712,0.04002499150738976,0.18706995353874226,-0.21630511970108535,0.13202441852570374,0.34380310094273253,0.06213095843050764,-0.24279383443098243,0.12918079074513034,0.03819719617759975,-0.12730653579662154,0.20996088219034464,-0.2411963215677694
0.07913332459497852,0.2025289051485148,0.242121942716493,0.08022989681028268,-0.01667196009928157,0.12522832093191205,0.19609462420472204,-0.005908491809690572,0.6941028940600055,0.053298680223688506,0.03872513755925181,0.00856006423362934,0.0030712141286578557,0.09561894967157437,0.06808109425700463,0.0790395010100285,0.10838681382676726,0.18657960028234802,-0.010485816561413001,0.03418183445561943,0.1783454702929649,0.3183328930199935,0.2728824876952712,0.1102378338279757,0.12599575338968763,0.18594539872062504,0.06773516261833994,0.1163811233656226,0.2631109491907366,0.055065965382581315,0.08379177517440899,0.0873461066708971,0.18570025215977207,0.1566187169860316,0.06930654180807874,-0.012632969778664108,0.28301485673098115,0.11328386199358803,0.06188773049140031,-0.033952043023349206,0.11294825791159466,0.09008026395167851,0.14678560541360994,0.10838267050032396,-0.05756460283796841,0.13855851078527784,0.1301767052110496,-0.026596527569340413,0.388924631466041,-0.13896835224328358,9.188412326133154e-5,0.0823675942832913,0.060508423462665835,-0.10248203994611016,0.055094874514352514,0.07108035887346006,-0.20358581769598433,0.05319657208129451,-0.03865174302588461
0.0326304112351151,0.09731362922383492,-0.01767501713669337,0.3161541576746141,0.155019922945165,0.14294290384115738,0.1286161140126272,0.3290507074300176,0.053298680223688506,0.6103794936236914,0.23428594620042087,0.14224766173721695,0.08016488545869312,0.15048361250588926,0.18045309391959058,0.18996948181983267,0.26238441191729617,0.28934104943464944,0.09512555232443833,0.1807713446276575,0.13003256721279877,0.18363685294853171,0.2697991425190296,0.16549437919643273,0.21753354060228489,0.15250608639230193,0.13808589372823282,0.16167688698991864,0.16172834186092586,0.22731723665628084,0.1786266077516466,0.11011359891078032,0.05192834525903208,0.25800128069388434,0.267918490689759,-0.048433611390337875,0.4082519156169801,0.17761770824422382,0.4006448545567659,0.17158805595173982,0.21695933870713016,0.15489157653391866,0.35087355722708885,0.26006274138165414,0.1287316675817566,0.20273696188579693,0.33829093158059415,0.0051827998813740285,0.1309089292261436,0.07560390609926941,0.009772594254806732,-0.036338362002832095,0.020732908016168245,-0.055671155831261435,0.053407942768217864,0.007881046050741991,-0.11181930101970097,0.16977621108961913,-0.112252471889249
0.062032285721663694,0.14328211731148946,0.07267930190878603,0.3036886109805381,0.1563066470440503,0.19902433231066502,0.18949876746204442,0.30396667913922826,0.03872513755925181,0.23428594620042087,0.5536155585083883,0.3122380149055071,0.09019754876916243,0.16832559551686,0.22805007357215945,0.2076997158359365,0.2665391221219571,0.2410220442185199,0.08362292637279474,0.2572784743323425,0.2357427324341983,0.15539741314017358,0.24152655079163182,0.1670130641562467,0.24729389182193345,0.24843250043003556,0.1655886999516683,0.16905663728981984,0.19468952561677225,0.14576363046458174,0.16958876344565624,0.14978225026545028,0.05854006035968923,0.27486304848951054,0.3001806633021981,-0.024402493229934062,0.4031521306077628,0.20765603452559792,0.2701091541186088,0.1385348141353012,0.17548508430439047,0.18807274583705808,0.35497274025004394,0.16194832050503447,0.17175818934855885,0.1974274848947283,0.26671442211961344,0.018784105998574902,0.08446700680217148,-0.04036322302204899,-0.03520069778659107,0.017082383216929366,0.07371225289300917,-0.06442410867049034,0.04939485767659492,0.03929797521940075,-0.16780177513683797,0.1864645688744617,-0.12629036805347385
0.05731461983331994,0.08207665357758995,0.0632499687024555,0.37145266313580305,0.19219481425464813,0.19688700050371638,0.24430652310170212,0.22978990622036002,0.00856006423362934,0.14224766173721695,0.3122380149055071,0.6077027790828998,0.07914204125465708,0.16392511737241636,0.13555729580608128,0.18785172516788118,0.14249722808956075,0.1259379903748182,0.12031241055368898,0.16610655863134474,0.12392936695019958,0.11350003636286168,0.1860239434984859,0.139560495485582,0.20920139028349233,0.19999979460312414,0.19106710202744126,0.13405029090028914,0.09513328750686297,0.07917305239753006,0.06980612711496124,0.1756343002497149,0.05043909651058267,0.22418890152150767,0.19877277076698757,0.1845152272918771,0.20090492084002953,0.15009550210341768,0.1792086234984966,0.13398195834948518,0.10375801655070595,0.16044968401696189,0.1805373157248582,0.09113528521181177,0.06376290149714933,0.14592345650835675,0.14239855713732594,0.03519040253187883,0.11870255937944632,-0.031056602216132247,-0.03195788107370345,0.028951263445496866,-0.0473154421964248,0.005737713186819935,0.022184302352556196,0.037450081604370376,-0.11510880239194299,-0.056005458840568935,0.06120864435544844
0.01942477465385224,0.03152035985437019,-0.0074073260953921175,0.09017610349805387,0.07907401397204152,0.06536676844853397,0.050532569963024056,0.1136182959829566,0.0030712141286578557,0.08016488545869312,0.09019754876916243,0.07914204125465708,0.17291150997268284,0.05755946576581985,0.028543028235166495,0.07047202227816554,0.06427732440665762,0.07650957232056795,0.057458426295285005,0.07732976400349327,0.03758870758787853,0.05375059588424161,0.11715755220239037,0.06628533676057065,0.08810500320223871,0.05051404257082864,0.0668469406840909,0.07221562646081786,0.12752834866852264,0.042640363006896165,0.02784313166645067,0.05264513603336072,0.044592732570396997,0.06847819620848282,0.10086633213394458,-0.013886599957718494,0.13867624157266156,0.04786314192566572,0.1424779199968808,0.06524057914748098,0.04435184346011124,0.05625064713544708,0.12302859577527459,0.058604010285838844,0.06062947005491443,0.0593249798676978,0.08335089328212794,0.00907485611952197,0.08395216891566529,-0.004105790437658137,-0.0015258665979631652,-0.00494794463136808,0.013251105510105719,-0.011671007565102406,0.019683770207594188,0.007790641807509749,-0.0447064838686572,0.021178422435583606,-0.01799044239050668
0.06921887432501336,0.08238292862566543,0.06327633923210432,0.34516973263153405,0.14893457185927572,0.15949459975609032,0.11230281241811474,0.2500206128259088,0.09561894967157437,0.15048361250588926,0.16832559551686,0.16392511737241636,0.05755946576581985,0.42604764109892,0.13730644594344804,0.2621057680315939,0.16761102032912376,0.15480104901104286,0.09577424032386102,0.16641332564625605,0.21134827010084778,0.21102220631993243,0.12023386420608786,0.1337296613076141,0.1479115604930583,0.299323299551857,0.13220210854614942,0.09586339717858956,0.10551854935143196,0.0761738504318526,0.17412380495863533,0.2733127107417182,-0.02411778862449595,0.23903453441208444,0.22951750841720703,0.000746545396144955,0.2391754418206572,0.17052175312779722,0.13649942372308238,0.06414029880271785,0.1997326093132594,0.1361057247753754,0.2581466893695689,0.23032022251658418,0.03302238287281338,0.13418540140310856,0.21663027940209068,-0.0024566203611741722,0.308478491612672,-0.026992871423100754,-0.005271680650069376,-0.021235866394371722,0.027349230069220253,-0.02530917042722032,-0.05960326966343011,0.040366592556116326,-0.10861137967170142,0.1328909987989828,-0.033567625288818084
0.07337958283530116,0.2494743037624679,0.13732936795210787,0.1653279197924708,0.192337370598578,0.24085028030142894,0.15169034825453365,0.10640339111657734,0.06808109425700463,0.18045309391959058,0.22805007357215945,0.13555729580608128,0.028543028235166495,0.13730644594344804,0.6433233607496068,0.15593231022640297,0.2377866349654366,0.32189325828587995,0.10623909897286576,0.2369696029090603,0.2890954139753054,0.12080282009784918,0.3725004393630136,0.14153843197713084,0.2813767107297342,0.2759675739116393,0.11257153024693069,0.18455082891129648,0.23993308514283399,0.08741003444754272,0.09385519476802273,0.10486765973027788,0.06216237957602255,0.22669029112212405,0.25146114624657045,-0.060545534828448724,0.3466109155623968,0.12274203241103077,0.20039886330528242,0.09928191068284989,0.21687406641782536,0.15775442946533147,0.29487427537980904,0.10653592714919327,0.0751269365671223,0.16150543447750607,0.23307265695728024,-0.0007602707028777419,0.1413387773148397,0.330290776728476,-0.11095522351806984,-0.08931862822580318,-0.09376725581658207,0.05496557694489958,0.020602990915961017,0.08059057371430393,-0.2677985121981802,0.15609489490908554,-0.01692595511598199
0.0639979415086385,0.12803242826471406,0.11129101504724259,0.31718051084614934,0.14906329112501182,0.17282961112003753,0.14775043035903285,0.24782607209771487,0.0790395010100285,0.18996948181983267,0.2076997158359365,0.18785172516788118,0.07047202227816554,0.2621057680315939,0.15593231022640297,0.500373347976956,0.2889273576864554,0.20900501058257653,0.09899175980554739,0.17891961924857475,0.16507417155358317,0.29741354813836157,0.12186053166470526,0.16530298726963977,0.21645989533528234,0.22452456593390394,0.16142139148418386,0.2069356697768038,0.27438984832468594,0.07586487510513927,0.2426721971088108,0.20304553037234632,0.03224149412476856,0.24943015151004325,0.37491001160119525,-0.02572412087208814,0.4119957839969892,0.17764368607828956,0.31752631662613096,0.15065851401732147,0.17869105897363152,0.20226360992370152,0.38197902797198247,0.2883641329623715,0.1827237127480049,0.20226456251380587,0.24242204003175863,-0.020149313337265787,0.20260557898029197,-0.06310693771149377,-0.010145889919992457,0.014412253724781506,0.01191676244232603,-0.043707089600154944,0.07369984012204661,0.060392108562781294,-0.18854041344916483,0.07939871302092945,-0.053432811983306766
0.060176994879512134,0.20389548942490462,0.16365054610152058,0.2356563130558607,0.08768222084465212,0.17670924820244052,0.15637503136183978,0.32476701002215214,0.10838681382676726,0.26238441191729617,0.2665391221219571,0.14249722808956075,0.06427732440665762,0.16761102032912376,0.2377866349654366,0.2889273576864554,0.8793224381601352,0.2814139818901798,0.11257748003211691,0.3587734900973788,0.28218312891482217,0.26673932454981014,0.18787111740128126,0.21303762516244001,0.2705923885383727,0.11293627818825634,0.15694641708805765,0.30663762812611634,0.41210956997309545,0.12100044088632207,0.3108187245356385,0.12428434333858218,0.24694698949340088,0.22950944765110062,0.29482751143199715,-0.15939983616076558,0.6802683549247315,0.32738627992502023,0.2579196836331111,0.1271981394903137,0.29865666539430497,0.23855164976791843,0.5444351725173868,0.22201624392343725,0.2972023129207182,0.2821459387839788,0.3530844665563247,0.012869152671725342,0.14792334740230287,0.2913551678903676,0.017532307014940473,0.05348707377967544,-0.10687345712344574,-0.13682276120034736,0.18667146173271973,0.06824226580046189,-0.23061766799076874,0.09576791040970277,-0.09265623222621865
0.07623752410550742,0.28377584192892635,0.06916459690025026,0.2192727453811319,0.13720885908196143,0.1866217739879665,0.2041613505355196,0.2416615562409681,0.18657960028234802,0.28934104943464944,0.2410220442185199,0.1259379903748182,0.07650957232056795,0.15480104901104286,0.32189325828587995,0.20900501058257653,0.2814139818901798,0.824810404056138,0.044320721450722356,0.08817661968213653,0.3829656285923433,0.22265201903199372,0.5691822880641003,0.149091806368378,0.3219808013951941,0.49555869258218327,0.059526591934821085,0.2840701470319587,0.14151408400588564,0.09987085571315,0.3474173242184547,0.1342537692400228,0.036464369611213,0.25315431144506495,0.3811758224761346,-0.2389561310683349,0.64494841980643,0.09319096866569716,0.35484638584023576,0.1417691852428595,0.20693041299019407,0.16888911182907645,0.4691960791882482,0.2867999982189966,0.269527344441164,0.20775418908701468,0.45257928793107943,-0.026997505688908074,0.14436835862567238,0.49274802236149584,-0.015872343065780066,-0.10956159815924504,-0.18983029274666635,-0.08749207133375182,0.05289722391291393,0.026184489764463324,-0.3041680615824406,0.4243284380885006,-0.25357828700175655
0.04555429839292986,0.04491361053715093,0.009238317338853937,0.14076727900406105,0.27139048837716284,0.26151449603100324,0.07952831752758757,0.14537930213347028,-0.010485816561413001,0.09512555232443833,0.08362292637279474,0.12031241055368898,0.057458426295285005,0.09577424032386102,0.10623909897286576,0.09899175980554739,0.11257748003211691,0.044320721450722356,0.5650196955107496,0.14956299599566275,0.1171912227532998,0.08874738705472854,-0.03277970230086508,0.04664874277736794,-0.00662542523015309,0.11257498725923044,0.061118668003664896,0.060737502349164786,0.056923846951545794,-0.0395658595715606,0.09222587693002367,0.09868518393879108,0.06355585546940931,0.09138419585173417,-0.04370103173802402,0.15110114740784464,0.025775525553140416,0.14775726618596874,-0.0025782450432156262,0.02740696162899384,0.11581807353484849,0.07533146243523575,0.031084075186903936,0.025998387098519284,-0.04926897777817853,0.10260590566959867,-0.039647721208761845,0.012701465110313327,-0.01290988036481811,-0.027257756258445075,0.16091585941744688,0.1861988354257624,-0.1273005086821807,-0.03524499174170519,-0.10237200446470758,-0.006527110130580067,-0.05765226651482669,0.05413482420002274,0.07543042744630335
-0.013256618846290487,0.1741704129112762,-0.0408796548156989,0.17819595832798105,0.1673474110369426,0.173143531427226,0.05448609082330182,0.4021208393775225,0.03418183445561943,0.1807713446276575,0.2572784743323425,0.16610655863134474,0.07732976400349327,0.16641332564625605,0.2369696029090603,0.17891961924857475,0.3587734900973788,0.08817661968213653,0.14956299599566275,1.2433978564978325,-0.15322268990388438,0.08115542351191647,0.23849458396093925,0.21873724079804002,0.23916472014142115,0.3805084442606656,0.29862142865360175,0.2724178317602389,1.006329249523873,-0.019296420998939984,0.14964622900957933,0.12891626695124483,0.12866631394746122,0.32311408823074633,0.30756856989977793,0.06614476439468087,0.5583974510927677,0.3173740815827166,0.6168403829247592,0.4640445028257231,-0.014934737019141489,0.27040330754782554,0.455645338573515,-0.4725446256686764,0.6074735658857642,0.22206603331249955,0.04182098529001556,0.07816948482748075,0.5698720851531824,-0.08573629517555409,-0.03585044614636843,0.11480418525561904,0.07587230565456073,-0.13339674900084092,0.134311983458168,0.08298007600134277,-0.12643511220408762,-0.05115746899521424,0.01693471886026457
0.11856473060739818,0.2391562917466589,0.24894246966155734,0.2445277665509845,0.10944421217294749,0.2102974231434719,0.23481608772298054,0.06878182055123105,0.1783454702929649,0.13003256721279877,0.2357427324341983,0.12392936695019958,0.03758870758787853,0.21134827010084778,0.2890954139753054,0.16507417155358317,0.28218312891482217,0.3829656285923433,0.1171912227532998,-0.15322268990388438,1.5833583424206394,0.18297948172809142,0.4207661660784662,0.1870647566491335,0.3083431810509179,0.4510854495441467,0.04472987977025021,0.15270465088760082,-0.34587707478322915,0.17402842801162843,0.11261701387715882,0.24910566920898544,0.11034728159027724,0.22039031301574147,0.180468720126921,-0.24970502167815092,0.42932258114528815,0.41003875223647424,-0.3065452689029733,-0.27206940002984126,0.809921090197626,0.1653799738245884,0.2971610394438356,0.5547498360651876,-0.2845346496379571,0.1621849369897637,0.33600110104001535,0.028891632943595588,0.24388858095497892,0.18185263282951902,-0.02551073469512773,0.09215200668744962,-0.11029564277618019,-0.02633091787377784,-0.04100491451468803,0.05475783117828827,-0.2580539736981606,0.19241428265687885,0.04619525848434306
0.08256124698829133,0.1846027461062026,0.24839245408027788,0.24102219520553583,0.064453018675079,0.17912972326539564,0.17942777655463926,0.17808457958014812,0.3183328930199935,0.18363685294853171,0.15539741314017358,0.11350003636286168,0.05375059588424161,0.21102220631993243,0.12080282009784918,0.29741354813836157,0.26673932454981014,0.22265201903199372,0.08874738705472854,0.08115542351191647,0.18297948172809142,0.7872916943569988,0.14229007574934283,0.18929103153538587,0.1633703366706545,0.19925821883869188,0.13239977961713717,0.19972020004824786,0.3710280890301444,0.09507111754558228,0.29806607238606186,0.20692831217601668,0.1399429836697973,0.28303612465823086,0.2726480003970312,-0.021754923804017397,0.45265173120629837,0.27129204914370963,0.38181691930346884,0.07569882093016317,0.25374584590967914,0.18976083987767078,0.3555613845826309,0.4630278392850107,0.019538370312107683,0.2860940083283724,0.24992318326007118,-0.13627135327852877,0.46500299935210787,-0.19790925793881675,0.028097783806563262,0.06652089189657664,0.027611471405990868,-0.11651661679573341,0.07607538456585271,0.07488582758001512,-0.20735497774777165,0.022421175428061157,-0.008657432920034508
-0.01316730434205744,-0.17779583323982898,-0.2793296405819785,0.32740538776492273,0.2260091315176851,0.006859652583638134,0.29023438915485555,0.21524809975329398,0.2728824876952712,0.2697991425190296,0.24152655079163182,0.1860239434984859,0.11715755220239037,0.12023386420608786,0.3725004393630136,0.12186053166470526,0.18787111740128126,0.5691822880641003,-0.03277970230086508,0.23849458396093925,0.4207661660784662,0.14229007574934283,2.072361124162224,0.39667871823354317,0.7362517048735757,0.07681657697450395,0.16919778973853805,0.24197674613101353,0.7676930291218906,0.1962370780683509,-0.692395321169531,0.08885783836025721,0.42870242443411777,0.25911440752179166,0.06993613140566485,-0.13472111330523284,0.5198276461587972,0.10893654554418615,0.3773660855105859,0.11784082422281067,0.48906828456824286,0.13141646853058148,0.26683511099178875,-0.11837216148554242,-0.34986498654420717,0.17495139183880118,0.3726441218445723,0.04778817159964292,0.8045399831359815,0.2897685220637836,-0.11381257290820518,-0.024727015572791354,0.06827354183713304,0.026136242102121163,0.02612440784746574,0.16754659698397434,-0.18032648039532387,-0.46494076727497435,0.5150680715050715
0.00042719748773312145,0.001985852388052762,-0.03661401542699188,0.2175442022251026,0.059401556485522575,0.04440805079592815,0.09823684843024913,0.24360981437720375,0.1102378338279757,0.16549437919643273,0.1670130641562467,0.139560495485582,0.06628533676057065,0.1337296613076141,0.14153843197713084,0.16530298726963977,0.21303762516244001,0.149091806368378,0.04664874277736794,0.21873724079804002,0.1870647566491335,0.18929103153538587,0.39667871823354317,0.5198919299551223,0.32787296427618984,0.04596553174758826,0.13680396961130614,0.36559085996387025,0.032379629195762705,0.6303575162680396,0.16669273223073922,0.13099707005260142,0.4679326109736511,0.130585799491304,0.2772025485719847,-0.04043738096329954,0.9012379290957918,0.3374703745795151,0.5149480497983459,0.15806543506852427,0.3593905267152588,0.2778340815892799,0.48810478247863925,0.3383806835283129,0.22631651153622045,0.2940643603867849,0.40246464077162153,0.07685245778726252,0.13568218039816876,-0.13758030559248172,0.0030697769370330273,0.11212374440066561,0.09151957786224212,-0.0881659539663325,0.06181316714540515,0.07343694856274119,-0.06275632987637447,-0.4821176713844396,0.4544861782446788
0.050883413028225,0.0821263705884121,0.10884833683104374,0.2769247997539283,0.06580614482105122,0.07525581733349941,0.17628651262177722,0.30163121603574616,0.12599575338968763,0.21753354060228489,0.24729389182193345,0.20920139028349233,0.08810500320223871,0.1479115604930583,0.2813767107297342,0.21645989533528234,0.2705923885383727,0.3219808013951941,-0.00662542523015309,0.23916472014142115,0.3083431810509179,0.1633703366706545,0.7362517048735757,0.32787296427618984,1.5586976606103125,0.28505172954964186,0.18662654801140485,0.27217747322158875,0.7247746952257966,0.29085722424286553,-0.07006191303014685,0.13862267713929513,0.17572274408351135,0.3870457481165298,0.3952452994201092,-0.07433016543823759,0.7332316521565655,0.30979627177403274,0.7350530966094584,0.17438694790399586,0.3220945779228377,0.2192330573594527,0.4384314502712151,0.3926442449196176,0.159456982483325,0.4514189374446689,0.4025063388628439,0.0030657248194556263,-0.19461456019932813,-0.3150356298559906,-0.039096409345225555,0.1958883100538807,0.14133995269878194,-0.10972128783828049,0.11111733465776819,0.11399237985481374,-0.13261694748028782,-0.26191416121044964,0.21506048015221058
-0.0016349634470395548,0.22277082443392932,-0.1072673628034787,0.30129458643858104,0.19481382201836078,0.2865585911233788,0.19505282483964156,0.27622914236509316,0.18594539872062504,0.15250608639230193,0.24843250043003556,0.19999979460312414,0.05051404257082864,0.299323299551857,0.2759675739116393,0.22452456593390394,0.11293627818825634,0.49555869258218327,0.11257498725923044,0.3805084442606656,0.4510854495441467,0.19925821883869188,0.07681657697450395,0.04596553174758826,0.28505172954964186,2.785637070010605,0.27860789980285583,0.211317326072452,-0.2818210568860513,-0.4977637253614943,0.4843174857643724,0.4772077587368815,-0.2865368606347244,0.5952773844197823,0.41170179276521846,-0.09932257831417492,0.399372888060806,0.059038899258045056,0.3550329062346603,0.45799183279808675,-0.20055019925774265,0.2332537175345019,0.2469628181066104,-0.28632689553189655,0.2921282331843261,-0.027313159785561734,0.14613348071237814,0.030997955553732602,1.045576237035033,0.5585804154183682,-0.07291456398534477,-0.13901279539136607,-0.4126384028494697,-0.11067299639352428,-0.02734691473245896,-0.035899407883976976,-0.40310889040894715,0.8701964359487663,-0.5196620263211199
0.02753007138907829,0.11105300809024671,0.061269000357894884,0.1689635541434374,0.0860941642599419,0.09898474571104152,0.10456418458211109,0.19501924807267065,0.06773516261833994,0.13808589372823282,0.1655886999516683,0.19106710202744126,0.0668469406840909,0.13220210854614942,0.11257153024693069,0.16142139148418386,0.15694641708805765,0.059526591934821085,0.061118668003664896,0.29862142865360175,0.04472987977025021,0.13239977961713717,0.16919778973853805,0.13680396961130614,0.18662654801140485,0.27860789980285583,0.5744636487727042,0.10103924273216709,0.31828993358941177,-0.019105159200087263,0.05482220608822435,0.15815219712773987,0.030147605129054036,0.23012866917330496,0.17025252726774318,0.29466137662295216,0.19489513029797267,0.22381327756449876,0.12214034972510601,0.20459786241630665,0.04996960113260595,0.20828783541157594,0.398589901402179,-0.195176017536263,0.2624011253470562,0.12054518332464009,0.08224792785349215,0.06345467576180633,0.4390873827566663,-0.11546915170456777,-0.014907862796312257,0.059829249247361375,0.03965726616908885,-0.021265074726157483,0.0868970257471065,0.028468019644272983,-0.08115341169671778,0.1328716811006679,-0.1445314529344911
0.028263214906438835,0.15478788864484072,0.09291121272299445,0.029669823746672912,-0.025024413324818088,0.06931055791034466,0.07457578685489316,0.27443265183320514,0.1163811233656226,0.16167688698991864,0.16905663728981984,0.13405029090028914,0.07221562646081786,0.09586339717858956,0.18455082891129648,0.2069356697768038,0.30663762812611634,0.2840701470319587,0.060737502349164786,0.2724178317602389,0.15270465088760082,0.19972020004824786,0.24197674613101353,0.36559085996387025,0.27217747322158875,0.211317326072452,0.10103924273216709,1.6699938688700515,0.28898275526318984,0.3881454659435935,0.4467955567521322,0.061821640759877054,0.7649014037750063,0.10316768344143297,1.171789204208237,-0.501147069538172,1.2487887361622017,0.2132562494031521,0.5250425298269635,0.2632454762464335,0.08429274881499427,0.4506626891473955,0.7271033779496828,0.3868337372420884,0.5459781474547961,0.24146455319675514,0.4244310620793883,0.09386560381441307,0.07037431911142393,0.30455891723192163,-0.041026902694816215,0.328477425405841,-0.5267024630711508,0.006775605295189389,0.1506725916125444,0.10079193429951469,-0.20616216810337076,-0.3754007169761862,0.36933336523083576
0.11432027320492062,0.3206465938306293,0.4786049131276965,0.010273497195023676,0.1068774019707007,0.11168870032091245,0.21653824033911956,0.13746931770139686,0.2631109491907366,0.16172834186092586,0.19468952561677225,0.09513328750686297,0.12752834866852264,0.10551854935143196,0.23993308514283399,0.27438984832468594,0.41210956997309545,0.14151408400588564,0.056923846951545794,1.006329249523873,-0.34587707478322915,0.3710280890301444,0.7676930291218906,0.032379629195762705,0.7247746952257966,-0.2818210568860513,0.31828993358941177,0.28898275526318984,6.728156237718117,-1.1581328790733456,-0.6351724702669546,0.06194549225678027,0.6988194949447876,-0.012304265797365658,-0.06945342283566848,0.35521832563654493,0.03691556197761075,-0.4249024964712898,0.07133026304317655,0.4244900506399737,-0.421791376713224,0.13218105040004016,0.12438355856464867,-1.7697382034815525,0.1343220254285135,0.42812004999761205,-0.17659166198435,-0.004487346486488776,2.5465265751917476,-0.15379981474551,0.07865698508625489,0.24038142093323558,0.0907195059162245,-0.22425748933946738,0.2693144009797085,0.22668660788098718,-0.4704663047168246,0.13779933803640507,0.008180890897605632
-0.07422038710981413,-0.13404615953096763,-0.660033489578161,0.20602525695503418,-0.14580939842552193,-0.21728557555912142,-0.02939876548086308,0.4355636312364829,0.055065965382581315,0.22731723665628084,0.14576363046458174,0.07917305239753006,0.042640363006896165,0.0761738504318526,0.08741003444754272,0.07586487510513927,0.12100044088632207,0.09987085571315,-0.0395658595715606,-0.019296420998939984,0.17402842801162843,0.09507111754558228,0.1962370780683509,0.6303575162680396,0.29085722424286553,-0.4977637253614943,-0.019105159200087263,0.3881454659435935,-1.1581328790733456,4.32706171714444,0.5878325358268585,0.04826584098812928,0.3272080917500345,0.053337121576562355,0.6973995305863099,-0.3332174860885221,1.521371034322387,0.4189795622906462,0.33205483437692324,-0.34094735827088746,0.6245958428950057,0.23978281563975878,0.8546696715361078,0.9289326404881876,0.5920725194301346,0.39840808987881604,1.822481139853621,-0.010633090915294989,-0.9236011305881322,-0.5296362295288396,0.2004668373031892,0.0979419481501681,0.3287011531552802,-0.2010853221900824,0.45148617317752227,-0.09762958261245804,-0.1571842506728402,0.5128400064663713,-0.5061428274865428
0.09097740992616034,0.35851838980371487,0.27625579362599106,0.1197586149250107,-0.04707351245907347,0.16459862051049787,0.022253761722357965,0.2877313709711604,0.08379177517440899,0.1786266077516466,0.16958876344565624,0.06980612711496124,0.02784313166645067,0.17412380495863533,0.09385519476802273,0.2426721971088108,0.3108187245356385,0.3474173242184547,0.09222587693002367,0.14964622900957933,0.11261701387715882,0.29806607238606186,-0.692395321169531,0.16669273223073922,-0.07006191303014685,0.4843174857643724,0.05482220608822435,0.4467955567521322,-0.6351724702669546,0.5878325358268585,1.7440950045935464,0.16738020650972876,0.067156044041088,0.13404198420672314,0.7106249077088739,-0.10899739671236523,1.098488914876128,0.28554379193757584,0.5230585499717072,0.17430871480177185,-0.007702827079701879,0.35107877540853555,0.7566305910550433,0.8418036497354148,0.9942517520206812,0.4224775973513953,0.4765385052018667,-0.01946967044462005,-0.8480473121522182,0.02531236925500197,0.10262294972377448,0.07225242549868495,-0.10623887335777851,-0.23090533026539134,0.18935182405137257,-0.030135171838812688,-0.14506836193314107,0.40169047429767507,-0.43764918496639194
0.03148036552197288,0.0627332048216768,0.05465571448230697,0.285835135756924,0.12618610869578287,0.1504144129946697,0.12828533956970908,0.14780024154549842,0.0873461066708971,0.11011359891078032,0.14978225026545028,0.1756343002497149,0.05264513603336072,0.2733127107417182,0.10486765973027788,0.20304553037234632,0.12428434333858218,0.1342537692400228,0.09868518393879108,0.12891626695124483,0.24910566920898544,0.20692831217601668,0.08885783836025721,0.13099707005260142,0.13862267713929513,0.4772077587368815,0.15815219712773987,0.061821640759877054,0.06194549225678027,0.04826584098812928,0.16738020650972876,0.5732613712108016,-0.05712070302126554,0.2615267199144537,0.12551412083194022,0.10728968537552822,0.031175926329544565,0.12796744305797902,-0.04514253252171648,0.01419947634985088,0.08094951185040186,0.10288142555799205,0.10322788398890347,0.1308653957189778,-0.05687532139518204,0.13426411410823894,0.1528586957651463,-0.014247070979768075,0.25016741336167586,0.005604311793444163,0.021118154083991977,0.08150545019800073,-0.1390486383526711,-0.030499522292332715,-0.11302976723665988,0.0023329619060773244,0.08807424135899358,-0.026818811916637483,0.0122757759239245
-0.0013055682126960366,-0.027209640407051754,-0.0671522521465157,0.1284079474129358,0.08056149509753276,-0.0955458592704166,0.10182793093419772,0.01761782226293521,0.18570025215977207,0.05192834525903208,0.05854006035968923,0.05043909651058267,0.044592732570396997,-0.02411778862449595,0.06216237957602255,0.03224149412476856,0.24694698949340088,0.036464369611213,0.06355585546940931,0.12866631394746122,0.11034728159027724,0.1399429836697973,0.42870242443411777,0.4679326109736511,0.17572274408351135,-0.2865368606347244,0.030147605129054036,0.7649014037750063,0.6988194949447876,0.3272080917500345,0.067156044041088,-0.05712070302126554,2.6312400844365,-0.3982067982415334,-0.774973341925905,-0.26141784417307695,0.8760098145789801,0.3913118173518957,-0.2718978152266261,-0.15536979212419572,-0.13853963067244363,0.2044098070160309,0.21986873496429177,-0.3100494189566338,-0.7296718778597261,0.2683687210521884,0.2234668498319643,0.2565933864854059,0.43881356709617275,-0.5139695659312252,0.21627477049480748,0.03294327871743775,0.22163457509014206,0.02447246949695622,0.07979448108802897,0.09671351900370147,-0.2273822455812019,-0.6489468145904549,0.9238504956461364
