0.9503782719962008,0.18854873836807803,0.15092214750602706,0.1786701073883658,0.3662671411550855,0.1514480539658675,0.24779049579531331,0.16522830159611426,0.11740333631914458,0.16834510542487002,0.16192664872753945,0.19351921008279713,0.16438578238740612,0.15531976626072672,0.11564644834678003,0.13476243460991466,0.1346097562373756,0.15701247287320863,0.009046896251872154,0.04458783484515653,0.13259392311849,0.16442456168713757,0.08979078788667474,0.032472367475760176,0.13207995474686657,0.13693918603381292,0.14358090305580087,0.0257859005220483,0.06840936404213849,0.058338325278848295,0.1035201686805268,0.14333887380889537,0.08351354818886733,-0.10542862062692354,-0.014890156952085957,0.09878619682061396,0.09861401041722943,0.19616234676448868,0.1083791816018769,0.11740150131280198,0.13809319203387846,0.07965664901408356,0.11838142914656138,0.031674951216712835,0.1767469059179948,0.04831356988914194,0.08948384054673214,-0.028836481204966433,0.07803811929884896,-0.07574965682905557,-0.006677554257109794,-0.0028048340291602133,0.028565255561020197,0.017056188540546226,0.09442908968046029,0.028059753034747708,-0.005382058733865219,-0.05253328577568169,-0.04686652841969467
0.18854873836807803,2.269456022809156,0.18183436347245158,-0.056537179852157025,0.12971146085661542,0.4610370427634853,0.11740001903308137,-0.07038339112468613,0.20946661698079158,0.005252889526126357,0.1416517342521994,0.16201336735734329,0.16233688269728427,0.08576893247052472,0.2451778731222752,0.048630939065305454,0.19822852851890665,0.27210832319431055,-0.2380587859958123,0.04121838859365597,0.03173008639764831,0.10738638563968769,-0.10644790340084981,-0.09872454081833922,0.013441025947416021,-0.1941155688875657,0.13194953666810308,0.00947188353053272,0.28087071079765435,-0.11652052034794713,0.16630713883279513,0.12013089692382721,-0.24775753926542268,0.19721818647600334,-0.04407729910869152,0.1604836062061497,-0.06187712135759545,-0.006875427430906792,0.2582324505988132,0.11548062059265177,-0.2235608598256035,-0.018276880851249993,-0.08212448362494879,0.043488592621492364,0.3371409758775128,0.1476194551729067,0.07843682835488917,-0.2151309216444597,-0.35596696563280206,-1.0468406008142963,1.265894336735023,0.29096354974628624,-0.3259781605037645,0.059000198179040536,-0.3701344390826961,0.0776505284815577,0.12838594533154762,0.06923215191654876,-0.14315608252481976
0.15092214750602706,0.18183436347245158,2.8493897726758712,0.1433017015662551,0.08976597409382613,0.2419233218298002,0.17744006262520332,0.10341381729041348,0.18779471282050028,0.03756870551575884,0.05385331777208944,0.18435426026526802,0.1467406326053423,0.03432353897356335,0.1601028701748804,0.10194468511288891,0.29427553877223345,0.2082786389921415,0.14852714796074368,0.05253659562002357,0.11569814615850618,0.3848288869281129,0.2410240423300463,0.1438680590119113,0.18471352815250694,-0.043364710580684904,0.08902002745912345,0.1398061877156829,0.16434066898422037,-0.3969889306577602,0.11863368534312364,0.09654205669109905,0.2827878323068068,0.30609976135855604,-0.016204827267232758,0.4709331998844434,0.43518337095677184,0.15218225024285545,0.13793661043540165,-0.9473581408614088,-0.0011389696933786168,0.04025171267342863,-0.11161241125773015,-0.012011988205605305,-0.02687927232650327,0.8324737010142755,-0.013893250503250383,-0.4568462689318418,-1.02847707327663,-0.04581808328253967,-0.08841794851911028,0.27432334153729404,-0.011722520929773536,-0.27403309932245695,-0.2957181646172905,0.010554157770388978,-0.05672898705464819,0.34104497021188473,-0.7022277896478248
0.1786701073883658,-0.056537179852157025,0.1433017015662551,0.8741592835469394,0.6561959434024704,0.39450878793799304,0.33447493520064786,0.5083347945401354,0.17390393607353402,0.3496838223638592,0.38749829789231727,0.3898441236890355,0.423267585233127,0.3509594194835876,0.23214985574915453,0.33535051107961494,0.3049711098915447,0.3415641106513398,0.05691219292358291,0.41347573050476577,0.30212536805794177,0.4992617198509543,0.5581643153818189,0.35246386230212756,0.4055324727664533,0.36987249147124684,0.281569836321873,0.1390751955100613,0.5292271024697321,0.23839009127232738,0.12923277501265878,0.2770067700492193,0.26311742759502027,0.4460134794527906,0.09026015009176684,0.27700902811628986,0.43093233350537674,0.3571007943736309,0.3881660402023455,0.03457060560419216,0.2864538617958545,0.2860212694564786,0.2901528517563144,0.050009589499910245,-0.022508882710577674,0.1839692108570807,0.3242852939769641,-0.04040975542258044,0.5418590113456266,0.2912661421671028,-0.41478895520703113,0.1096124557293411,0.10210650587127157,-0.1062747174509095,-0.08479540973872297,-0.08379007222436434,-0.439890678557311,0.3278066266889695,0.13196584092114327
0.3662671411550855,0.12971146085661542,0.08976597409382613,0.6561959434024704,1.8871219716506527,0.2114499927558219,0.2878249458543652,0.5884789024331541,0.24169868190088292,0.28197348653842175,0.39297703215425994,0.5107666470074701,0.3824390029384542,0.3587096422891121,0.3062255483971206,0.41833905059347254,0.17582958700538856,0.3680674207289887,-0.031727987216868196,0.26057273981879997,0.22316131236895712,0.3493722609618016,0.5095092992447741,0.2841234751878498,0.36270968480981075,0.4073497146592855,0.30437577797765714,-0.006537005035593669,0.4013234906649232,0.009847245172327247,0.15124319908223227,0.4052116390992742,0.138053331414948,0.4435524270188475,-0.23590729860591317,0.2235194406199102,0.16766056063489068,0.4399920950599528,0.31406532547485344,0.15833670971851072,0.16352972532295748,0.2542190203157515,0.28647596360047295,0.05529543550306616,0.06278669026663207,0.06894801416057585,0.25936940236284783,-0.007982571602078449,0.5761934750015457,0.06194836628475814,-0.12727190807621583,0.32635988979514086,-0.07799792292799478,-0.038756652396831764,-0.38247102302571795,0.002370531830821512,0.04688110090176263,0.36987600529201453,-0.1706556651495388
0.1514480539658675,0.4610370427634853,0.2419233218298002,0.39450878793799304,0.2114499927558219,1.178591560397229,0.25580407889157375,0.25712578541560066,0.11299647633747932,0.27242340979631235,0.38828552952220213,0.3193249739834427,0.44062736363252225,0.3772786757211646,0.28509432183168715,0.2505291373735736,0.4805500152659236,0.36057723490556975,0.34044670861736787,0.6170854101707053,0.32452428611916206,0.595424343401303,0.3880729996961984,0.3469615429371573,0.3513259685535201,0.36417673306774684,0.3221386895230323,0.1744937474858023,0.6915512146818683,0.2376247707764056,0.28213026509789874,0.35784559075399636,0.16582640960055844,0.4960194200277296,0.18720159344891765,0.29606546144924106,0.49341534627651795,0.41042869582654823,0.3549385707784286,0.030501904188188468,0.2437165901947515,0.3151434387946449,0.3582927771071831,0.04847651721134846,0.16510618570243427,0.19259444481254245,0.38751990505398975,-0.12271077861571941,0.6388113600369376,0.13836790324076922,-0.25843616352625914,-0.14990164826621977,0.007026370179099818,0.007843178580172633,-0.30975834193606333,-0.013897703382710735,-0.17305164464891679,0.3312492921304861,-0.0696148492194447
0.24779049579531331,0.11740001903308137,0.17744006262520332,0.33447493520064786,0.2878249458543652,0.25580407889157375,0.7088789039961181,0.1870419075450576,0.22079429713666873,0.2506809981085686,0.27694961687530045,0.3355436181297876,0.2965442194378782,0.19268031645110087,0.12227324940265026,0.2290374744466963,0.30290381329810867,0.2751950729325853,-0.021865983042929877,0.19459062396512353,0.23609249009862052,0.42914070952764183,0.3919216553613306,0.27390053509790413,0.301683754081766,0.29585086920108167,0.23988351721489737,0.15441883555954752,0.30606323355951043,0.1384802461176485,0.18053083157103408,0.2574697207746377,0.23121835624939005,0.306441468875135,0.12683464007360284,0.23365985598869934,0.30597186133491977,0.24851421522933292,0.28073489701942117,0.028124643595695394,0.18241508451845156,0.21474782473629356,0.21981123138455408,0.03671149076569765,0.017991355606155945,0.11324737456019836,0.18870794683602088,-0.08148966364575415,0.4564678997715884,-0.16295405657644713,-0.2206873903429425,-0.059709524337190074,0.07619661301956733,0.010578412960048526,-0.022421011884830654,0.0547103766625699,-0.11800133198639709,0.06787656322241771,-0.07270880842590058
0.16522830159611426,-0.07038339112468613,0.10341381729041348,0.5083347945401354,0.5884789024331541,0.25712578541560066,0.1870419075450576,1.3530684582820767,0.05438307078567905,0.3844452925664443,0.5417338981416312,0.3703983293481256,0.4661491537779605,0.44046808037252916,0.21740211321755956,0.39308396190427614,0.3361410503198672,0.42374809679102815,0.2685451828696251,0.6407481840124251,0.2860017012893116,0.4800628197237187,0.5791569844449613,0.3849845306269696,0.5285280998372937,0.4171283696049685,0.3699283126091203,0.36004532669173617,0.6322494965585065,0.4312415471279354,0.2204109583261198,0.31414308982368705,0.1482895860653822,0.6235070054614303,0.6987014605513578,0.21563852473170136,0.576102619779229,0.3462018332718545,0.6707821436427878,0.01008846787675418,0.3023552101153263,0.3623504509619834,0.3554498402287429,0.03851642370196826,0.0800870054027607,0.20064552730219676,0.5254428801423279,0.04467454487782122,1.0096961700250728,0.3833734123660283,-0.37974131381554677,0.1549147595545179,0.1899960366144759,-0.21682035503595343,-0.35782956746861666,-0.031705373180710206,-0.23207896847036832,0.7499993232055844,-0.32420344297120285
0.11740333631914458,0.20946661698079158,0.18779471282050028,0.17390393607353402,0.24169868190088292,0.11299647633747932,0.22079429713666873,0.05438307078567905,0.7270822301504989,0.14025146270727665,0.1406451527451989,0.17740789877844643,0.18419023974249685,0.1316621289096185,0.13779063708604175,0.11360857822928794,0.11827786934456325,0.18961882787751708,-0.3095961301245349,0.06582449879186965,0.134423310011765,0.2183906168141405,0.33464486550450406,0.16930281622405385,0.21467871635505995,0.21654303411617254,0.14750571797073692,0.01916481678625575,0.10430995070974168,0.007128842367787411,0.053331540607341965,0.1467170583137296,0.17149396554174226,0.1738408777079931,0.03167138703170184,0.12928488413445502,0.12540642422380144,0.0723718786170441,0.17590305705209167,0.021907314328854892,0.062337820650165104,0.11085451354260567,0.09564702399357462,0.02281705343126685,-0.04969019542106743,0.08840663189911072,0.11772382178706015,-0.06557370887236624,0.1761789899221275,-0.3739033173417935,-0.015985401279109232,-0.13817280205190346,0.2760806612024098,0.015384738852556038,0.038635909460682925,0.08350867654902014,-0.0707979186003655,-0.08273172767235347,0.016606671058719123
0.16834510542487002,0.005252889526126357,0.03756870551575884,0.3496838223638592,0.28197348653842175,0.27242340979631235,0.2506809981085686,0.3844452925664443,0.14025146270727665,1.051740754050999,0.32837510038387835,0.2981476342532586,0.3946751996921404,0.2818054022152143,0.11024920798761353,0.2764325346453502,0.29364523531410885,0.26058390711618934,0.13621250539601615,0.49659381728979207,0.21925919869362023,0.4712994429135507,0.4046817130511714,0.2303708091674086,0.32658226678290825,0.23249604506865107,0.3129590627340658,0.090116042536508,0.6541617048018008,0.28760026425044183,0.1529953954012976,0.26469384177011007,-0.02964002603590045,0.47756423231230766,0.3795601462974169,0.26581844722801873,0.25143204152140297,0.23511511831538623,0.4003167808339539,0.14035980620438857,0.15456818674204584,0.25795976865182474,0.2447446685142497,0.038868619549583316,0.113346826468281,0.13535336477398732,0.285997329800139,-0.1491163456176839,0.4201323319859393,-0.03436503909499692,-0.11185762150337836,-0.42715024858894796,0.27205658645497716,0.08133372191304457,0.11453984534929068,-0.0028841193284168346,-0.15998434793863595,-0.29506076109582335,0.2787838769877185
0.16192664872753945,0.1416517342521994,0.05385331777208944,0.38749829789231727,0.39297703215425994,0.38828552952220213,0.27694961687530045,0.5417338981416312,0.1406451527451989,0.32837510038387835,0.6268373822879395,0.3659195369973908,0.4958316729135129,0.3742356502167524,0.32656102919023,0.32208355642969155,0.39315104688604663,0.36145083121800287,0.12853311214109525,0.5004770312122129,0.26583888212958423,0.48996795044301267,0.5227287505117134,0.35241224730124376,0.4459074925047984,0.3065979277053692,0.34645073336928434,0.23277599057018192,0.6075652606894562,0.33649564479067434,0.20574625756188542,0.31246456660692,0.2011279122470326,0.4775695602502489,0.4023818256290353,0.24383550652662855,0.4811291769528073,0.31909248542035085,0.4820934260886685,0.03742957338440202,0.24560534903889056,0.3122538062371654,0.29548946601548154,0.01794601373094082,0.12291917360237808,0.15489839808890185,0.3936828693621643,-0.049039979392175,0.697503009320655,0.16751292501638307,-0.26904901071372067,-0.12876051710990602,0.2105639961973672,-0.03411763697243228,-0.24825556916841401,0.004479770099599747,-0.19425312942472248,0.32727217271514153,-0.10949913490503473
0.19351921008279713,0.16201336735734329,0.18435426026526802,0.3898441236890355,0.5107666470074701,0.3193249739834427,0.3355436181297876,0.3703983293481256,0.17740789877844643,0.2981476342532586,0.3659195369973908,0.671778417847168,0.3164253055594288,0.2952295679972709,0.2526560355467524,0.31571372943084713,0.2614705958751702,0.2693839353647995,0.059464242870268566,0.3126822082185379,0.2045176456702675,0.3209489614157755,0.40010744321924,0.28333642435669304,0.405388044343867,0.3314498345547489,0.3247193652858754,0.213571512614919,0.3473730639441904,0.18142969852308108,0.14608952974302666,0.3056352679984064,0.15992366532213315,0.3829243098495436,0.29292151755815315,0.20309355413712032,0.3457797350031513,0.2832685465235142,0.33648095197757355,0.020942942610322552,0.19541222216735077,0.252642677977236,0.24462596073239515,0.037803707859098826,0.08947008793530872,0.05597027101817903,0.2614503705625303,-0.010812540826948606,0.5982916159412456,-0.026792817517443883,-0.22494799415428596,0.06471806079428796,0.05819390215955701,0.027350847168829646,-0.17789267962215485,0.03982220829412959,-0.1506961778925549,0.3044620364165302,-0.15895048530831815
0.16438578238740612,0.16233688269728427,0.1467406326053423,0.423267585233127,0.3824390029384542,0.44062736363252225,0.2965442194378782,0.4661491537779605,0.18419023974249685,0.3946751996921404,0.4958316729135129,0.3164253055594288,0.7974447873983229,0.3817275812284372,0.18467558090882916,0.31711507370824693,0.349259012919522,0.34081208396409596,0.09175992837444648,0.4882829268187795,0.2825768556477137,0.6823213370595826,0.537702725016103,0.3789085547984389,0.417088451627917,0.27361885039553,0.3714078492189588,0.21301969959343126,0.7168277089404043,0.33450771389894307,0.18670114917529324,0.35571741077231395,0.25496222316338013,0.48574279223021327,0.3300199935226993,0.322264487290676,0.4671130557939751,0.3333943503780232,0.47735681244491074,0.03882011879677823,0.25427859440685785,0.3156284348704834,0.32316802006028617,0.01583328155473473,0.05452504243464496,0.2330658344626377,0.37190980169521876,-0.1413497669132821,0.6459987743242694,0.1425463900465682,-0.2777210595666878,-0.2633138794836938,0.2249108234602561,-0.049819516406436004,-0.2152189835282301,-0.04763649909115228,-0.24031425445539242,0.0936397000253178,0.1922409099842173
0.15531976626072672,0.08576893247052472,0.03432353897356335,0.3509594194835876,0.3587096422891121,0.3772786757211646,0.19268031645110087,0.44046808037252916,0.1316621289096185,0.2818054022152143,0.3742356502167524,0.2952295679972709,0.3817275812284372,0.5884981676065241,0.28444473501085676,0.317541998363519,0.30020592282686986,0.2688546957085924,0.14376290561714464,0.5074093076669249,0.25244093384750954,0.44383861925785767,0.40066918768173654,0.3184751398233047,0.3778828099608015,0.3769986158658696,0.2956044847804218,0.1526469641373435,0.49753449393273397,0.3170150176654496,0.19422797096983718,0.3416360093005374,0.1489643825800343,0.391087649242661,0.3260660064085873,0.21822694860422903,0.3944382419152001,0.3434319587386956,0.2896495444158402,0.0743448927915736,0.2861706494738288,0.30887397968183156,0.3333187598550526,0.03084589676040627,0.10704934999316208,0.12805250933505652,0.3456696989496146,-0.020169388528563245,0.6833193257209526,0.2124673601244063,-0.25675380221828514,-0.16199051406599393,0.2492341064676306,-0.026381165198560323,-0.2693147245016403,0.0017072787588507704,-0.17544294833944016,0.37094974775229217,-0.09314065882699808
0.11564644834678003,0.2451778731222752,0.1601028701748804,0.23214985574915453,0.3062255483971206,0.28509432183168715,0.12227324940265026,0.21740211321755956,0.13779063708604175,0.11024920798761353,0.32656102919023,0.2526560355467524,0.18467558090882916,0.28444473501085676,0.7710638003126108,0.20442420107665854,0.2775287894047229,0.3130652423735893,0.1068107267508885,0.298659425798296,0.18818120199531072,0.14335981098707123,0.40780195113139917,0.23933238230328535,0.3874892810993728,0.22979469388999557,0.20254738339212747,0.2298512383384692,0.3603145615824268,0.19042836442814814,0.16504127103071425,0.17515202749980263,0.17251401694031826,0.3227076682231786,0.2325471201264498,0.15763566123374584,0.42673400603927947,0.1248005536387679,0.24851555841204392,-0.10011315862746613,0.22549166726372438,0.20348345153521594,0.12144605014640664,5.539791257481901e-5,0.025804830012125787,0.09800878889831836,0.2658688290739242,0.02208963744191542,0.45879206143530804,0.3540305500037625,-0.25085681938786963,0.1939938575197973,-0.0809749476265729,-0.002024538979453263,-0.2298684770486595,0.11695735624174672,-0.17189463773712568,0.3494576058607737,-0.25486329444557115
0.13476243460991466,0.048630939065305454,0.10194468511288891,0.33535051107961494,0.41833905059347254,0.2505291373735736,0.2290374744466963,0.39308396190427614,0.11360857822928794,0.2764325346453502,0.32208355642969155,0.31571372943084713,0.31711507370824693,0.317541998363519,0.20442420107665854,0.6630889323549877,0.24933525206198143,0.2718580836209202,0.1409279258248128,0.2967561270389058,0.17092879740661115,0.35363143186245094,0.4134119907012782,0.28632942559915364,0.4120806385163286,0.29180822023778347,0.2980654302076591,0.24988438088702042,0.3841374833951625,0.2883315363949419,0.15298372898009052,0.2805654418326082,0.13232550047027217,0.38976154864835094,0.46137525842948757,0.17914339014238495,0.35977113463731253,0.21941002915706767,0.30776211420456695,0.03598665109719842,0.234773045878993,0.3019227874952169,0.2503344975496781,0.05930438630115403,0.04992187455160521,0.06801617936940992,0.3088222027052142,-0.003486907969912112,0.6148793492386869,0.06595935262486609,-0.2816841960228325,0.004679199464096095,0.17869581816982097,0.010916077850882255,-0.16827921290081235,0.05289521909434138,-0.19131663530793003,0.3206964491879884,-0.12527570177060685
0.1346097562373756,0.19822852851890665,0.29427553877223345,0.3049711098915447,0.17582958700538856,0.4805500152659236,0.30290381329810867,0.3361410503198672,0.11827786934456325,0.29364523531410885,0.39315104688604663,0.2614705958751702,0.349259012919522,0.30020592282686986,0.2775287894047229,0.24933525206198143,0.8018204510192688,0.3525545684089402,0.19679472067852471,0.4619969380225016,0.2889715004755072,0.6209948764320018,0.4401503744960039,0.360857772464987,0.3656045391239314,0.2925193630428069,0.2920310195841444,0.30129755189070523,0.5132363518131152,0.26330571341310444,0.294137515439662,0.28742525343220793,0.34993476985329103,0.4003049322394558,0.2949374968315803,0.2726147258483748,0.5801077727989294,0.35069747530382334,0.3443188553879238,-0.03174858818852042,0.2571348625295594,0.30067640758703235,0.34732696943751795,0.02174384785688524,0.11613813531725792,0.24308035722045598,0.3605639767530426,-0.13077526077361754,0.5539806984400706,0.02015353004005841,-0.13495497378472707,-0.2624434967953087,0.07128345606541796,-0.022157034238926916,-0.16337800963194343,0.004282313396526882,-0.17847283781026255,0.24783411630576851,-0.10124820999666552
0.15701247287320863,0.27210832319431055,0.2082786389921415,0.3415641106513398,0.3680674207289887,0.36057723490556975,0.2751950729325853,0.42374809679102815,0.18961882787751708,0.26058390711618934,0.36145083121800287,0.2693839353647995,0.34081208396409596,0.2688546957085924,0.3130652423735893,0.2718580836209202,0.3525545684089402,0.7833666843654243,0.08652281105232609,0.2391659916185546,0.2757045345744562,0.37127151403628406,0.5939981038479274,0.24867598739572946,0.3282801441656914,0.33285982459558716,0.21624956524588634,0.23010405101965287,0.4889510925144099,0.16724530413004124,0.37534548696229686,0.26067338736582,0.15235055848596155,0.4561392915002079,0.2808795280564009,0.23978822180167172,0.42220636420622604,0.249199151076687,0.36113440902222527,0.025155869132429284,0.21449705786164697,0.26242949629863715,0.2234606880237259,0.013378106511279636,0.12237471134876281,0.206363898622242,0.4415955455795546,-0.07210219815489247,0.4785945402605853,-0.08129988762623543,0.08137122336928643,-0.14565205223409594,-0.03705971544415855,-0.04296438427925592,-0.21293216628302872,0.0709410402548334,-0.11988240403534424,0.3817995162054195,-0.3162793094898507
0.009046896251872154,-0.2380587859958123,0.14852714796074368,0.05691219292358291,-0.031727987216868196,0.34044670861736787,-0.021865983042929877,0.2685451828696251,-0.3095961301245349,0.13621250539601615,0.12853311214109525,0.059464242870268566,0.09175992837444648,0.14376290561714464,0.1068107267508885,0.1409279258248128,0.19679472067852471,0.08652281105232609,1.2690340334246126,0.3469258426714244,0.1516347313838685,0.17269752899333904,-0.09362264801181532,0.13106609847244025,-0.03279965650891708,0.13344518805027775,0.07118886616170998,0.30563285655682604,0.12305080602722104,0.15807373689520654,0.2951271729322342,0.11288603698470888,0.1825222214011356,0.10164315008993295,0.20782073667315631,0.12743152678376515,0.30158152875521743,0.28540301812860025,0.019349863060950472,-0.058100480176425204,0.25072778074745194,0.18158850072032784,0.1758225156843043,-0.012634189418028968,0.07159309470085787,0.14679744846174653,0.10094854683937689,0.05411705388143228,0.2747856211191517,0.8622116658869878,-0.10026181493839342,0.14123671800496737,-0.37953334658488774,-0.15891474829042598,-0.14495122815338973,-0.020592069340331583,-0.0509142657566202,0.268219574738195,-0.1632458374120502
0.04458783484515653,0.04121838859365597,0.05253659562002357,0.41347573050476577,0.26057273981879997,0.6170854101707053,0.19459062396512353,0.6407481840124251,0.06582449879186965,0.49659381728979207,0.5004770312122129,0.3126822082185379,0.4882829268187795,0.5074093076669249,0.298659425798296,0.2967561270389058,0.4619969380225016,0.2391659916185546,0.3469258426714244,2.3521631290976512,0.21571517042134755,0.5567740224156262,0.703521274987534,0.3957914604062746,0.6223597136927396,0.2555364458563988,0.5737361912527472,0.028609541636582466,1.3041729337358374,0.5138717843576245,-0.045920073119982384,0.2986857880282951,-0.22197388856387734,0.8462172774794028,0.6370330170590339,0.24579588509158914,0.5600533549925644,0.2800116103132481,0.5752411130030491,0.1768745415222508,-0.06821897359209947,0.5860439077132302,0.5079885989687957,-0.013074789063155894,0.5441536171116318,0.21865078245150787,0.4080571215554351,-0.13334779777611744,0.6143896542575288,-0.1989436839593138,0.006536627765171561,-0.3979236581314666,0.6278120921833326,-0.043445924872365364,-0.30864040015372013,-0.08858502652426663,-0.26576831385916005,0.4180983647036054,-0.01841232369332771
0.13259392311849,0.03173008639764831,0.11569814615850618,0.30212536805794177,0.22316131236895712,0.32452428611916206,0.23609249009862052,0.2860017012893116,0.134423310011765,0.21925919869362023,0.26583888212958423,0.2045176456702675,0.2825768556477137,0.25244093384750954,0.18818120199531072,0.17092879740661115,0.2889715004755072,0.2757045345744562,0.1516347313838685,0.21571517042134755,0.7055592856068337,0.45895239925913633,0.3117026245268867,0.39142571181467084,0.24035958679831074,0.42269428733289155,0.20402529582604956,0.30331007458929926,0.1780102779665028,0.2707779063863539,0.40366257236279,0.3003760059735077,0.5423705431760067,0.1836550160259714,0.1496588547254179,0.2685393420793678,0.5616889131110955,0.5466993090991817,0.3506226880552909,0.13796821178378452,0.4155870084402959,0.3242459532883707,0.4723459714897818,0.06622687806085784,0.16681617405069335,0.1266889429164067,0.3134918748954847,0.052036620357572665,0.6746156282908635,0.3687377885516391,-0.4250348299713277,-0.05045410330805588,0.04049321714496617,-0.06270987191926568,-0.01685090598041954,-0.005526856481186453,-0.23386878387880466,0.12328970194223764,0.07555692897406384
0.16442456168713757,0.10738638563968769,0.3848288869281129,0.4992617198509543,0.3493722609618016,0.595424343401303,0.42914070952764183,0.4800628197237187,0.2183906168141405,0.4712994429135507,0.48996795044301267,0.3209489614157755,0.6823213370595826,0.44383861925785767,0.14335981098707123,0.35363143186245094,0.6209948764320018,0.37127151403628406,0.17269752899333904,0.5567740224156262,0.45895239925913633,2.4425990858849915,0.827251061560376,0.624617204014558,0.5456663256023987,0.412880004436668,0.48903042280359654,0.3165260780957629,0.8064409633051883,0.5448493967048865,0.24791011485838985,0.586966716757842,0.5789935403522722,0.5521552247077853,0.23413010718579874,0.7973586161571556,0.6064536461467356,0.5936373546064055,0.3850162361290737,0.015055780449312176,0.47176274266169355,0.4357240600219661,0.816560205703629,0.06524578890284709,-0.21256428298168017,0.8837904938817143,0.48638569559454675,-0.8496894673640045,0.6254666004251076,0.04399271279351191,-0.393857553278877,-0.3878517046260858,0.25291197224639544,-0.05915634748536701,-0.23921490454542896,-0.033648207761246975,-0.3415833975072345,0.2137252246349685,0.08352641109666915
0.08979078788667474,-0.10644790340084981,0.2410240423300463,0.5581643153818189,0.5095092992447741,0.3880729996961984,0.3919216553613306,0.5791569844449613,0.33464486550450406,0.4046817130511714,0.5227287505117134,0.40010744321924,0.537702725016103,0.40066918768173654,0.40780195113139917,0.4134119907012782,0.4401503744960039,0.5939981038479274,-0.09362264801181532,0.703521274987534,0.3117026245268867,0.827251061560376,2.153967802892922,0.7624928797579152,1.0514721942735852,0.3446451736349766,0.421135079036683,0.2642099949824519,0.8845968903133338,0.4819519866556126,-0.28683921847905,0.3269137303842515,0.6316025574867578,0.6709479696774668,0.3913539969797176,0.40520358077763974,0.7629875813895483,0.08045003889872064,0.5129397239015729,-0.22521681245974026,0.5318888728955257,0.4097935205775568,0.264735505070507,-0.047191785747313565,-0.5115782843490625,0.4083355337574893,0.5506853565750771,-0.15603086214089074,1.102834217244155,-0.05189397253554675,-0.7179742638078159,-0.39988253852743344,0.695673738896373,-0.08789918495520037,-0.18459104227992998,-0.041194385502271315,-0.3951113537927028,0.3665133927834474,0.08188589036148536
0.032472367475760176,-0.09872454081833922,0.1438680590119113,0.35246386230212756,0.2841234751878498,0.3469615429371573,0.27390053509790413,0.3849845306269696,0.16930281622405385,0.2303708091674086,0.35241224730124376,0.28333642435669304,0.3789085547984389,0.3184751398233047,0.23933238230328535,0.28632942559915364,0.360857772464987,0.24867598739572946,0.13106609847244025,0.3957914604062746,0.39142571181467084,0.624617204014558,0.7624928797579152,0.9349912767903762,0.5819909527749887,0.4698234778309509,0.289353718851646,0.592628367661325,0.27320546439812515,0.5962840094518679,0.26411592018310925,0.3721317007721265,1.0152758990785284,0.2318847777863764,0.4053419987972154,0.2304434585096518,0.8801542077285599,0.4858694098840648,0.23459434684873215,-0.17306234342509605,0.5407064418219136,0.4194363107129486,0.43944139583762387,0.01919947413647661,-0.2027407628317627,0.12541392268656332,0.44954099722151625,0.12761174366112005,1.3611983890302173,0.37006902519470436,-0.8624028995579224,-0.10078051419891651,0.2803092599777284,-0.10553726932078168,-0.18220530027241785,-0.05630089109017614,-0.18593705355296142,0.26673738177703754,0.056721314471688725
0.13207995474686657,0.013441025947416021,0.18471352815250694,0.4055324727664533,0.36270968480981075,0.3513259685535201,0.301683754081766,0.5285280998372937,0.21467871635505995,0.32658226678290825,0.4459074925047984,0.405388044343867,0.417088451627917,0.3778828099608015,0.3874892810993728,0.4120806385163286,0.3656045391239314,0.3282801441656914,-0.03279965650891708,0.6223597136927396,0.24035958679831074,0.5456663256023987,1.0514721942735852,0.5819909527749887,1.6335898877467687,0.3013453341805945,0.4609483906407174,0.2618054298722261,0.7533113049159138,0.6384448734476621,-0.24920754914429352,0.2847619159068905,0.35751310684194426,0.6576138486999018,0.5732892360648105,0.27829982266144954,0.8611119612273587,0.3350610669867975,0.592402526806245,-0.17682623174205261,0.4269329614459153,0.39504288542405247,0.39648613073648326,0.06757190186993287,-0.004142872174543488,0.21220582083136563,0.5549810567837383,-0.029741998915105716,0.8505588866405897,-0.09022535593619686,-0.8428135698341528,-0.1260127706021004,0.5984702272447865,-0.04152708772405694,-0.22451639504251503,0.0627510668045788,-0.2751467365086729,0.3961221020609556,-0.18087845852499562
0.13693918603381292,-0.1941155688875657,-0.043364710580684904,0.36987249147124684,0.4073497146592855,0.36417673306774684,0.29585086920108167,0.4171283696049685,0.21654303411617254,0.23249604506865107,0.3065979277053692,0.3314498345547489,0.27361885039553,0.3769986158658696,0.22979469388999557,0.29180822023778347,0.2925193630428069,0.33285982459558716,0.13344518805027775,0.2555364458563988,0.42269428733289155,0.412880004436668,0.3446451736349766,0.4698234778309509,0.3013453341805945,2.223806096878627,0.35848660934070536,0.30994950590123893,-0.1885921320063629,0.0017273349538395343,0.3616303548110019,0.5611619110029542,0.3636669568925137,0.24077337177132674,0.28597142338451154,0.024891493865066536,0.12397206179474608,0.723466438634883,-0.7408356579425618,0.27073787617866163,0.7733664184325443,0.5730187842450385,0.8445422569479218,0.016946041134586406,-0.15470797786105403,-0.2635421139592336,0.2133473029368146,0.3910596043797889,1.505548763420298,0.5026779140282164,-1.1055702178201103,-0.19690273932855173,-0.09124613335890949,-0.005691896139675063,-0.22783821044259336,0.07245154153299163,-0.22457804690765334,0.4010629109111584,0.0011361870089773908
0.14358090305580087,0.13194953666810308,0.08902002745912345,0.281569836321873,0.30437577797765714,0.3221386895230323,0.23988351721489737,0.3699283126091203,0.14750571797073692,0.3129590627340658,0.34645073336928434,0.3247193652858754,0.3714078492189588,0.2956044847804218,0.20254738339212747,0.2980654302076591,0.2920310195841444,0.21624956524588634,0.07118886616170998,0.5737361912527472,0.20402529582604956,0.48903042280359654,0.421135079036683,0.289353718851646,0.4609483906407174,0.35848660934070536,0.8457230578028134,0.18929006008436886,0.4081564661787341,0.32580574551893016,0.1091344489513683,0.31704271963943437,0.11969343463763392,0.4032280645407708,0.3338187174845314,0.27099332237550494,0.4135243591251393,0.34381870928571273,0.27388012486888347,0.13206808535960982,0.18495484805877538,0.3158708195551395,0.640920050594469,0.015886255695723155,0.2411098105087726,0.05796343416513339,0.29176169082937514,-0.06115013029879398,0.6671206471134755,-0.02774845617252817,-0.2773840779219767,-0.08093363976306933,0.1711942982824565,0.03351966735908369,-0.13328681534059406,0.027218663321796052,-0.08529636869354153,0.18682373156075052,-0.026730085593883006
0.0257859005220483,0.00947188353053272,0.1398061877156829,0.1390751955100613,-0.006537005035593669,0.1744937474858023,0.15441883555954752,0.36004532669173617,0.01916481678625575,0.090116042536508,0.23277599057018192,0.213571512614919,0.21301969959343126,0.1526469641373435,0.2298512383384692,0.24988438088702042,0.30129755189070523,0.23010405101965287,0.30563285655682604,0.028609541636582466,0.30331007458929926,0.3165260780957629,0.2642099949824519,0.592628367661325,0.2618054298722261,0.30994950590123893,0.18929006008436886,1.9009165234826857,-0.07093715700679393,0.39291969011475236,0.5597749348382609,0.22247280274617043,1.1679190836834161,0.0685803119560171,1.196657483670025,-0.088491670832662,1.1277910017240984,0.25727677692274553,0.26439632084099085,-0.3030018169938517,0.3077833212074578,0.3525982972880224,0.3214411564294699,-0.013327087026139203,0.0018025553708895421,-0.18824004096712288,0.3521577804755105,0.32988382830759366,1.4284328742882528,0.9329062859041617,-0.7364564309708275,0.9295556081244206,-1.158229401977191,-0.014601154807747001,-0.031821185030666624,0.046262092706028664,-0.16352572051327807,0.2452922308289225,-0.08778106464789551
0.06840936404213849,0.28087071079765435,0.16434066898422037,0.5292271024697321,0.4013234906649232,0.6915512146818683,0.30606323355951043,0.6322494965585065,0.10430995070974168,0.6541617048018008,0.6075652606894562,0.3473730639441904,0.7168277089404043,0.49753449393273397,0.3603145615824268,0.3841374833951625,0.5132363518131152,0.4889510925144099,0.12305080602722104,1.3041729337358374,0.1780102779665028,0.8064409633051883,0.8845968903133338,0.27320546439812515,0.7533113049159138,-0.1885921320063629,0.4081564661787341,-0.07093715700679393,3.54172814848446,0.6146344629440063,-0.0005654834538626942,0.3164722724077638,-0.5710823804493811,1.3016949987493618,0.5649828426040244,0.5101304423655738,0.0925822539494693,0.031792169245523215,1.1586305893487554,-0.07005934447774101,-0.13352874402921885,0.2812764087396052,-0.16647007747878606,-0.06729858587242896,0.07463275247131332,0.42282869767017717,0.6230035361404586,-0.5153967480901152,0.902660347053127,0.5242474487621843,-0.7218236764875279,-0.48318906374939014,0.25302385550816975,0.08677023909000538,-0.5767513847390567,-0.11305195905450566,-0.35737463522452645,0.5000803570372577,-0.11952273666870278
0.058338325278848295,-0.11652052034794713,-0.3969889306577602,0.23839009127232738,0.009847245172327247,0.2376247707764056,0.1384802461176485,0.4312415471279354,0.007128842367787411,0.28760026425044183,0.33649564479067434,0.18142969852308108,0.33450771389894307,0.3170150176654496,0.19042836442814814,0.2883315363949419,0.26330571341310444,0.16724530413004124,0.15807373689520654,0.5138717843576245,0.2707779063863539,0.5448493967048865,0.4819519866556126,0.5962840094518679,0.6384448734476621,0.0017273349538395343,0.32580574551893016,0.39291969011475236,0.6146344629440063,2.217072736236291,0.31207474206272784,0.17918137942061382,0.30068614369606567,0.26601223133988966,0.8863098464812901,0.34496360484369754,1.0210055165270064,0.6649961935255091,0.6209461342141249,-0.036180013603808535,0.841790541623616,0.39305207254951935,0.7954566347133367,0.1501675658904617,0.3988421115576418,0.2073454887301495,0.9851460732969337,0.07415697714586934,1.425591828062565,0.48564895734239966,-0.8821282646004116,-0.386795994299414,0.5676216584002128,-0.02466662705450774,-0.26835999560512497,-0.12587608325930771,-0.25891259860424964,0.5004787261563115,-0.14971414452240675
0.1035201686805268,0.16630713883279513,0.11863368534312364,0.12923277501265878,0.15124319908223227,0.28213026509789874,0.18053083157103408,0.2204109583261198,0.053331540607341965,0.1529953954012976,0.20574625756188542,0.14608952974302666,0.18670114917529324,0.19422797096983718,0.16504127103071425,0.15298372898009052,0.294137515439662,0.37534548696229686,0.2951271729322342,-0.045920073119982384,0.40366257236279,0.24791011485838985,-0.28683921847905,0.26411592018310925,-0.24920754914429352,0.3616303548110019,0.1091344489513683,0.5597749348382609,-0.0005654834538626942,0.31207474206272784,1.5113344336991459,0.27723163796732314,0.4826845905980199,0.17319768747359035,0.389575912788129,0.1628865096639113,0.6223770878954329,0.6459893548956257,0.24290857557620213,0.01513668730651131,0.19597940830001578,0.27859888242820524,0.3565215990180281,0.08908736933402482,0.4428240988709509,-0.044404459759826514,0.34405038480004685,0.13441720899882606,0.7216414274555921,0.613016999705398,-0.173929976758857,0.13482953119235083,-0.4277416523084195,-0.025662378913590533,-0.12339254776554863,0.15383097968296977,0.05205343619882118,0.13309370878638355,-0.366018362161695
0.14333887380889537,0.12013089692382721,0.09654205669109905,0.2770067700492193,0.4052116390992742,0.35784559075399636,0.2574697207746377,0.31414308982368705,0.1467170583137296,0.26469384177011007,0.31246456660692,0.3056352679984064,0.35571741077231395,0.3416360093005374,0.17515202749980263,0.2805654418326082,0.28742525343220793,0.26067338736582,0.11288603698470888,0.2986857880282951,0.3003760059735077,0.586966716757842,0.3269137303842515,0.3721317007721265,0.2847619159068905,0.5611619110029542,0.31704271963943437,0.22247280274617043,0.3164722724077638,0.17918137942061382,0.27723163796732314,0.6105740413101443,0.21652653558016616,0.3025045337958103,0.16181559943287302,0.25240796269105975,0.2234857413655875,0.4948079126947072,0.11743608112817637,0.14034808277946165,0.2868667938018054,0.3207221218319777,0.431837833811891,0.0349909051528197,0.12293381936780344,0.10058026178313594,0.2662918253748475,-0.05679747652327422,0.7091764860491461,0.07422582937251075,-0.21932242648478353,0.009864701668467854,-0.11408387037241872,0.006119819793999974,-0.24206217236089358,-0.013123650143674703,0.13529933183872303,0.12963023940335403,-0.15250438986965273
0.08351354818886733,-0.24775753926542268,0.2827878323068068,0.26311742759502027,0.138053331414948,0.16582640960055844,0.23121835624939005,0.1482895860653822,0.17149396554174226,-0.02964002603590045,0.2011279122470326,0.15992366532213315,0.25496222316338013,0.1489643825800343,0.17251401694031826,0.13232550047027217,0.34993476985329103,0.15235055848596155,0.1825222214011356,-0.22197388856387734,0.5423705431760067,0.5789935403522722,0.6316025574867578,1.0152758990785284,0.35751310684194426,0.3636669568925137,0.11969343463763392,1.1679190836834161,-0.5710823804493811,0.30068614369606567,0.4826845905980199,0.21652653558016616,2.6667359581939203,-0.43313061470779746,-0.03904396632898394,-0.0783885023516289,1.439148349289106,0.5673249500573055,-0.0755964694436284,-0.4598533048042135,0.5447279070818003,0.40096201374556395,0.4490754888687603,-0.023562160624297442,-0.636064317734531,-0.029727246666406897,0.3029826659612143,0.4727244953317716,1.7884497778583128,0.7166937048586689,-1.2661748152518575,0.0065154065470764844,0.19488572689721648,-0.2626719427243657,0.14318280388888688,-0.04515511089531967,-0.283817335820503,-0.0026698405294909486,0.3652880096684779
-0.10542862062692354,0.19721818647600334,0.30609976135855604,0.4460134794527906,0.4435524270188475,0.4960194200277296,0.306441468875135,0.6235070054614303,0.1738408777079931,0.47756423231230766,0.4775695602502489,0.3829243098495436,0.48574279223021327,0.391087649242661,0.3227076682231786,0.38976154864835094,0.4003049322394558,0.4561392915002079,0.10164315008993295,0.8462172774794028,0.1836550160259714,0.5521552247077853,0.6709479696774668,0.2318847777863764,0.6576138486999018,0.24077337177132674,0.4032280645407708,0.0685803119560171,1.3016949987493618,0.26601223133988966,0.17319768747359035,0.3025045337958103,-0.43313061470779746,1.6410883566976044,0.6946195436899857,0.4481517944827279,0.45102497948984993,0.05918980367856411,0.8298588352786109,-0.15570238089944022,0.02368254914481969,0.35705934654251376,0.2820172721167627,0.08277195944725513,-0.1889380739040375,0.38403678265151,0.5079227430660717,-0.29545833988592396,0.6018675985420205,-0.23273503737020818,-0.15477735142428586,-0.17491659119393685,0.2894486886674567,-0.029949072225664612,-0.3788813293669193,0.025699234669601632,-0.26216959578966786,0.45049775719832225,-0.14536229952415966
