0.980842859370597,0.11855069724801474,0.26738389610397606,-0.018768842944317833,0.11044106138094464,0.07899490539301314,0.2603444096457262,0.0904606313552696,0.16789152968682655,0.09294865050304568,0.0901660397769138,0.1388609529945724,0.05754838717481817,0.2011673998100445,0.10304272239119042,0.05312242347283254,0.11269118728795412,0.0943210438327761,0.053043266683854146,0.10708467397108132,0.11819461641676902,0.12449993820262585,0.14370666247025754,0.09650978998338008,0.17011835571842207,0.054126096753588857,0.1351075524893314,0.04085173990797519,0.13949029549798764,0.07857915987327647,0.10439974617485358,0.0924426918426643,0.125563847572492,0.12530826921636828,0.067103020749918,0.14991106862435422,0.13556153753921907,0.07802537008852839,0.12866857744451377,0.007673438702513751,0.16109781658126196,0.09412788550326492,0.09048035218298149,0.16741831062120116,0.156555126563569,0.11906075495500175,0.09998667838563927,-0.011810193115820483,0.04928238944639231,-0.17059069622318068,0.0003457548218320102,-0.030047087095834556,0.1668355443734084,-0.025648753592996044,-0.1537434310724367,0.0554791390409592,0.002316050267451007,0.29411510612616093,-0.2899255119640088
0.11855069724801474,1.5295158943210936,0.6327406343683476,0.0779515383999115,0.10419300185959472,0.49217463974557085,0.0360534563168123,0.2413064266787873,0.2506601217086396,0.20166949312164015,0.18581717462486605,0.2940003983613452,0.14323372822218491,0.15922684296198547,0.4945392201149546,0.05740402857061412,0.28801979458071275,0.38281911512362343,-0.003970449224518853,0.4030604614565929,0.24217778212395133,0.12455191969807805,-0.013831717129291158,0.19790418883527452,0.3005682793427064,0.22853565155169914,0.31028369045124593,0.19708139989792198,0.511343568614071,-0.05853401456195476,-0.08326652076454474,0.2582493975891109,0.11016987446311621,0.3475605183643226,0.186881089427153,0.1373487269257385,0.25748523626307407,0.19976809577998295,0.1610073014809911,0.11157624528100739,0.19973435245631543,0.20097951655851548,0.47223469657014067,-0.014137184851872795,0.722109972379928,0.25368826318223475,0.38903269122496126,-0.02459159813632127,-0.1803357058553336,-0.30412250629029053,0.2878815567626597,0.3253309256488031,-0.11131318114924427,-0.0498876236492472,-0.10535513193304459,-0.0017606190314203845,-0.3341765989611832,0.16186825470329724,0.08610915039505115
0.26738389610397606,0.6327406343683476,1.8915946926080422,0.11191783123001674,-0.04751452580163526,0.5514290650979418,0.10663104306883432,0.39779723249815535,0.6707746946076408,0.3541187859992199,0.1786696926047043,0.32430507605856584,0.1980561073959614,0.16238933796194924,0.36037786930765814,0.12368693416430646,0.4033800478436902,0.33966850997232606,0.4204969812815565,0.2791610435710666,0.32380850586836424,0.4261301871374115,0.18525765492413157,0.28195531801685303,0.2818141908525031,0.2754563268502657,0.32890108463950174,0.36827281709343146,0.36820840220859685,-0.23992959044725282,0.23650190635186916,0.2879433191525103,0.40388463900224936,0.3979415189168496,0.26125036011224095,0.34065528532163697,0.458681636504551,0.19488820201112222,0.3721222904940222,-0.1055864707111689,0.4204290798126318,0.2745097362057455,0.2912626920056211,0.45909173204394654,0.5725811192536849,0.4931919606887227,0.4064974431134111,-0.035303393969383416,-0.24553759034270567,0.11700772244514145,0.15186681232756447,0.12374448810467749,-0.1997215845511008,-0.2152294900788217,-0.10800961294077296,0.1505298491419944,-0.17793884955827455,-0.06210910926355359,-0.010490710637891327
-0.018768842944317833,0.0779515383999115,0.11191783123001674,1.0550219108820231,0.4810866104028617,0.311696891473229,0.33567220915896595,0.33228068553072715,0.1492778498689374,0.19188046473208017,0.22857345077165614,0.2893901823071765,0.17224550559276927,0.2779512639514071,0.11460909899642673,0.30819110718333953,0.20488720306818087,0.15843236320938595,0.07449974230093968,0.24383721909987455,0.16576140697783756,0.20818526648291008,0.15152385893607784,0.2091923047023291,0.16833381566495415,0.13231677232518532,0.10158504094450922,0.0574476458710658,0.1999507454613511,0.13447575726024608,0.059128602982703636,0.2236307819414607,0.17326419118327463,0.20215659261379135,-0.055522673142384016,0.20055055773374658,0.2528567488453854,0.14632536337882,0.26819879505382704,0.06683506136547836,0.21916111507900635,0.1617984825168847,0.06364541902968383,0.07818679941124854,0.16607196331540838,0.15804429860798794,0.23584592665970658,-0.013403641357557903,0.16940326438363715,-0.05845347532402674,-0.008994142237658325,0.2384874318961783,-0.032194357983935426,-0.09689090190170208,-0.06435127366194851,-0.059362603098914946,-0.21690145647956047,0.20543180176590364,0.012754370705866725
0.11044106138094464,0.10419300185959472,-0.04751452580163526,0.4810866104028617,1.3584548844449005,0.09658839172129485,0.3318078411617693,0.26752052567527984,0.04398389458399519,0.24363065340889273,0.2488971638157238,0.2855941209113181,0.18236317748644174,0.15736480415919252,0.21243706840457244,0.3579460604527224,0.12583829117555312,0.20188017244587383,-0.029175905932983776,0.18972488857767966,0.10015116002393684,0.13955735732921928,0.10996939355009445,0.12122278374668037,0.09074789631843731,0.13327932278289725,-0.05836833525209257,-0.05180033669706515,0.20267068653045583,0.03335589489277517,0.006492995247433808,0.19661064554756796,0.00023214340334294355,0.15119299665719663,-0.06898355505194113,0.18117612996206175,0.07188157395081567,0.10007253952627534,0.22230776477302258,0.11304953278434166,0.1678485021849417,0.11967551566173022,-0.1878518305134446,-0.006403049948183906,0.04178715732750312,0.07601513073171529,0.12630201234663319,-0.016830978169161015,0.1530789925997005,-0.20343441049893687,0.0005524372771811553,0.13797965081206104,0.1495034358264498,0.06327531668514105,-0.11867136982851179,-0.01203765143380784,-0.1251032473773644,0.13298039357945682,-0.03639046510091312
0.07899490539301314,0.49217463974557085,0.5514290650979418,0.311696891473229,0.09658839172129485,1.0245603795258444,0.0014965734734139946,0.3716195547433887,0.368247358684901,0.1860762006408828,0.34168270193887235,0.4069761866716949,0.19848859249495568,0.3025213956791892,0.38237934332947376,0.2546256397997377,0.41642128415230295,0.2560694899489091,0.48632967605586597,0.5005509574053594,0.35606537630593343,0.3428660091295906,0.023956487890666213,0.34398684205144386,0.39305824165227427,0.33238826796795357,0.33775345677206503,0.3315065330903861,0.5023645793720556,0.05230433592416735,0.13240753707432168,0.44684318644751736,0.26294606160287237,0.4412289694762083,0.2526547559218165,0.16595476288223557,0.496199172466381,0.2787584065623426,0.4987982282320008,0.154282915336894,0.3818155938024474,0.3079334533807881,0.4654763724525676,0.22612205345211672,0.7032339780939805,0.2674170713494611,0.6127176161159283,-0.005359400218294284,0.3040128300867302,0.11055128946338316,-0.04431072722419098,0.04337205930487135,-0.26812111173202086,-0.055364976764888066,-0.14533530052796018,0.08741638829854013,-0.3479829898056391,0.2244895063639652,0.0073067625400100745
0.2603444096457262,0.0360534563168123,0.10663104306883432,0.33567220915896595,0.3318078411617693,0.0014965734734139946,0.752596366298097,0.152057448133685,0.19213371103826177,0.11796597314747541,0.2811229797890281,0.2575671080088297,0.1020282439172319,-0.042740962854337525,-0.08792918953638035,0.22496999361112294,0.16328479773496346,0.10280268814788555,0.0064031366309759,0.10061947202848263,0.13125197563691815,0.21574140826394408,0.23442033514869687,0.1418806752106129,0.11070764177929639,-0.03680354144127398,0.10327701518997798,0.0023406392306908473,0.06255513030914052,0.16169560467967112,0.16826638095748966,0.13784196727720088,0.15239896830204705,0.08976694629797585,-0.04102636471597474,0.2935793875756502,0.1983798749652851,0.0796626231422167,0.20373050544101,-0.007513945189077546,0.1210357447449112,0.11710624643081355,-0.08474588795273402,0.14793637995669867,-0.01620860344140832,0.11704733039666929,-0.0883782905019593,-0.012399509282472214,0.05745914072518401,-0.051844595678111914,-0.0019553696033772173,0.07146548536808207,0.10978815978612784,-0.1423364642284247,-0.017924743752600964,0.0443302530179436,0.04696314423029198,0.12165262259325724,-0.3493952764188006
0.0904606313552696,0.2413064266787873,0.39779723249815535,0.33228068553072715,0.26752052567527984,0.3716195547433887,0.152057448133685,0.7148193476881061,0.20486294847117245,0.283625248711718,0.25961251595748863,0.15138135041463435,0.16793415026044248,0.21332352907369156,0.11467118273736052,0.2522363102372082,0.24399535105521516,0.2473118976900406,0.27379706382365565,0.2425203309350327,0.1869773486007842,0.23277198029521648,0.07026424891929434,0.18820824800849242,0.20989793077628857,0.19548464363415544,0.15945602489540234,0.21559130005122418,0.2269198639891566,0.07943644051583375,0.09964620171322047,0.1737244975797925,0.18521277368277334,0.22382024709318768,0.19808180638432374,0.09247111265060401,0.28420326191577844,0.13709483329797467,0.3360272707499462,0.07615538589444185,0.24145636392615102,0.1699367320538828,0.2126583487750622,0.24609189854777916,0.3221294667135131,0.18795275062784925,0.3820176476414453,-0.006442754828273882,0.1895043287114013,0.0556441578363636,0.02476584537597709,0.1889534229803329,-0.12865752594637742,-0.07032449054621914,-0.14809226221888386,-0.015504227969351334,-0.1229780884476461,0.28722496280344645,-0.1008392628647908
0.16789152968682655,0.2506601217086396,0.6707746946076408,0.1492778498689374,0.04398389458399519,0.368247358684901,0.19213371103826177,0.20486294847117245,1.1429855892816096,0.1562689433374169,0.19135975480492168,0.2015645740689052,0.13878788046612053,0.13208856995532475,0.05861599842797919,0.16209756369466474,0.28522731464149215,0.22380566249094466,0.30540786971804895,0.18142165114909645,0.24986762456342013,0.583472411831509,0.19334097007418494,0.2321621864986177,0.06555582194838167,0.24534418576853334,0.28176509490885837,0.22030174463244787,0.08919119244410034,-0.0059097173930703585,0.36398226620502144,0.33610676241250853,0.27297811767974345,0.2648179069859379,0.12590377523577048,0.24607560037264176,0.2943237798713314,0.13446536615514057,0.382169651805507,0.02683819785734967,0.22850261367800556,0.20637992470664435,0.20108873622008402,0.29911154140326646,0.38646842260399156,0.22958854741111742,0.29529160744069455,-0.010336242861909423,0.21661767810908608,0.20107143765454602,0.14263726655037534,0.20952688587147414,-0.20585504158345302,-0.1503511831193511,0.01848270979502461,0.30236263976949856,-0.0946206982571552,-0.0664529034177859,-0.26971372342200844
0.09294865050304568,0.20166949312164015,0.3541187859992199,0.19188046473208017,0.24363065340889273,0.1860762006408828,0.11796597314747541,0.283625248711718,0.1562689433374169,0.7230085230675902,0.1017548136597772,0.16910941999939116,0.14376417394511687,0.1253276795694069,0.16555999604618402,0.15722802250958973,0.1856112944919011,0.2790701310122367,0.19267697926149768,0.05565732226221242,0.12253293122247652,0.17447610698423005,0.1437277276922373,0.15396403573382325,0.1668666262295139,0.17468956555802198,0.14531453263765393,0.16027442462583405,0.18594677172273974,0.06547993815232712,0.08900150470986151,0.12203110039262666,0.19091734340671887,0.16632394231378042,0.12699681097346488,0.20369777129413247,0.14063048538495002,0.03792035137880199,0.20299329239507533,0.04998321131491136,0.3150736649101439,0.12178770818825443,0.07732863185881436,0.17873336269463008,0.21003338308737762,0.17959678632551,0.26462999254525976,-0.022159483632919606,0.11901796530007668,-0.08272205864365442,0.08823990213876334,-0.057786128874170554,-0.03314476226915526,-0.009334685764273968,-0.09270411846738867,0.014057787303895064,0.008200264122749865,-0.03453241616737016,0.03995176089016987
0.0901660397769138,0.18581717462486605,0.1786696926047043,0.22857345077165614,0.2488971638157238,0.34168270193887235,0.2811229797890281,0.25961251595748863,0.19135975480492168,0.1017548136597772,0.9114891746982831,0.3145627634644138,0.1580007831914927,0.0460685304206521,0.1231522532830581,0.3543808138121572,0.30227840190483835,0.21969567562776945,0.1901827752469282,0.3752066672468099,0.24346012732178474,0.261393577240472,0.05893653790792636,0.23683294127835294,0.20753622216374076,0.07334904972428076,0.23673452414153465,0.14731412039672068,0.310238992077157,0.06903840531353647,0.15710684383542536,0.31445595872571047,0.1197142721669015,0.2926204867696429,0.25614599514951414,0.15985958671270395,0.22440903818039792,0.19566964383935925,0.38512516541773334,0.1451887725758703,0.1606917873859772,0.22112227317800948,0.23147597623187913,0.22904392828385162,0.26998633684353357,0.15741350531098963,0.26865930960172163,-0.002664609840410912,0.29640412427083973,0.029712283521168895,0.01886340186991696,0.23379745103658903,0.13619511753190944,-0.03638527486777356,-0.12034777976150925,0.08410837265765707,-0.08337340265886733,0.152329347620052,-0.2039147854493529
0.1388609529945724,0.2940003983613452,0.32430507605856584,0.2893901823071765,0.2855941209113181,0.4069761866716949,0.2575671080088297,0.15138135041463435,0.2015645740689052,0.16910941999939116,0.3145627634644138,0.6694143944424019,0.15574102583211566,0.1638305808060476,0.34393820153607546,0.1948575702020851,0.28432241881198395,0.1097757016387267,0.15868014146461365,0.33347517833748497,0.22938845902289517,0.19863454368998643,0.11404017514670353,0.21614852732115092,0.26364610218918016,0.1496197389888022,0.24459618841485936,0.1446745667443082,0.31013526128377655,0.05812544112919854,0.09316156641452283,0.2919319189531279,0.1369766902564539,0.2762860031756015,0.17234386139529703,0.2820729153852962,0.23306801540005714,0.18791381111601052,0.31846032681084846,0.10944202668089095,0.23901024009636426,0.2098440338724852,0.14474603349125864,0.11868935072171585,0.3809615256613489,0.19857490653106558,0.26582816333845266,-0.015084014290888154,0.11933037803962727,-0.10681379472682478,0.01719497130116821,0.08183644601818013,0.019191719661744922,-0.037862120202399666,-0.053472702560207294,0.09403537927583225,-0.22419614489178225,0.12909072164414132,-0.17830711100983002
0.05754838717481817,0.14323372822218491,0.1980561073959614,0.17224550559276927,0.18236317748644174,0.19848859249495568,0.1020282439172319,0.16793415026044248,0.13878788046612053,0.14376417394511687,0.1580007831914927,0.15574102583211566,0.4286181423979336,0.11665390602172625,0.061470125168508256,0.1734964861107458,0.13461751374235487,0.1373194832510314,0.15763732506663514,0.12244142064719461,0.14001458856626192,0.16402307337635214,0.09061510710438918,0.1365821580567344,0.14729511066714826,0.12928190856539729,0.04770630976570961,0.0986821932270004,0.21287453371365586,0.04438410956164659,0.057392361963462146,0.16118314155941876,0.0933996447796052,0.16898428416758168,0.1176877102451319,0.11923659689391938,0.14344902108757496,0.07207079752888251,0.23321047129054367,0.046285903827219026,0.18390486043470847,0.11256125031029758,0.04048262894692814,0.1466638244993868,0.0976709679077749,0.12912079213987862,0.17502055326977348,-0.009184278169370886,0.14399007957577212,0.03234125656218453,0.015610090377320706,-0.016820997897037095,-0.03628515125689033,-0.04156053124854994,0.0014218349522553259,-0.009849980137615242,-0.11759002322643498,-0.10308806330201706,0.15642099617529964
0.2011673998100445,0.15922684296198547,0.16238933796194924,0.2779512639514071,0.15736480415919252,0.3025213956791892,-0.042740962854337525,0.21332352907369156,0.13208856995532475,0.1253276795694069,0.0460685304206521,0.1638305808060476,0.11665390602172625,0.6779643467116304,0.30091037558631806,0.11152513601823179,0.18295995814066768,0.11804285181237856,0.13593924415077446,0.26013061734860826,0.1711022194161853,0.11649948530615349,0.05396580078771629,0.16620966479982452,0.2190902599868877,0.30506049360612186,0.18961657474835159,0.14216499774367827,0.2353698497309331,0.10799248579610145,0.03806727114090164,0.174876591097788,0.15282890591391174,0.2210574156240994,0.14703014223125366,0.09465070436318268,0.20359154625660014,0.14058688866902527,0.17538951854924303,0.11150378680880521,0.3096998751641644,0.16525913729119526,0.2674037450912149,0.11751557073942286,0.4045213847151164,0.13293539294672316,0.3867777475293996,-0.008741655623932872,0.22105524981947072,-0.1678032917674352,-0.02187320339452836,0.05898526336990752,0.04248545039571415,0.0491711446693958,-0.2653310886919642,0.027356761805457777,-0.3078855059307278,0.34275812853389437,0.14855987081071081
0.10304272239119042,0.4945392201149546,0.36037786930765814,0.11460909899642673,0.21243706840457244,0.38237934332947376,-0.08792918953638035,0.11467118273736052,0.05861599842797919,0.16555999604618402,0.1231522532830581,0.34393820153607546,0.061470125168508256,0.30091037558631806,1.264032594260665,-0.09956506204908894,0.31769164357140695,0.39854711053165337,0.03990782470187481,0.4320535059909294,0.23816935378114149,-0.018767838356066432,0.04425133341752097,0.2254948996319036,0.31500888793569937,0.4237726636744043,0.2951386075847856,0.15479831182324857,0.44541978005037747,0.12662249793813432,-0.005980317172899153,0.3053818823818978,0.14372217349485947,0.37549801248254105,0.22547951321937265,0.21315038181121843,0.12604368361761106,0.21249927173835018,0.1917555686274708,0.14972471503854945,0.2945999577821225,0.2192012748494046,0.4389636037145076,0.010293866776374625,0.6847060700882238,0.2729618490073843,0.4729991859643165,-0.030608724970944152,0.223758157744213,-0.42568875940035983,-0.006408653033547079,0.14340350384394873,0.20538111231704892,0.06725757760200544,-0.1667884098576285,0.18921985715742667,-0.4105493395287805,0.21812451016227363,-0.022909702755230202
0.05312242347283254,0.05740402857061412,0.12368693416430646,0.30819110718333953,0.3579460604527224,0.2546256397997377,0.22496999361112294,0.2522363102372082,0.16209756369466474,0.15722802250958973,0.3543808138121572,0.1948575702020851,0.1734964861107458,0.11152513601823179,-0.09956506204908894,1.0271350053796997,0.2323146414076091,0.21864033834315594,0.2796927600242479,0.09048552909090815,0.15904697675395346,0.5154444965883112,0.018719173768081156,0.1520052583018558,0.06168489378734068,0.17469697102581042,0.024333641662620586,0.2578525498758997,0.22808191690361235,0.0014733137555862543,0.17427543648377916,0.2118110354062432,-0.02582548267174296,0.1900594211057915,0.3917378182689879,0.043812776498040946,0.23246821399749132,0.06483843804456255,0.336727924541904,0.12374655688688825,0.22525963429571383,0.20410039337740463,0.05309368366738486,0.2911788714937558,0.11572375079133848,0.044491026253719944,0.20859995107010532,0.00902174364948869,0.15900001069444372,0.342708945588445,-0.04485166195292573,0.10011463581683777,-0.3050396091375025,-0.0160669669930048,0.010142905794750212,-0.016428077185196673,-0.1374132259473359,0.042081305760269035,0.012777279470273462
0.11269118728795412,0.28801979458071275,0.4033800478436902,0.20488720306818087,0.12583829117555312,0.41642128415230295,0.16328479773496346,0.24399535105521516,0.28522731464149215,0.1856112944919011,0.30227840190483835,0.28432241881198395,0.13461751374235487,0.18295995814066768,0.31769164357140695,0.2323146414076091,0.601630350353425,0.3046034658712895,0.31447131660223565,0.33157048336693856,0.29076299674814804,0.312110643031236,0.07788059805205373,0.25861764850174535,0.2984417261954409,0.22600445547792394,0.23003121801497314,0.3413244149213401,0.35637729566376436,0.10088969781695281,0.18074803465642791,0.29639922579558703,0.27060986127497433,0.3084932689857822,0.2885390570351868,0.23773835984384506,0.39490155655633336,0.19282326841987374,0.3284616962323948,0.1027760984312681,0.3998593782951037,0.28149832844915584,0.2628378089216166,0.26343399423825165,0.5656579743677759,0.24083358576912145,0.40356731305696925,-0.011004460357076015,0.11406840088363436,-0.010606336952071629,0.031783483154090214,0.0283338623957383,-0.14284539784389694,-0.0462770152680911,-0.21589162946111345,0.06481935957569923,-0.1805052513159936,0.185731530686486,-0.13765313964605735
0.0943210438327761,0.38281911512362343,0.33966850997232606,0.15843236320938595,0.20188017244587383,0.2560694899489091,0.10280268814788555,0.2473118976900406,0.22380566249094466,0.2790701310122367,0.21969567562776945,0.1097757016387267,0.1373194832510314,0.11804285181237856,0.39854711053165337,0.21864033834315594,0.3046034658712895,0.9697335250130972,0.18282270394470654,0.10288333752308122,0.20582749450437926,0.20355644918997415,0.06184078362304104,0.19220624598610273,0.18795062178632932,0.47951245013672755,0.03396328483899386,0.21477628906749538,0.3226135488829215,0.02749012707487859,0.08449218566075213,0.20673507365554494,0.18390427125431835,0.24897440431236345,0.20098027482895592,0.1030076782453137,0.1792576275642886,0.0539417891720626,0.16300539117211946,0.10657707107262447,0.34382162961274254,0.15903241105285112,0.3106291420127289,0.08451626958835287,0.7020218922288535,0.20228596885912092,0.3579222729583487,-0.020866737801107132,0.023410260887294684,-0.1718288792694357,0.18987487625500596,-0.021196622737665958,-0.08070794621755041,0.024176214389150495,-0.13190279783030184,0.08706349018272062,-0.1203958518175341,0.10841494609989506,-0.13017711146218325
0.053043266683854146,-0.003970449224518853,0.4204969812815565,0.07449974230093968,-0.029175905932983776,0.48632967605586597,0.0064031366309759,0.27379706382365565,0.30540786971804895,0.19267697926149768,0.1901827752469282,0.15868014146461365,0.15763732506663514,0.13593924415077446,0.03990782470187481,0.2796927600242479,0.31447131660223565,0.18282270394470654,1.514186284222706,0.04191509436297339,0.2897055455806723,0.3930379545454383,-0.2465192960640854,0.29214350978822945,0.31047874553894106,0.21970634200768396,0.125340223707053,0.5594929700616351,0.09807076352371141,0.2923519676658142,0.3000777052376345,0.20211937694566948,0.5525527533049369,0.08911249984233913,0.22791349874840952,0.2096062439634793,0.6054080473647848,0.06898399076042755,0.5648109333311281,0.03597570768279435,0.5029921685999497,0.23049586812660017,0.004606944798386888,0.3644766534929844,0.2532580539795835,0.25166694008579593,0.16521099046338847,0.019295771805942285,0.47398504501738187,1.0112359353154252,-0.06267311977452304,-0.21654992922145727,-0.6467412853265877,-0.17103522355111536,-0.08426035449067858,0.05013139784532968,-0.09435145044304946,0.07506078077431434,0.09653068611340533
0.10708467397108132,0.4030604614565929,0.2791610435710666,0.24383721909987455,0.18972488857767966,0.5005509574053594,0.10061947202848263,0.2425203309350327,0.18142165114909645,0.05565732226221242,0.3752066672468099,0.33347517833748497,0.12244142064719461,0.26013061734860826,0.4320535059909294,0.09048552909090815,0.33157048336693856,0.10288333752308122,0.04191509436297339,1.0192205526867022,0.2416036278260107,0.09530949512967195,0.07765219272856552,0.3012676745240035,0.48769801398036683,0.1899075534176019,0.43645358139668544,0.15809114944944547,0.5142274277481759,0.17694902889904796,0.026909181752982892,0.4141322892908074,0.09678345610525058,0.4425789781356392,0.22898231854072418,0.1274717623640503,0.47038937737914716,0.48751977795778767,0.6115977974725713,0.23262825472532386,-0.02597405984473217,0.26428278467056604,0.646356377307742,0.167164729786066,0.7518465484954251,0.17128084288793477,0.4168293103333776,0.006169037263457162,0.27703086253142845,-0.2694732600377519,-0.07817423570953069,0.3803063694091132,0.16597607993359614,-0.05055258938091308,-0.09821719403533163,0.08836846407744434,-0.2609839366711848,0.1989928690479182,-0.044982615447814116
0.11819461641676902,0.24217778212395133,0.32380850586836424,0.16576140697783756,0.10015116002393684,0.35606537630593343,0.13125197563691815,0.1869773486007842,0.24986762456342013,0.12253293122247652,0.24346012732178474,0.22938845902289517,0.14001458856626192,0.1711022194161853,0.23816935378114149,0.15904697675395346,0.29076299674814804,0.20582749450437926,0.2897055455806723,0.2416036278260107,0.497240052843387,0.20258913313515875,0.2622819818236993,0.23976949541862028,0.21912024821723133,0.16388838591799784,0.32031404035728256,0.23600649378844987,0.23289037123978137,0.18409520019515568,0.29789839270090895,0.24718549305727852,0.32672102183508256,0.2359259193495788,0.22537940829753167,0.34061409031333817,0.32013749248386036,0.14893402463719893,0.4173994205358741,0.14720348126240007,0.42038427383613663,0.3089410972599673,0.3293817566538413,0.2902876082828234,0.6473467163458723,0.25666358268569145,0.3771631217647375,-0.015561668480952013,0.2571616934348018,-0.052732427957102104,0.0635149406927174,-0.06891663724648589,0.001594176241330427,-0.05820374923501392,-0.12358894308287244,0.06614277266881691,-0.20455772424847654,0.14115313990385206,0.010667567728419302
0.12449993820262585,0.12455191969807805,0.4261301871374115,0.20818526648291008,0.13955735732921928,0.3428660091295906,0.21574140826394408,0.23277198029521648,0.583472411831509,0.17447610698423005,0.261393577240472,0.19863454368998643,0.16402307337635214,0.11649948530615349,-0.018767838356066432,0.5154444965883112,0.312110643031236,0.20355644918997415,0.3930379545454383,0.09530949512967195,0.20258913313515875,1.0983343976614632,0.14567457691049665,0.19432175045831906,0.06432059540862362,0.24924578508135395,0.1560543642724559,0.23842153073418085,0.19055359632328356,-0.06715051181372243,0.35598066947161555,0.3924796571836893,0.0865318579674283,0.33760107752012647,0.2717085749061656,0.16329162011410103,0.3002583080781657,0.1014709557786303,0.5004929439467541,0.07074777781619652,0.21661493020567116,0.21054684959423242,0.020899603788150364,0.3830959520972069,0.13990931173380727,0.13913844176094142,0.27469444531506887,0.002613401231443235,0.1774212874702101,0.3630767517714313,0.010218442577207118,0.057469504605540095,-0.3233231156421719,-0.12347902944710083,-0.008859177530352936,0.13154418534601517,-0.08507278010172849,-0.020256271996212705,-0.1669276425474721
0.14370666247025754,-0.013831717129291158,0.18525765492413157,0.15152385893607784,0.10996939355009445,0.023956487890666213,0.23442033514869687,0.07026424891929434,0.19334097007418494,0.1437277276922373,0.05893653790792636,0.11404017514670353,0.09061510710438918,0.05396580078771629,0.04425133341752097,0.018719173768081156,0.07788059805205373,0.06184078362304104,-0.2465192960640854,0.07765219272856552,0.2622819818236993,0.14567457691049665,1.5761773690450342,0.19774952488459016,0.3578837383646015,-0.18816758007750914,0.36915457103173827,-0.0542335297483214,0.05550661567674393,0.3646323748127841,0.4569079811788818,0.06478996735480765,0.343630479454065,0.22904407714415406,-0.03753588017156647,0.6860558349807592,0.3417687559211047,0.06768006386453963,0.826856094593097,-0.06495731829052923,0.44450470327979874,0.14863111458208497,-0.08830353446914013,1.0964713853361183,-0.1301042194943304,0.19943124712380308,0.14631025506545622,-0.014289732690412471,0.3240801345281089,-0.6163302012203647,0.07123946686021407,0.03662802114464828,0.33235453293304157,-0.13978520999102212,-0.0650316485960931,0.05058703497611867,0.01537989182814049,-0.057836067965327594,0.02093053572753855
0.09650978998338008,0.19790418883527452,0.28195531801685303,0.2091923047023291,0.12122278374668037,0.34398684205144386,0.1418806752106129,0.18820824800849242,0.2321621864986177,0.15396403573382325,0.23683294127835294,0.21614852732115092,0.1365821580567344,0.16620966479982452,0.2254948996319036,0.1520052583018558,0.25861764850174535,0.19220624598610273,0.29214350978822945,0.3012676745240035,0.23976949541862028,0.19432175045831906,0.19774952488459016,0.6681584337909451,0.3119323644181651,0.06934091507625337,0.3510850779694439,0.2218096047261232,0.24584911672277565,0.4669769953912384,0.14602453207506702,0.5329401237810792,0.4966015970507635,0.346972725539357,0.14447677400333825,0.3543738924436435,0.337883843074174,0.18392050949504835,0.2781014160363426,0.047284132942979513,0.43948223489762656,0.24386821359023095,0.3378069686042355,0.2639556849387947,0.2814785941145335,0.3182446946124192,0.36551433085918744,-0.03431044075968333,0.4557485789678782,-0.17400815746927972,0.03100620091345968,-0.03717056528044515,0.12569505496310893,-0.114238022922543,-0.1299175672550979,0.032835254752868796,-0.14688675427742873,0.004849260130494533,0.1659230286507467
0.17011835571842207,0.3005682793427064,0.2818141908525031,0.16833381566495415,0.09074789631843731,0.39305824165227427,0.11070764177929639,0.20989793077628857,0.06555582194838167,0.1668666262295139,0.20753622216374076,0.26364610218918016,0.14729511066714826,0.2190902599868877,0.31500888793569937,0.06168489378734068,0.2984417261954409,0.18795062178632932,0.31047874553894106,0.48769801398036683,0.21912024821723133,0.06432059540862362,0.3578837383646015,0.3119323644181651,1.6513264167704318,0.04653006855343257,0.3921879480972607,0.25357387740977794,0.8822288120625468,0.5100089148412889,-0.32535261010687405,0.2298216848681577,0.20569445280619625,0.6176559981660537,0.373128234722073,0.2158326475553678,0.38980370228538214,0.25930765078895546,0.6465829527867752,0.08055257741464622,0.330850972567477,0.22622861050165338,0.5595762757233403,0.670014088945919,0.4201222002531603,0.30786676214938097,0.4585593414054909,-0.05051721680421072,0.28146985387417806,-0.0003730314109662581,0.07384763970099342,0.27067952990893757,0.07690532532406527,-0.08471799971812484,-0.08045264458916422,0.04151295205044701,-0.10986089841252761,0.10047602365136023,-0.0045777465919918
0.054126096753588857,0.22853565155169914,0.2754563268502657,0.13231677232518532,0.13327932278289725,0.33238826796795357,-0.03680354144127398,0.19548464363415544,0.24534418576853334,0.17468956555802198,0.07334904972428076,0.1496197389888022,0.12928190856539729,0.30506049360612186,0.4237726636744043,0.17469697102581042,0.22600445547792394,0.47951245013672755,0.21970634200768396,0.1899075534176019,0.16388838591799784,0.24924578508135395,-0.18816758007750914,0.06934091507625337,0.04653006855343257,1.95026797544268,0.2681226521725459,0.20180151368829827,0.24726521894741652,-0.3197685251751079,0.07690865196433345,0.37963214290534186,-0.11612407709234109,0.42931582985142364,0.3458116807585756,0.13081186171216988,-0.21978355649389053,0.08093495490641016,0.16825849284347233,0.3351063906739704,0.2126098841618069,0.22313358758483628,0.4498857504468482,-0.3334645666462494,1.0960714469765633,0.008745826107377286,0.3615290041682814,0.0033862039335664793,0.20085852435244206,0.20925156573983736,-0.23062229845581522,-0.28775352608419097,-0.3150833045810956,0.08170687338603291,-0.08014137230779533,0.14646172718372538,-0.15733801918466517,0.08920630698500887,-0.0981506940163364
0.1351075524893314,0.31028369045124593,0.32890108463950174,0.10158504094450922,-0.05836833525209257,0.33775345677206503,0.10327701518997798,0.15945602489540234,0.28176509490885837,0.14531453263765393,0.23673452414153465,0.24459618841485936,0.04770630976570961,0.18961657474835159,0.2951386075847856,0.024333641662620586,0.23003121801497314,0.03396328483899386,0.125340223707053,0.43645358139668544,0.32031404035728256,0.1560543642724559,0.36915457103173827,0.3510850779694439,0.3921879480972607,0.2681226521725459,2.4958621106898793,0.2706644057590762,0.38575448512722144,0.20361260044317797,0.22237192759460955,0.4320056127971813,0.3494872047607729,0.4932995231907799,0.3431775232691416,0.8482373806965708,0.203596916841971,0.1918326631279174,0.26637131965001193,0.3160826334636423,0.30962817172528684,0.3871574050204003,2.015942148074128,-0.13309228252698624,0.9218363994240676,0.13479145714165347,0.26159908547349336,-0.01981564215874745,0.688808663904365,-0.29644961316885304,-0.18324003027227675,0.19436782372417347,0.16978543296978058,-0.06301290585689742,0.1943759291002389,0.19085999333332265,-0.09009855579841398,0.023446023982445646,-0.07532296593955833
0.04085173990797519,0.19708139989792198,0.36827281709343146,0.0574476458710658,-0.05180033669706515,0.3315065330903861,0.0023406392306908473,0.21559130005122418,0.22030174463244787,0.16027442462583405,0.14731412039672068,0.1446745667443082,0.0986821932270004,0.14216499774367827,0.15479831182324857,0.2578525498758997,0.3413244149213401,0.21477628906749538,0.5594929700616351,0.15809114944944547,0.23600649378844987,0.23842153073418085,-0.0542335297483214,0.2218096047261232,0.25357387740977794,0.20180151368829827,0.2706644057590762,1.2070120978303394,0.07541598153419621,0.16791935302593355,0.35820639956997524,-0.0021120055341038893,0.532221806311698,0.0011719076159712087,0.7635713267031805,0.10004716198959965,0.4553113283606325,0.08092364170324176,0.3705455646164494,0.006604998848541243,0.44795280533827686,0.2361282843018918,0.29980824697998937,0.9130173693275297,0.2157877112849667,0.049000469171972684,0.13544027244357193,0.0016493688288180155,0.30307077947823463,0.45353808943478746,-0.0249837118543416,0.49176975872889644,-1.076535069965882,0.05785450760667963,0.09929703907519295,0.03567480419844037,-0.125026822634582,-0.05454603167227743,0.27755396122012344
0.13949029549798764,0.511343568614071,0.36820840220859685,0.1999507454613511,0.20267068653045583,0.5023645793720556,0.06255513030914052,0.2269198639891566,0.08919119244410034,0.18594677172273974,0.310238992077157,0.31013526128377655,0.21287453371365586,0.2353698497309331,0.44541978005037747,0.22808191690361235,0.35637729566376436,0.3226135488829215,0.09807076352371141,0.5142274277481759,0.23289037123978137,0.19055359632328356,0.05550661567674393,0.24584911672277565,0.8822288120625468,0.24726521894741652,0.38575448512722144,0.07541598153419621,2.4095364854772936,-0.20573741746288282,-0.6427773386961914,0.5155935265874284,-0.26069385858515826,0.9077896969076763,0.2937827911909727,0.3025395852825214,-0.2533820155903217,0.1766336320732238,0.3187000471960437,0.3186571406520104,0.37654482326753064,0.21259666683586884,0.6142492526721237,-0.19748633305055682,0.6605904383493784,0.170393490960141,0.5282411907288537,-0.04494576931328918,0.19863658241718132,0.23888778775395275,-0.13478797647676896,0.06392431757406729,-0.22816352560620765,0.14511583567291805,-0.18864609531240709,0.018184786282451616,-0.31355449405862207,0.21173660353762144,2.35836815230303e-5
0.07857915987327647,-0.05853401456195476,-0.23992959044725282,0.13447575726024608,0.03335589489277517,0.05230433592416735,0.16169560467967112,0.07943644051583375,-0.0059097173930703585,0.06547993815232712,0.06903840531353647,0.05812544112919854,0.04438410956164659,0.10799248579610145,0.12662249793813432,0.0014733137555862543,0.10088969781695281,0.02749012707487859,0.2923519676658142,0.17694902889904796,0.18409520019515568,-0.06715051181372243,0.3646323748127841,0.4669769953912384,0.5100089148412889,-0.3197685251751079,0.20361260044317797,0.16791935302593355,-0.20573741746288282,2.566616158087486,0.3072277442025553,0.2239761546121015,0.615983730628865,-0.171139591358664,0.10130848266755725,0.41468768700311104,0.5117733434827408,0.13917004995926271,0.16392349643999884,-0.18914822525611896,0.3909705775031623,0.1608323044365299,0.3651823213655274,0.6300073783632834,0.03407671426725437,0.5276083174422426,0.44523494314741247,-0.07812870913603391,1.1043062740394967,-0.1312412160419585,-0.09199350267386729,-0.05251764042124816,0.40663729725986164,-0.1334082085727796,-0.07287532599704638,-0.08833355528675306,-0.16357058499644672,0.3046832105615114,0.09879270216104355
0.10439974617485358,-0.08326652076454474,0.23650190635186916,0.059128602982703636,0.006492995247433808,0.13240753707432168,0.16826638095748966,0.09964620171322047,0.36398226620502144,0.08900150470986151,0.15710684383542536,0.09316156641452283,0.057392361963462146,0.03806727114090164,-0.005980317172899153,0.17427543648377916,0.18074803465642791,0.08449218566075213,0.3000777052376345,0.026909181752982892,0.29789839270090895,0.35598066947161555,0.4569079811788818,0.14602453207506702,-0.32535261010687405,0.07690865196433345,0.22237192759460955,0.35820639956997524,-0.6427773386961914,0.3072277442025553,1.7648424905592204,0.26644016610116267,0.40335439331301604,-0.007357000294747534,0.35534034414910626,0.3324087471475271,0.7380835579011574,0.10610941805406233,0.4326016447381806,-0.09544485395885487,0.16229153057164863,0.2601521056292535,-0.011293738362734698,0.8161497213245048,-0.05164725478547732,0.2157324826712832,0.18996042550080935,0.013035359443193721,0.17842852392192332,0.34877842455229635,-0.1547680005038197,0.15727496093102455,-0.19099763880808243,-0.19839277032291724,0.162716771102574,0.2182357462443903,0.16057772769052353,-0.1669959581412119,-0.16729013874974158
0.0924426918426643,0.2582493975891109,0.2879433191525103,0.2236307819414607,0.19661064554756796,0.44684318644751736,0.13784196727720088,0.1737244975797925,0.33610676241250853,0.12203110039262666,0.31445595872571047,0.2919319189531279,0.16118314155941876,0.174876591097788,0.3053818823818978,0.2118110354062432,0.29639922579558703,0.20673507365554494,0.20211937694566948,0.4141322892908074,0.24718549305727852,0.3924796571836893,0.06478996735480765,0.5329401237810792,0.2298216848681577,0.37963214290534186,0.4320056127971813,-0.0021120055341038893,0.5155935265874284,0.2239761546121015,0.26644016610116267,1.740460706724166,0.007343380732909282,0.7265236606743826,0.1354693989111682,0.2757187741312848,0.020169419865133324,0.23706389724244825,0.4111736176468108,0.20118770145246154,0.17079609563705694,0.27402241326229076,0.45397556817644563,-0.05474501444421578,0.5666464053834095,0.2937570266837286,0.5894658251356597,-0.026103404337970395,0.4167820757867285,-0.30725657670377243,0.0602422751832206,-0.07289664703541654,0.11762579728933283,-0.11074614158043472,-0.2549822988141354,0.16986745837330805,-0.12246751353338696,0.05545296317105265,-0.07464907229901488
0.125563847572492,0.11016987446311621,0.40388463900224936,0.17326419118327463,0.00023214340334294355,0.26294606160287237,0.15239896830204705,0.18521277368277334,0.27297811767974345,0.19091734340671887,0.1197142721669015,0.1369766902564539,0.0933996447796052,0.15282890591391174,0.14372217349485947,-0.02582548267174296,0.27060986127497433,0.18390427125431835,0.5525527533049369,0.09678345610525058,0.32672102183508256,0.0865318579674283,0.343630479454065,0.4966015970507635,0.20569445280619625,-0.11612407709234109,0.3494872047607729,0.532221806311698,-0.26069385858515826,0.615983730628865,0.40335439331301604,0.007343380732909282,1.9537807741509554,-0.14638800113525,-0.25559943773485966,0.4045770826709126,0.5065339152707605,0.10052955107758084,0.05906460438554515,-0.27509183376487945,0.5355730003254654,0.2706555654782213,0.31550095698457686,0.6882680186265077,-0.10777202642309514,0.48252119715223585,0.26566526744397484,-0.04625770977441374,0.7418913912528097,-0.26147676591704183,0.021716166902216914,-0.04630987434039517,0.26359777492748804,-0.30192374510228837,-0.07876024339953626,0.007480639903526589,-0.09087452604127916,-0.00931204514720675,0.2628349216659733
0.12530826921636828,0.3475605183643226,0.3979415189168496,0.20215659261379135,0.15119299665719663,0.4412289694762083,0.08976694629797585,0.22382024709318768,0.2648179069859379,0.16632394231378042,0.2926204867696429,0.2762860031756015,0.16898428416758168,0.2210574156240994,0.37549801248254105,0.1900594211057915,0.3084932689857822,0.24897440431236345,0.08911249984233913,0.4425789781356392,0.2359259193495788,0.33760107752012647,0.22904407714415406,0.346972725539357,0.6176559981660537,0.42931582985142364,0.4932995231907799,0.0011719076159712087,0.9077896969076763,-0.171139591358664,-0.007357000294747534,0.7265236606743826,-0.14638800113525,1.9891685632586207,0.35670165327232545,0.051370950107125474,0.3253104300112651,0.19676064980506178,0.25838540959103423,0.09140953430874654,0.2164990504500542,0.30564677096692855,0.884767475620856,0.23425315382519948,0.4754401645911603,0.09556011139491374,0.6942451074241235,0.0356329805323142,-0.03651618108279309,-0.2460648634033654,0.027463478420788435,0.14702067333066818,0.08746419153042352,-0.08076171122712143,-0.08409216547477222,0.12768279082586376,-0.2434472661069065,0.1301096220141199,-0.05096819183139343
