0.9787568496990919,0.11505760041730236,0.25566086600226245,-0.028200753270675925,0.09163652328823499,0.07566733183158805,0.2552788846771284,0.08058188792491955,0.16249160963392842,0.09242313352321668,0.08766784980257492,0.13965146197638548,0.05512732112860931,0.19572346576814947,0.09649107834411193,0.050902065414480974,0.10593208323671537,0.09358307791267201,0.05642429017484024,0.10428368776967625,0.11275463350825976,0.12234218969096924,0.13807100234275863,0.09123261889126932,0.17687245070750088,0.051281540646091625,0.1549985431829755,0.049241423691654664,0.1337403439718353,0.08476609750161124,0.11610029951275758,0.08496731123049768,0.117905451815731,0.12508265699163473,0.08251098093149421,0.14036540864473118,0.1362100639065399,0.0751937580699447,0.1343861224432034,0.007552216779036328,0.1532084771466247,0.09352181308052333,0.1276697027137703,0.1766449022655218,0.14537702470973926,0.11290751369640001,0.09815130766690186,-0.012143565914726293,0.06048922365978204,-0.1427180919157213,-0.010583538667147348,-0.00217431823276889,0.15917191837947817,-0.021437514211008975,-0.06421786566810982,0.061947212349004036,0.013838075028920913,0.28589823039666956,-0.3437979175799975
0.11505760041730236,1.536120456710951,0.6273715359232195,0.08799381482916767,0.12291776572676655,0.4799600361586301,0.034660657600254066,0.22885084450412013,0.24816422703774443,0.2034124029082285,0.1748684836372289,0.292146829514457,0.13416569151730595,0.1637897157859788,0.5090361297178286,0.042221706342097355,0.2837855236030789,0.3740134098141073,-0.01850513129000395,0.4180640499965218,0.2237771680764059,0.11827246782465431,-0.01633325586046591,0.20295816784345183,0.29244937296914386,0.2415791118789183,0.2976128888864325,0.17491228990284438,0.5090524237556434,-0.04946036544965612,-0.09377939566101559,0.2818563943198817,0.11653260024166541,0.34351413012446536,0.16728832294582227,0.14252241493911624,0.23430005453315417,0.20897106133098317,0.18466648854412773,0.11324866877026094,0.21131317311346035,0.19377390534580077,0.46834205904496967,-0.017661035974005587,0.7534843318841333,0.25876698372398593,0.39124434290058446,-0.026296222490549633,-0.19250954264233094,-0.3697282128961987,0.2930282655762533,0.2809000307826791,-0.0491443584327288,-0.03792670757693356,-0.17274729633690344,0.007017374779795349,-0.35984259218575004,0.1664277705996714,0.1291634568951043
0.25566086600226245,0.6273715359232195,1.893473782072252,0.10701106220512402,-0.0558542289939292,0.5343939233129759,0.08733270635285277,0.38472073289863323,0.6841777773435749,0.36217050821709884,0.17125780602963608,0.32367233045819954,0.1937249279359652,0.1613418407033158,0.35330567419419995,0.10544377621222129,0.39001622295327104,0.3117585844965554,0.4255985770861866,0.28255596473766814,0.3082111500117673,0.4225968696512417,0.16731301511840274,0.2781472404164222,0.2684689085056373,0.26953750917066355,0.32605998979236844,0.3708395423272823,0.3428584534230399,-0.2347676519614669,0.24728736270391719,0.2851854219838394,0.412462713487757,0.38445461514764934,0.2562621054343822,0.3200588641002766,0.4508729932231975,0.19413162924752014,0.3853368837902762,-0.12133781358188217,0.409819562969759,0.26717164258269055,0.3263561771291559,0.46922830548731853,0.5616052035734517,0.49365667732010293,0.40728643105213463,-0.035626045892338525,-0.24150629134559615,0.1310542351602367,0.15462849252695623,0.1322816647754248,-0.19690085314907232,-0.23900662060159872,-0.05735609595725185,0.15789190537924347,-0.18913585337933814,-0.12193435836974725,0.03549761562786267
-0.028200753270675925,0.08799381482916767,0.10701106220512402,1.0471183588022421,0.46766785917936343,0.310042738670709,0.3072768847764663,0.3127211596427789,0.16442772380965062,0.19465594347150758,0.23402661134837266,0.293246503703603,0.17236666725432728,0.29040501525377904,0.14391716189471157,0.2937059135104319,0.20325039119158345,0.1471388583681178,0.06700171417717093,0.25709479787276096,0.1588866914522807,0.20617865952335998,0.13990372662614378,0.20944026053792783,0.15569793595639694,0.1345572135860458,0.09442517416396286,0.05377183284580503,0.1995471697273715,0.12612220803556526,0.055418334046456505,0.22307398511665355,0.1683819372116425,0.20000220080672954,-0.05458245008791778,0.18607601346753982,0.23867168461660782,0.14952624691688637,0.28310963305621795,0.071384660529231,0.2235629050156778,0.15755782378593663,0.07387026495067812,0.06646383759259053,0.1899477458356769,0.15964958177956723,0.2522875928938667,-0.012804750465937252,0.1905907034730431,-0.03578859891949761,3.430123333575912e-5,0.2481022319976808,-0.026477317260785026,-0.08533426872073101,-0.043257789094168914,-0.04877202130227185,-0.25626895194388505,0.1990662054472305,0.02227988121098457
0.09163652328823499,0.12291776572676655,-0.0558542289939292,0.46766785917936343,1.3376991075056164,0.08571328568233519,0.2893498155815695,0.23813623336745993,0.03556814084716177,0.24225985993233906,0.24797553624797872,0.2866604705588393,0.18911714136038812,0.17164607440241833,0.24717843725030836,0.34421945488684,0.11899156407822102,0.18920403827203172,-0.05091216815590907,0.19513950705349278,0.09219385913657839,0.12135734813376985,0.10176903721763227,0.11921659589680826,0.08071808435163313,0.12211791451128003,-0.08447534397745032,-0.05619249899630983,0.19832115763876293,0.023257217677897533,-0.008080020010374733,0.187989995164144,-0.0033069728361576236,0.13835400199701126,-0.06559944189185313,0.16265984247763177,0.049962317634357725,0.09566419693178131,0.21950698830115006,0.11866326748925964,0.17331862298726042,0.11377090603775673,-0.19271959969391725,-0.016472113168987387,0.04058587491541555,0.08489923930623577,0.12750326501010634,-0.015044958239545393,0.15555003358900404,-0.12423478814555,0.017538833147704703,0.19870638816575673,0.1455194552159031,0.08686895534890343,-0.11089881090503959,-0.024639404658000578,-0.147844957622278,0.0687071554952091,0.05858566958020174
0.07566733183158805,0.4799600361586301,0.5343939233129759,0.310042738670709,0.08571328568233519,1.0094140032739416,0.009583377865491158,0.34957419096773534,0.3764137571536133,0.18312715143093805,0.3425365002156799,0.3982939548727563,0.18673314346821798,0.2901927881130404,0.36586217123394266,0.2436177109736807,0.40130010821242235,0.23940911313466795,0.4807190967445286,0.5042176741842054,0.33541453164165713,0.3440350757132778,0.021284737378848978,0.34179829056533795,0.38942660427987413,0.33125854085325707,0.3418453710316129,0.32164750689421595,0.4885267424313392,0.057077504546236266,0.14967992988187584,0.44944470993659874,0.2559510545575537,0.430986130030636,0.24766105009934758,0.16042466429701946,0.48072199183323705,0.2809298052834396,0.5319793549050247,0.15353187466209842,0.37347495776983897,0.29848024716464894,0.47780735576803135,0.22821000773106553,0.7009422007463344,0.2595479501147378,0.6068505505051577,-0.007900742002264987,0.3363205332894549,0.1316164072751382,-0.05244977309353694,0.0649093734662541,-0.2636645969683619,-0.05554217268319152,-0.11258343787731337,0.1200810938960272,-0.3377579984527758,0.21287559474556486,-0.03719226996787115
0.2552788846771284,0.034660657600254066,0.08733270635285277,0.3072768847764663,0.2893498155815695,0.009583377865491158,0.7132687351133763,0.12003111461864137,0.19955915538541716,0.11481723975691596,0.28335980387215326,0.2683272457185423,0.10388556491540836,-0.023173602009135534,-0.06102442085887462,0.2058578898052332,0.16163986982489037,0.08432289154086928,0.00969450564560112,0.1058250736246514,0.1392623746931715,0.20905808970433812,0.22404448915884487,0.14211821930822674,0.11110629737617236,-0.0423077483975778,0.1302588276268736,0.012396459078154183,0.060549710678221735,0.1751705624622993,0.18028058424954252,0.13523729331360684,0.14994528433832086,0.10087002804352128,-0.012511926296024892,0.2736246629484395,0.19260451607512027,0.077334445085131,0.19030617972856712,-0.006922058937827315,0.11522705078149352,0.1214202786287344,-0.02528457833490467,0.1438830759954443,-0.009542118118750201,0.10997935474204605,-0.0683283981441698,-0.011996291644147599,0.08725134207624165,-0.11076527903602529,-0.012323232621790118,0.05978474671682389,0.1321401577780283,-0.1291788678490182,0.06434982824501485,0.054787398846034514,0.04026974673083627,0.09234080518803205,-0.36052127954890445
0.08058188792491955,0.22885084450412013,0.38472073289863323,0.3127211596427789,0.23813623336745993,0.34957419096773534,0.12003111461864137,0.7014761940252492,0.21155004978477782,0.291715397004947,0.25751456963980923,0.1485204922404552,0.1676046780205637,0.21815981880505037,0.11118577972985602,0.23295956043875798,0.22243348187984657,0.21820544830435737,0.27215092016048015,0.23893470822681231,0.1644186580576738,0.22165266744094558,0.0522409529034608,0.17119922309887103,0.18942512883152937,0.18627776635894547,0.15761693654981657,0.21749117578849325,0.1928584190290601,0.05901306336204089,0.10821526420367865,0.14763609905501002,0.18135582534014444,0.19927350999982513,0.19723955126498022,0.06486292593265318,0.2833851040488966,0.13337285114268962,0.34969918390076926,0.0719686356267339,0.2199888106908379,0.1597314413488772,0.2346661302399109,0.2529964728437871,0.2781413212124969,0.18405740766918938,0.375427700956697,-0.005132664464803765,0.21410992937724552,0.10241861382413721,0.024657617317733742,0.20098999640062307,-0.13414941062602176,-0.07958480755993641,-0.04579672045306079,-0.01485843880011222,-0.12314365901549353,0.24960859965501375,-0.08860295212086532
0.16249160963392842,0.24816422703774443,0.6841777773435749,0.16442772380965062,0.03556814084716177,0.3764137571536133,0.19955915538541716,0.21155004978477782,1.1645017245323732,0.17367903251760083,0.18387792040336257,0.21799096828653677,0.14344634723103772,0.13551920354356953,0.03208782224359707,0.14768981234297726,0.2845039065149117,0.18737759444600208,0.31441796540674105,0.1792999345507851,0.2563887487595926,0.5891734040942775,0.20452347293885503,0.2505495171010547,0.05783632268419503,0.2261535104418754,0.28281913561325983,0.2209964545761665,0.06687630100263942,0.013613854303273805,0.3736180063384226,0.3352423250616969,0.29862292021002773,0.2603168891857488,0.11394009036043645,0.25423419601036457,0.31201830721081886,0.1342797128733446,0.3783367728295349,5.7365765918578415e-5,0.22783282889354114,0.20793509027208734,0.20101355331186974,0.29426377742877086,0.36309414935293105,0.24058824221854325,0.295479892789733,-0.010196885691801888,0.2037026383559057,0.07159894814034108,0.1404482145948513,0.15680332092732163,-0.18372949553700652,-0.18644020499025124,0.05152659561529815,0.2895773260338098,-0.12730833313140472,-0.14756423485082912,-0.16534170525447817
0.09242313352321668,0.2034124029082285,0.36217050821709884,0.19465594347150758,0.24225985993233906,0.18312715143093805,0.11481723975691596,0.291715397004947,0.17367903251760083,0.717472560271052,0.09874894185605837,0.17309444114201367,0.14087480058870946,0.12844721545017995,0.1666131478917671,0.15522886824242033,0.18501130471009722,0.272831076546616,0.1952470748471532,0.06413905408747661,0.1207443725076578,0.18176672239063657,0.14684695488162586,0.150598747605354,0.17034632250567272,0.1739229011486459,0.14887835346658998,0.16000306600853986,0.17364367969567748,0.06569615061652752,0.10160997449320378,0.1205873289564258,0.19077698408292043,0.1651647865034667,0.1277813645917644,0.19623276869896533,0.14695732433065517,0.043035366056482685,0.22774470651893527,0.05015190261276449,0.30988070736046636,0.12194507723619508,0.09288858136170561,0.19273818626691305,0.2192533265297116,0.18494837193275804,0.27624014150391535,-0.021972709595601155,0.13775367908210986,-0.050074194895924996,0.08581303150596165,-0.008651043869694897,-0.038524390205911745,-0.02369837494330851,-0.06552743702317297,0.03305386029704077,0.00996181664967469,-0.004072933139301495,-0.035915769220467006
0.08766784980257492,0.1748684836372289,0.17125780602963608,0.23402661134837266,0.24797553624797872,0.3425365002156799,0.28335980387215326,0.25751456963980923,0.18387792040336257,0.09874894185605837,0.9196813559520458,0.3218458954303047,0.1588959443463454,0.04336381387593941,0.11995790323468603,0.35096914743822644,0.3039271722550995,0.21590592417380156,0.19474087908160537,0.3782169324924731,0.24035945687230198,0.2619192933494454,0.0541396482944511,0.24237142894684108,0.19882216922546544,0.07722600121768992,0.2330627105358239,0.14316781461564304,0.2994165342469095,0.07235141652375554,0.17377412452069263,0.33075702274710106,0.1274557450323976,0.2839157582848337,0.23703440246906735,0.16821648948050974,0.2353424285569709,0.1982319473662475,0.38598102408511775,0.13517006802534884,0.15711861037958091,0.21992342418181637,0.21957450120073643,0.2108369073776479,0.2575028057103926,0.16521859684677664,0.26204487138540916,-0.0008928220244834545,0.2918164128673341,0.023299855909981133,0.012198052972767826,0.20079153981462777,0.13986372703253253,-0.04922405491484165,-0.08643505037704645,0.09912059541266888,-0.07735815352110455,0.16146318186194855,-0.2753391693015548
0.13965146197638548,0.292146829514457,0.32367233045819954,0.293246503703603,0.2866604705588393,0.3982939548727563,0.2683272457185423,0.1485204922404552,0.21799096828653677,0.17309444114201367,0.3218458954303047,0.6680188582582525,0.14641252974420213,0.15452800866977803,0.33987935234077954,0.1887387521579714,0.2843751600974352,0.11435247371865416,0.1476511122579019,0.33768426798440737,0.2264020540691144,0.2056698417261551,0.12274034836709612,0.21948040942080238,0.2647248026097117,0.14591579501172736,0.2517393477728316,0.13263097966209342,0.30053520554045055,0.0718240145772591,0.11028377533326372,0.3078888409937525,0.13948236349906049,0.2806779180488644,0.16885342311923715,0.2871451567487124,0.21877742847192927,0.18851628826390343,0.3317566784302413,0.10776619984209938,0.23706757826598823,0.20762035022522546,0.1589181710112978,0.11120167983048453,0.4051655174549069,0.2053322653087076,0.27515152516879704,-0.016940180602741214,0.1283989423201312,-0.13954580121393106,0.033243544835594184,0.0932786709577579,0.047924023481715594,-0.04011900789196456,-0.0552537482934895,0.13123612619240993,-0.20678267791446597,0.12706237372821394,-0.24830707810630664
0.05512732112860931,0.13416569151730595,0.1937249279359652,0.17236666725432728,0.18911714136038812,0.18673314346821798,0.10388556491540836,0.1676046780205637,0.14344634723103772,0.14087480058870946,0.1588959443463454,0.14641252974420213,0.4232218097339109,0.10885551557359427,0.053668297927319246,0.16871106976291955,0.129524542051174,0.13017427287167463,0.16080082847970112,0.12085838770360012,0.13523469741949257,0.16604994324231767,0.09113577060962007,0.13438394579959007,0.13917525987708712,0.1267348132176868,0.04046737793511663,0.09600158425396954,0.20296600369188322,0.04929445824488315,0.06863503131446518,0.16342198273271483,0.09637722217168226,0.1640841251168156,0.10654869412572132,0.11905329614911424,0.14725667256102068,0.07075546640299597,0.24187699479771751,0.04252412585269263,0.17842451302119752,0.10899081671967915,0.030083466837704208,0.14530298290432436,0.08654345767885538,0.12932470473938437,0.1721997906600846,-0.00952690834918127,0.15553472088397136,0.06508608066133338,0.015100606029275862,-0.021997645274811635,-0.04616958542784438,-0.0516851997026837,-0.010929080014793003,-0.0012597046296186987,-0.10612310273746488,-0.0923864492052662,0.14241445243081366
0.19572346576814947,0.1637897157859788,0.1613418407033158,0.29040501525377904,0.17164607440241833,0.2901927881130404,-0.023173602009135534,0.21815981880505037,0.13551920354356953,0.12844721545017995,0.04336381387593941,0.15452800866977803,0.10885551557359427,0.6596271688556433,0.2866034070977357,0.11408376241969438,0.1774407524059289,0.126713550867083,0.13177637897476854,0.2621391160238439,0.15087184692723352,0.12264345511928029,0.05617886361390963,0.16052082555611863,0.22018789021777047,0.31579434574796283,0.18086854585140347,0.13632718686970402,0.22957000794758375,0.09778415585748153,0.04356632538682241,0.1759144374037346,0.14258673141304049,0.2093685350935717,0.13206942062896362,0.09831129954636394,0.19846254095590984,0.14281806067965067,0.21449074530171272,0.11740700850845368,0.3132012931917421,0.15682925499722652,0.255020467494146,0.12258900539662841,0.41666409675805477,0.13445683596392163,0.37922281193920737,-0.009620055769119248,0.22426543190827167,-0.07389074262573789,-0.013733477111140403,0.09017547518666777,0.013101389298795684,0.05025037780259533,-0.2672621131328361,0.04820614871051567,-0.29932096817476445,0.37935130787370747,0.07454871226412241
0.09649107834411193,0.5090361297178286,0.35330567419419995,0.14391716189471157,0.24717843725030836,0.36586217123394266,-0.06102442085887462,0.11118577972985602,0.03208782224359707,0.1666131478917671,0.11995790323468603,0.33987935234077954,0.053668297927319246,0.2866034070977357,1.265001728849351,-0.09238813980147025,0.3142203930173931,0.4207305490084616,0.012305136243416599,0.43997958542908805,0.22101850128638745,-0.026438424688684205,0.04232315899473412,0.22708476109418468,0.32765047456708646,0.435009783378795,0.27891337719690856,0.13414568420841222,0.456756042039492,0.13789281155967598,-0.023729440464072084,0.3236908666400917,0.12977323372344748,0.3696697653823619,0.21073048936066832,0.22572772235409802,0.09730596395848326,0.21660551283648816,0.21339512605020658,0.15302689006324977,0.3069833425254376,0.21178682197165294,0.4240133857654376,0.0019130597203577818,0.7100937908002953,0.2799274182201507,0.4626604630555432,-0.03388984926105302,0.19296359346430067,-0.3470681814086767,-0.0016386540908341057,0.19613022229828742,0.23031649250452246,0.08511476241522527,-0.22152685864187568,0.20118620432489218,-0.42600330008859877,0.22244195204629133,-0.00513442923837245
0.050902065414480974,0.042221706342097355,0.10544377621222129,0.2937059135104319,0.34421945488684,0.2436177109736807,0.2058578898052332,0.23295956043875798,0.14768981234297726,0.15522886824242033,0.35096914743822644,0.1887387521579714,0.16871106976291955,0.11408376241969438,-0.09238813980147025,1.020769195641886,0.22487649291290143,0.21953411595546105,0.27150567484370797,0.09249445874252546,0.1547927094527909,0.50799133964056,0.018151867052040097,0.1460350962231131,0.048760859460413704,0.18635097350479596,0.034310725178116966,0.2533369126150071,0.2198692256289953,0.0003508448088344366,0.18116856097775044,0.21706510835735388,-0.026839467067077672,0.18063416560117584,0.3895306847921442,0.03474791920226987,0.22651385332221893,0.06344887097080457,0.3394011353864182,0.12786553390918778,0.21779349531033715,0.20328423705665052,0.08075059026525094,0.2694901429436641,0.12865294913306408,0.03596194788756807,0.21112723869394706,0.007800867892924732,0.16639494147081518,0.21995360900890312,-0.05058931374105779,0.03790482945579635,-0.2812444788506478,-0.0016106458402338898,0.04612106641099003,-0.008913130239885911,-0.13551717830134846,0.046240600882862484,-0.008056478117281406
0.10593208323671537,0.2837855236030789,0.39001622295327104,0.20325039119158345,0.11899156407822102,0.40130010821242235,0.16163986982489037,0.22243348187984657,0.2845039065149117,0.18501130471009722,0.3039271722550995,0.2843751600974352,0.129524542051174,0.1774407524059289,0.3142203930173931,0.22487649291290143,0.5909944789477422,0.2968339853267231,0.30822014439389267,0.33629339974205796,0.27721102614463156,0.3101400213831819,0.07112447772983621,0.26058871071465356,0.2972929532145309,0.22452270139369995,0.23386275772080206,0.3291962182788202,0.3492663491732712,0.11674362840881936,0.1895230517794728,0.30342997955004347,0.2725547446448625,0.3066000112991123,0.2838117261202527,0.24007613058801458,0.3838143090484286,0.19455221892614866,0.343936293917072,0.09828758679041723,0.3894963836164819,0.2756080183967032,0.2724311168566939,0.2532928194814938,0.5558177863332476,0.2438093539055119,0.399943598929937,-0.013958324743788064,0.12191954886440504,0.003760995915160778,0.02852467818460982,0.03999321445013464,-0.11799667057167705,-0.055347759008860374,-0.16634279063392057,0.08403849445610563,-0.18392251903718293,0.17614207986296254,-0.179521242453888
0.09358307791267201,0.3740134098141073,0.3117585844965554,0.1471388583681178,0.18920403827203172,0.23940911313466795,0.08432289154086928,0.21820544830435737,0.18737759444600208,0.272831076546616,0.21590592417380156,0.11435247371865416,0.13017427287167463,0.126713550867083,0.4207305490084616,0.21953411595546105,0.2968339853267231,0.9840518891524644,0.176404370258122,0.10656821671123151,0.19107968204273484,0.1879107067385194,0.038063953952931336,0.18842340210255945,0.19070527207345467,0.5003671281575006,0.03872014242776023,0.20674981023455824,0.3221429664813744,0.029400869714549503,0.08131713834185376,0.21247514282177726,0.16740810409923895,0.23783439476899593,0.2014432699311828,0.08760245617819372,0.15637420929655926,0.05332958582721895,0.16484962113415383,0.1120720839842839,0.33951674890367656,0.15403340083198966,0.3392394518106439,0.06767831037145504,0.7195274426980368,0.19399856917949895,0.35680499565806983,-0.022550043973421297,0.025317457102162315,-0.16835663923066738,0.18519565038334443,-0.025935342366646713,-0.06042797757672107,0.041645881569044654,-0.09087282143945632,0.1088395120365204,-0.12489922349764807,0.16937915024443873,-0.230062833389622
0.05642429017484024,-0.01850513129000395,0.4255985770861866,0.06700171417717093,-0.05091216815590907,0.4807190967445286,0.00969450564560112,0.27215092016048015,0.31441796540674105,0.1952470748471532,0.19474087908160537,0.1476511122579019,0.16080082847970112,0.13177637897476854,0.012305136243416599,0.27150567484370797,0.30822014439389267,0.176404370258122,1.5310506510050568,0.041226710210837694,0.291323317110391,0.393420933753614,-0.25273522970863715,0.29087960712332345,0.30412144637243976,0.21034861496144888,0.14754931903595042,0.5682568365041667,0.08690380135968832,0.2889741553590841,0.31828908549285617,0.17923107090093274,0.5792057624027478,0.0879980938673815,0.21933304006013876,0.2080735300684522,0.6358787466559607,0.06739046888015555,0.5526711186764233,0.02054303964570717,0.4815460744208888,0.23318975162734507,0.05270310461180198,0.34541569030424,0.23776168150677346,0.25551800354218684,0.1523699480077243,0.01923717226766008,0.4548251597657271,0.9925991038669478,-0.05177417920411998,-0.2344694838470088,-0.6780860788128533,-0.22923787179571564,-0.03263775180108963,0.06269366137157276,-0.08288348325659015,0.05474794065882198,0.06912360436358274
0.10428368776967625,0.4180640499965218,0.28255596473766814,0.25709479787276096,0.19513950705349278,0.5042176741842054,0.1058250736246514,0.23893470822681231,0.1792999345507851,0.06413905408747661,0.3782169324924731,0.33768426798440737,0.12085838770360012,0.2621391160238439,0.43997958542908805,0.09249445874252546,0.33629339974205796,0.10656821671123151,0.041226710210837694,1.0357218673819817,0.22512457567338792,0.09434608708218525,0.060428607326452326,0.29591509752380357,0.48935678139053546,0.20512311209941278,0.43026027183875065,0.15382575611021965,0.516092425702379,0.1670989424793511,0.014203912166203935,0.4107811974378274,0.08402343566122432,0.4309212471777589,0.23051509198587924,0.12071884974787934,0.466640702782826,0.4989101845427521,0.6472917688619214,0.24123959582000984,-0.006578202899788165,0.26054327471913924,0.6692912598860301,0.1704426103336883,0.7989248294301052,0.1771301568938894,0.4150405348671663,0.006866834434116766,0.2426189550168872,-0.2109861486784131,-0.07238520690403884,0.408618787350487,0.1589238724550681,-0.049498282698443745,-0.11768269747499002,0.0885745308719352,-0.2810282370162847,0.20320520085757837,-0.03935872908642653
0.11275463350825976,0.2237771680764059,0.3082111500117673,0.1588866914522807,0.09219385913657839,0.33541453164165713,0.1392623746931715,0.1644186580576738,0.2563887487595926,0.1207443725076578,0.24035945687230198,0.2264020540691144,0.13523469741949257,0.15087184692723352,0.22101850128638745,0.1547927094527909,0.27721102614463156,0.19107968204273484,0.291323317110391,0.22512457567338792,0.46993247595934956,0.20672514432500375,0.24320230150901406,0.23612092231328136,0.20245417590101908,0.15921423678157726,0.2988523403171633,0.23317702685232378,0.22307660876333443,0.18883463513966073,0.3257038582793142,0.256476405883288,0.3174904208051757,0.23194832873708082,0.21833091035736255,0.3522071743818447,0.3069262272003414,0.1413014049052455,0.41365175440287016,0.12932245608623977,0.38954396119846474,0.2923510692044064,0.2653623890127818,0.272524608367272,0.5784584081812417,0.2461805853656778,0.3486517627226854,-0.018643604496972083,0.24245358684717858,-0.002422857707945568,0.05459572658780102,-0.05781135715300884,-0.022672051513595227,-0.06845484052133027,-0.06322040880827834,0.08809651258539122,-0.17385014170306745,0.10148098487271476,-0.04868956558876163
0.12234218969096924,0.11827246782465431,0.4225968696512417,0.20617865952335998,0.12135734813376985,0.3440350757132778,0.20905808970433812,0.22165266744094558,0.5891734040942775,0.18176672239063657,0.2619192933494454,0.2056698417261551,0.16604994324231767,0.12264345511928029,-0.026438424688684205,0.50799133964056,0.3101400213831819,0.1879107067385194,0.393420933753614,0.09434608708218525,0.20672514432500375,1.0977940568286857,0.14534737537222547,0.200839419821566,0.055793932994083605,0.24229976674634585,0.17195094568560385,0.23732571873638125,0.18260790963803225,-0.05406588020347034,0.35958945738794856,0.3873121440071549,0.09765409692880304,0.33919018552258806,0.271725106160214,0.16217504728750567,0.3058234553836366,0.09823582584980135,0.4866796157716506,0.05843247537114278,0.20867667931735118,0.21193585667084233,0.051256713221630223,0.3589192543949049,0.13722769636916674,0.13893879781291665,0.2769722223352603,0.0010873272057950296,0.16678880109169297,0.23420489729658556,0.007111942905071964,-0.003785084998945888,-0.29746561560772,-0.14173650068003116,0.0318763799237892,0.12784355140968343,-0.10241386048591011,-0.041827848212774854,-0.1477074188384501
0.13807100234275863,-0.01633325586046591,0.16731301511840274,0.13990372662614378,0.10176903721763227,0.021284737378848978,0.22404448915884487,0.0522409529034608,0.20452347293885503,0.14684695488162586,0.0541396482944511,0.12274034836709612,0.09113577060962007,0.05617886361390963,0.04232315899473412,0.018151867052040097,0.07112447772983621,0.038063953952931336,-0.25273522970863715,0.060428607326452326,0.24320230150901406,0.14534737537222547,1.5628002401343095,0.17544627950789912,0.33970767223814446,-0.19110032824652945,0.3340699734093564,-0.05899629046521092,0.05463146443563688,0.36344075095286493,0.4541374968006264,0.03917841179611528,0.2996197030918903,0.2156422511173766,-0.01392375943917524,0.6899175535311115,0.3180317672695027,0.05619940351825293,0.8443645288128746,-0.046832621003259814,0.4646611661481121,0.13213089666538,-0.17932620827581217,1.0934826731178153,-0.12451855923525249,0.18080592643149912,0.14907008486795345,-0.016589986532755157,0.33945442519240004,-0.5382799493794195,0.07638671820099105,-0.005955872340398916,0.3183118792443603,-0.10091520823594798,-0.0722011549772392,0.045197957371467715,0.02632522583912031,-0.04216208606876728,-0.012651152934354088
0.09123261889126932,0.20295816784345183,0.2781472404164222,0.20944026053792783,0.11921659589680826,0.34179829056533795,0.14211821930822674,0.17119922309887103,0.2505495171010547,0.150598747605354,0.24237142894684108,0.21948040942080238,0.13438394579959007,0.16052082555611863,0.22708476109418468,0.1460350962231131,0.26058871071465356,0.18842340210255945,0.29087960712332345,0.29591509752380357,0.23612092231328136,0.200839419821566,0.17544627950789912,0.6799896096145658,0.28269440752350444,0.07052102996375462,0.3267896203916322,0.2028551943222158,0.22560011871946034,0.4672182654997919,0.15877883835164736,0.5675654580861461,0.49051777117645995,0.32322113242095984,0.1064496952131131,0.3375108312860709,0.29933324227006636,0.18189433392077314,0.2687527386433688,0.04318384653827523,0.44369302182006787,0.23418809402400537,0.31707365936686127,0.23886753105353653,0.32070071974871023,0.31821797128231605,0.37417311140226184,-0.034593167740487187,0.45714188003332373,-0.1444601476875822,0.05495289092549394,-0.053401155527997984,0.13013693716952976,-0.11706633911725257,-0.16247434149403664,0.04365362898335399,-0.13380725759670817,0.03385346352323192,0.08603908859897944
0.17687245070750088,0.29244937296914386,0.2684689085056373,0.15569793595639694,0.08071808435163313,0.38942660427987413,0.11110629737617236,0.18942512883152937,0.05783632268419503,0.17034632250567272,0.19882216922546544,0.2647248026097117,0.13917525987708712,0.22018789021777047,0.32765047456708646,0.048760859460413704,0.2972929532145309,0.19070527207345467,0.30412144637243976,0.48935678139053546,0.20245417590101908,0.055793932994083605,0.33970767223814446,0.28269440752350444,1.6532358135819687,0.07356102436176723,0.4136063372916493,0.2561155618675129,0.8884455892439093,0.5039755905954334,-0.3339504967886997,0.23960885021483555,0.19714576906841613,0.616676675906654,0.3745160020957978,0.2105328638849569,0.3654640831997927,0.2613595867037879,0.6497616595941504,0.08688877811677154,0.3308245744677107,0.22124326714288575,0.5984425968108378,0.6633537023477918,0.4569272692182304,0.29563925705948435,0.4543473800739314,-0.0491662812850162,0.2755061045648873,-0.0843289335655272,0.07230848916507829,0.21874097313704619,0.08739312072137072,-0.06340359985904373,-0.07960675749878676,0.06907847731417956,-0.09492397481325521,0.13727146392324266,-0.08823811933317245
0.051281540646091625,0.2415791118789183,0.26953750917066355,0.1345572135860458,0.12211791451128003,0.33125854085325707,-0.0423077483975778,0.18627776635894547,0.2261535104418754,0.1739229011486459,0.07722600121768992,0.14591579501172736,0.1267348132176868,0.31579434574796283,0.435009783378795,0.18635097350479596,0.22452270139369995,0.5003671281575006,0.21034861496144888,0.20512311209941278,0.15921423678157726,0.24229976674634585,-0.19110032824652945,0.07052102996375462,0.07356102436176723,1.9705527642619294,0.30168472156340714,0.1955719771457116,0.26059252196753746,-0.3168625500709267,0.04990916904577866,0.37669189220416666,-0.13535048501528832,0.4386639665665209,0.3701147051005316,0.10835496221220783,-0.24890133963614303,0.08859936564192006,0.20145721391032767,0.35604227596501625,0.2317512141017929,0.22870440470548706,0.5568957433743006,-0.31111195939823555,1.1718922605069866,0.008095101967617303,0.38810055288229145,-0.0007779305683991139,0.21007959797351872,0.16999516563843461,-0.23109796149385012,-0.2779385393680992,-0.2636020522137541,0.09537188258746901,-0.10585093922697147,0.16193072988913418,-0.18487677547018236,0.12645669637136653,-0.08683249586321592
0.1549985431829755,0.2976128888864325,0.32605998979236844,0.09442517416396286,-0.08447534397745032,0.3418453710316129,0.1302588276268736,0.15761693654981657,0.28281913561325983,0.14887835346658998,0.2330627105358239,0.2517393477728316,0.04046737793511663,0.18086854585140347,0.27891337719690856,0.034310725178116966,0.23386275772080206,0.03872014242776023,0.14754931903595042,0.43026027183875065,0.2988523403171633,0.17195094568560385,0.3340699734093564,0.3267896203916322,0.4136063372916493,0.30168472156340714,2.500508212992602,0.2606020009213832,0.3951800653132285,0.18667112571205874,0.20677377963938698,0.43295674252991956,0.2862350807106652,0.49443518762853683,0.36958443100152766,0.8361849942510867,0.16982115386255162,0.21624138903840037,0.310921983317234,0.32271139495311135,0.29691490671170195,0.37522501033205863,2.00348858093828,-0.09017734069389616,0.9639859950733393,0.11091300253412398,0.2625434251704657,-0.021049731502909133,0.6222724664958145,-0.3372706383435716,-0.18972203831994502,0.14202313383002976,0.18522902706643846,-0.06652254876285268,0.17266015967183135,0.20196745499807547,-0.06808091827482943,0.12516526342101095,-0.21961159096423719
0.049241423691654664,0.17491228990284438,0.3708395423272823,0.05377183284580503,-0.05619249899630983,0.32164750689421595,0.012396459078154183,0.21749117578849325,0.2209964545761665,0.16000306600853986,0.14316781461564304,0.13263097966209342,0.09600158425396954,0.13632718686970402,0.13414568420841222,0.2533369126150071,0.3291962182788202,0.20674981023455824,0.5682568365041667,0.15382575611021965,0.23317702685232378,0.23732571873638125,-0.05899629046521092,0.2028551943222158,0.2561155618675129,0.1955719771457116,0.2606020009213832,1.1844007245282562,0.05517193931736884,0.16202823461443924,0.36988774354855647,-0.011138593798781491,0.5522555581881092,-0.0089198956392261,0.7629078786005985,0.0781672001497391,0.45013707830712146,0.08334145071837086,0.3847318569534228,-0.004511611715957121,0.4190332585731025,0.23230448797798336,0.3011619524416571,0.9368771784996066,0.19196925482565033,0.05655033902265251,0.1448295605228256,0.0019177879387148465,0.313443360448587,0.43973507992491234,-0.02888135567183694,0.4646564041334092,-1.0262421120226493,0.013654238819084251,0.10508667378634848,0.0412940465269048,-0.10138323878193226,-0.043383269959628934,0.2497792236967569
0.1337403439718353,0.5090524237556434,0.3428584534230399,0.1995471697273715,0.19832115763876293,0.4885267424313392,0.060549710678221735,0.1928584190290601,0.06687630100263942,0.17364367969567748,0.2994165342469095,0.30053520554045055,0.20296600369188322,0.22957000794758375,0.456756042039492,0.2198692256289953,0.3492663491732712,0.3221429664813744,0.08690380135968832,0.516092425702379,0.22307660876333443,0.18260790963803225,0.05463146443563688,0.22560011871946034,0.8884455892439093,0.26059252196753746,0.3951800653132285,0.05517193931736884,2.4153302060049486,-0.18821701930283807,-0.6578674477688108,0.5454344562752287,-0.2529639504165124,0.9004131435677335,0.26464287512521284,0.31940504289092264,-0.27837293091901394,0.18427254719426728,0.3391399918637291,0.32174413791314466,0.37117039419322295,0.20797112560744757,0.6067026506301146,-0.2368968208784445,0.6654953344940342,0.17130539893622831,0.5125611520052943,-0.04845480143506934,0.20323773998397904,0.12864180679408366,-0.14993628194195546,0.036866076818709105,-0.1874178572066402,0.1595961705334369,-0.17526998352270104,0.02838893689471737,-0.32111548726503797,0.23656497115752914,-0.04458740572306813
0.08476609750161124,-0.04946036544965612,-0.2347676519614669,0.12612220803556526,0.023257217677897533,0.057077504546236266,0.1751705624622993,0.05901306336204089,0.013613854303273805,0.06569615061652752,0.07235141652375554,0.0718240145772591,0.04929445824488315,0.09778415585748153,0.13789281155967598,0.0003508448088344366,0.11674362840881936,0.029400869714549503,0.2889741553590841,0.1670989424793511,0.18883463513966073,-0.05406588020347034,0.36344075095286493,0.4672182654997919,0.5039755905954334,-0.3168625500709267,0.18667112571205874,0.16202823461443924,-0.18821701930283807,2.5487317280531174,0.29486287764309627,0.21019578856390836,0.5797985045362206,-0.14902956642612622,0.0960115176390769,0.47486722468061143,0.5253951531277263,0.13866483511040373,0.13989994956992882,-0.1942513053190748,0.3939653991951602,0.1556658543084512,0.25128104123111017,0.5741382127278694,0.04277579930506242,0.5194811995290359,0.4218150480573561,-0.08029598606991094,1.039251407904075,-0.22025504486022923,-0.0876632005070473,-0.09340544293433317,0.3940141197894259,-0.12993987736372126,-0.10800248562135949,-0.06706269286660385,-0.141265659576001,0.3031300870450184,0.0017903100349797223
0.11610029951275758,-0.09377939566101559,0.24728736270391719,0.055418334046456505,-0.008080020010374733,0.14967992988187584,0.18028058424954252,0.10821526420367865,0.3736180063384226,0.10160997449320378,0.17377412452069263,0.11028377533326372,0.06863503131446518,0.04356632538682241,-0.023729440464072084,0.18116856097775044,0.1895230517794728,0.08131713834185376,0.31828908549285617,0.014203912166203935,0.3257038582793142,0.35958945738794856,0.4541374968006264,0.15877883835164736,-0.3339504967886997,0.04990916904577866,0.20677377963938698,0.36988774354855647,-0.6578674477688108,0.29486287764309627,1.7883179038332608,0.22911277952419296,0.3831412326258245,-0.01715706198469747,0.36749048365262893,0.3429810601376157,0.7848392237849938,0.09989598461315563,0.4006842152096091,-0.10395249300485271,0.16362226289906334,0.26494897525483313,-0.06411278856876156,0.8070382793056949,-0.0622777454767392,0.21022848175444056,0.18834159278772114,0.014158811173812208,0.15032400909460686,0.351914636796947,-0.14477915409304792,0.13904641081952002,-0.2376093685513662,-0.2250648579658709,0.14321048976405437,0.23586157779289868,0.1843563594718043,-0.15634641683502307,-0.20512798335495577
0.08496731123049768,0.2818563943198817,0.2851854219838394,0.22307398511665355,0.187989995164144,0.44944470993659874,0.13523729331360684,0.14763609905501002,0.3352423250616969,0.1205873289564258,0.33075702274710106,0.3078888409937525,0.16342198273271483,0.1759144374037346,0.3236908666400917,0.21706510835735388,0.30342997955004347,0.21247514282177726,0.17923107090093274,0.4107811974378274,0.256476405883288,0.3873121440071549,0.03917841179611528,0.5675654580861461,0.23960885021483555,0.37669189220416666,0.43295674252991956,-0.011138593798781491,0.5454344562752287,0.21019578856390836,0.22911277952419296,1.7101762953507098,-0.047858968394873996,0.7609111901356379,0.15840797329943423,0.25596063788796836,-0.030188147292839015,0.22651861138061735,0.3508883258132824,0.1958414966747066,0.19201852372955827,0.272848404362535,0.4940421823803208,-0.0813503933162825,0.6179031540746417,0.2792438696374352,0.5953758421176021,-0.02615424732329809,0.37200612870694855,-0.30595641134149404,0.07907715171030961,-0.08608427873449592,0.15084366875949515,-0.09116612363527686,-0.2827240904152381,0.19448490311301322,-0.13451731395513744,0.0833059132599413,-0.14449431618621866
0.117905451815731,0.11653260024166541,0.412462713487757,0.1683819372116425,-0.0033069728361576236,0.2559510545575537,0.14994528433832086,0.18135582534014444,0.29862292021002773,0.19077698408292043,0.1274557450323976,0.13948236349906049,0.09637722217168226,0.14258673141304049,0.12977323372344748,-0.026839467067077672,0.2725547446448625,0.16740810409923895,0.5792057624027478,0.08402343566122432,0.3174904208051757,0.09765409692880304,0.2996197030918903,0.49051777117645995,0.19714576906841613,-0.13535048501528832,0.2862350807106652,0.5522555581881092,-0.2529639504165124,0.5797985045362206,0.3831412326258245,-0.047858968394873996,1.8992307241804074,-0.15136501043590528,-0.2692712399977472,0.4257009905117417,0.5197717006505633,0.09987416124353132,0.06641753088523238,-0.2794755482092701,0.5419895717021003,0.25029536236353694,0.160670516995319,0.6708763494596448,-0.12804095311140115,0.47083648058134453,0.2470209283777889,-0.04471098032317473,0.7299675556956661,0.022317457653049523,0.04982729310967694,0.0234707207233671,0.13085782878705993,-0.3282254355320494,-0.10654792383733931,0.005097138133319298,-0.0811380362324614,0.015335255815116881,0.2013800843216467
0.12508265699163473,0.34351413012446536,0.38445461514764934,0.20000220080672954,0.13835400199701126,0.430986130030636,0.10087002804352128,0.19927350999982513,0.2603168891857488,0.1651647865034667,0.2839157582848337,0.2806779180488644,0.1640841251168156,0.2093685350935717,0.3696697653823619,0.18063416560117584,0.3066000112991123,0.23783439476899593,0.0879980938673815,0.4309212471777589,0.23194832873708082,0.33919018552258806,0.2156422511173766,0.32322113242095984,0.616676675906654,0.4386639665665209,0.49443518762853683,-0.0089198956392261,0.9004131435677335,-0.14902956642612622,-0.01715706198469747,0.7609111901356379,-0.15136501043590528,1.994104677620116,0.33399478927006654,0.06667400985569033,0.3033272647228085,0.19902345882855876,0.25289071500742727,0.0778783289474881,0.20105411980282312,0.29966380504465523,0.8649894699221623,0.2094004125630895,0.47959976871663035,0.09124718178481944,0.6918063466249742,0.03175924375645067,-0.047443666834613034,-0.3681370841384793,0.024116407337328637,0.08702000328482692,0.12174466630509276,-0.08949515364914348,-0.0859957323269707,0.13835310615484098,-0.23805288570735245,0.14398592552794803,-0.09532313666532416
