1.020830248465137,0.7245880763268212,0.12412169208713951,-0.1131751882462264,0.3056436528813304,0.08358102849399275,0.2141688616565387,0.17854554647750856,0.14901827369469967,0.11548584305809273,0.12864209028537466,0.18493202714809642,0.09476731102668169,0.1672122111642736,0.21071350729674204,0.13145973507814224,0.08278328131351584,0.16355579705458523,0.1715640064317744,0.0543577104382753,0.11241183433167515,0.09294518265939618,0.07816724068777543,-0.02154411683512557,0.13023242349226033,0.0046671194609711,0.14237903121751538,-0.07563022010785185,0.1753663175610582,0.15783475743588976,0.12739955222617982,0.12169515708305989,0.12421373393453304,-0.1875977468043406,0.14851784451386768,0.09196643086800396,0.18964118750097164,0.0644919189466598,0.08640338204205497,0.03698545233837952,0.1825939465610117,0.10772707434607068,0.1387218188362565,0.14221786932822839,-0.012825379127226035,0.22932378203291157,0.11879265026777877,0.13595751100807815,0.1276003929068531
0.7245880763268212,4.972268937497543,0.3925683024440675,-0.135963473987874,0.41835448786285695,-0.1379916354117478,0.2857195013475865,0.008349975844456691,0.26000226369525326,0.07506742937752138,0.13957999594758905,0.34680774199216247,0.12479950354455897,0.1155011406282098,0.5636066153614013,0.1362285520791197,0.1404070707077273,0.47203978885597814,0.16511446218290352,-0.027013586059738033,0.10065787329145934,0.016224218542606656,-0.31125924375058556,-0.12499629289075219,0.13023899283004844,-0.400087865996161,0.3664665606438553,0.3059913418077199,0.11805938796080379,0.12338566536953369,0.1838889546644331,0.09773768356408093,0.28316012742876795,-0.035115640880969974,0.10228397009361019,0.26118777302525464,0.269123391930033,0.03967389835585876,-0.055636538131670306,-0.11007941134457852,0.21090517426775057,0.09183031960978334,0.11883860807457157,0.13699505161823136,-0.014948893640330346,0.3244598975482464,0.11624033310474394,0.1873897585672591,-0.21991834142291686
0.12412169208713951,0.3925683024440675,1.9726990228161938,0.5633652023816944,-0.14372200513132047,0.384006651148676,0.241203023302873,0.23156358875705282,0.28524568789744575,0.39337522735611746,0.24364478331589726,0.21463729247649577,0.14436319074710616,0.22713376825573717,0.2735775422166902,0.1878835438279676,0.34242140217140593,0.2642018187506953,0.16154253136319252,0.27991942652728036,0.27608250818846597,0.29828828835472593,0.1397706615128175,0.18227705785204712,0.30870471787006587,0.15631371275840195,0.18694317492156556,0.5403623701330573,0.2962604890244794,-0.28767545841617675,0.30927384130509755,0.2288350875293001,0.16583403281532832,0.5873367967947741,0.10818853369197569,0.45198657321665564,0.17073750653448155,0.23592600632705857,0.1806882453372842,-0.44074206260422866,0.552947670847014,0.25890749223148857,0.3370963906922413,0.7961018145178274,-0.009234318461757214,0.7617091492374797,0.11242182001782451,0.19463283935138742,-0.6398477267054026
-0.1131751882462264,-0.135963473987874,0.5633652023816944,2.4667009962950965,0.07087420107544361,0.47124831652826144,0.48741281628732036,0.20530949229184137,0.22130207398386156,0.4519961211456322,0.31045293527215334,0.4833851820212004,0.1802516638333041,0.4190252664249644,0.24877558777688852,0.3859637443804169,0.31052418101421964,0.3044386468724867,0.22948939604394097,0.2779645634363734,0.32759083986325976,0.3242135348512999,0.2868267203718371,0.3116897385837487,0.38008978162830065,0.2961172331363858,0.24562901879755955,0.43594610785314514,0.27340349069832387,0.12288785732750179,0.30771918371352713,0.3755656416444825,0.24804609231149335,0.6990268157110398,0.06175201419499238,0.4199789803898087,0.13959133054347828,0.16123623690922842,0.3584118492342853,-0.0522248734141535,0.438767087073518,0.3140638444622156,0.29358990155053794,0.6603288235765808,-0.08046095390384417,0.4490272364489316,0.26384295893210974,0.2813622644820037,0.12926047304305593
0.3056436528813304,0.41835448786285695,-0.14372200513132047,0.07087420107544361,1.3026269640394896,-0.15035385548605,0.13317981652795632,0.357666125517534,0.15324664405421917,0.11373819593484372,0.13184482506873937,0.18769007712443764,0.12156199225808548,0.14869199335134242,0.24529933194753653,0.23650582542711265,0.14120011945657387,0.1891590922945473,0.46913750097024326,0.14409678295634373,0.12934095145437727,0.16440367227113117,0.28288056000483286,0.1721314428453352,0.1409908708529269,0.03751924922991136,0.14317195088574267,-0.04285567191517128,0.15799508845348736,0.3092653627271502,0.176461964449793,0.14280032213955174,0.19586883455442053,0.12237049574559151,-0.007299279234669155,0.26193135843370935,0.19211664871066242,0.09946476023434432,0.16747162133282284,0.1150991096067124,0.1804497308939594,0.1404717429359464,0.05812486227378239,0.02809122609532908,-0.03261412895276931,0.22852900198332418,0.1859568821078348,0.151723677136966,0.29560523544864015
0.08358102849399275,-0.1379916354117478,0.384006651148676,0.47124831652826144,-0.15035385548605,1.13443982420195,0.31126741375666944,-0.0016016494180742054,0.22069212737018504,0.26081022405715115,0.21941298102551396,0.19160024884796797,0.11701908712891818,0.24096202411468343,0.19771380450765147,0.23692188644580398,0.13826774472263798,0.1841816433325803,0.41799342609951157,0.24604166424627683,0.2099191865057414,0.23718872198048507,0.12176151066953282,0.1940469425541953,0.29602676516300797,0.2980516703013308,0.168755691979277,0.31082175799861816,0.4009039363371862,-0.08869865763380441,0.17227735697334784,0.23613932558274142,-0.05237359054701855,0.4406932010499959,0.20233973975426683,0.20192715949403042,0.009956378540173045,0.15822950063707272,0.26901751833835547,0.06515763238290227,0.1388491367663747,0.19338709679826893,0.25967999224900923,0.2959032662057976,0.05678279289976191,0.22733742355680506,0.14380652247973966,0.11013453681944745,0.13884306057179377
0.2141688616565387,0.2857195013475865,0.241203023302873,0.48741281628732036,0.13317981652795632,0.31126741375666944,0.5232126147583778,-0.007844910247656189,0.24461383490964198,0.18810363667679145,0.17223093288178096,0.35487978205687765,0.11582651425848813,0.16842163821360095,0.17225176982067034,0.1749161210315805,0.15796055865619996,0.16520661177428522,0.1889044341922527,0.10219492016258426,0.13885040750578206,0.16289638824896696,0.17529151447638927,0.1287654655880642,0.21375815494031786,0.08788719891605037,0.15739615715136568,0.1300265081093488,0.19687808200204407,0.07775817710459815,0.1650463249089022,0.1733437872785245,0.11081290074206103,0.2687279277026596,0.10768660274024187,0.23691817352189812,0.08080002536480958,0.07657407162621618,0.11437793294079796,0.009398271250899513,0.14651195518122764,0.1377472081503595,0.10500397120823222,0.22739238391896213,-0.034962659320451984,0.2372694310129348,0.09103322328021522,0.11684052722413797,0.046184723649023075
0.17854554647750856,0.008349975844456691,0.23156358875705282,0.20530949229184137,0.357666125517534,-0.0016016494180742054,-0.007844910247656189,1.0562361307311978,0.10724550835640068,0.29797358467621204,0.2653989636749492,0.05861213616633493,0.1678333554887365,0.25908009240529944,0.0997241427861739,0.2162121280318685,0.3185473053393367,0.21866374808718456,0.1834569203111387,0.3459108728213641,0.2644733073037479,0.21903810021507467,0.1917173927099641,0.22622993015522339,0.25356274167208076,0.2768424249990471,0.18962831294448115,0.0007336426923012643,0.2337257408089385,0.27944158026333804,0.2521348530790034,0.21627588099901826,0.200702063049165,0.31645872078642673,0.29785803508801467,0.24648587103182387,0.31526706810998717,0.18535192216285426,0.39851045837225996,0.13361810119263914,0.38605985497662976,0.2450870184643492,0.2795079462574093,0.27718646937095165,0.2027800680434013,0.3781227462349025,0.3446887909260806,0.25209221029177853,0.2906432499249475
0.14901827369469967,0.26000226369525326,0.28524568789744575,0.22130207398386156,0.15324664405421917,0.22069212737018504,0.24461383490964198,0.10724550835640068,0.5856627145721801,0.10760970690661961,0.18361549568706,0.11119430525909445,0.10493238199170977,0.17954933857844646,0.11647050370827859,0.12384812435047886,0.2106007973952536,0.14268541700226647,0.1666386582155151,0.1486953000481342,0.1464396399711311,0.16994767540748765,0.14415000075100082,0.14656843751061246,0.12058617508411622,0.11735644644466253,0.12725960038000012,0.22921277835149662,0.15545329174064793,0.08750271612585199,0.14955393708735892,0.15595611361356168,0.12796554000935748,0.21609953760079925,0.05827164283438181,0.22740130830432584,0.1167265700974627,0.1029797696593635,0.10010988917009159,0.003357091581751833,0.18466688384023988,0.14293715567638252,0.09637971604512806,0.15147175819570513,0.0502010130056533,0.25003323184115295,0.11567429956290873,0.08471711334874933,-0.02435461496547373
0.11548584305809273,0.07506742937752138,0.39337522735611746,0.4519961211456322,0.11373819593484372,0.26081022405715115,0.18810363667679145,0.29797358467621204,0.10760970690661961,0.6772857534859567,0.16630874307798127,0.12399478668396513,0.13020588678344852,0.21281094674310982,0.18157185613341043,0.1940881330702431,0.21073229381335,0.24185713859555982,0.17398289222677837,0.2611896493044344,0.20273585690564921,0.18591756334083334,0.15564105825777758,0.1557712337762607,0.20939413430877005,0.17338930304048578,0.17737002655797385,0.29510016561793945,0.15297908802270202,0.16523741993081986,0.21259003614748337,0.19103678433653934,0.12578395857276606,0.42879085199491296,0.18641108181238455,0.26476125738859096,0.15506447176525553,0.1566107414208048,0.28385272697956654,0.002966502366661073,0.34989331296196097,0.19023090358980457,0.23708599530532953,0.37895458810548793,0.061908668225763026,0.33759373393090913,0.24221417224128766,0.22756715229063185,0.12146996455828062
0.12864209028537466,0.13957999594758905,0.24364478331589726,0.31045293527215334,0.13184482506873937,0.21941298102551396,0.17223093288178096,0.2653989636749492,0.18361549568706,0.16630874307798127,0.4225061430462565,0.17942552319416202,0.15739527145556595,0.19306358355683387,0.22431404244378578,0.18195554924246554,0.315973539689324,0.18680917102480665,0.15719508620565845,0.24283907615049616,0.18026276120898674,0.16849003314189187,0.21523144344684858,0.19260635815743707,0.19343128929179818,0.1546239467486657,0.16979334056595324,0.24453869921769486,0.22357853189191035,0.10631572306702851,0.19326874113026563,0.17197115308553207,0.1465653848784013,0.25208334485252876,0.15888230417860405,0.2334960951532125,0.19230561625119444,0.13440351627500582,0.1914542011475758,0.07499776298962561,0.23334857227029554,0.1777400606450716,0.1645488813431837,0.14853309370638335,0.09859323762472061,0.2873463414958639,0.18886269356924226,0.15834090341313736,0.0920029023311924
0.18493202714809642,0.34680774199216247,0.21463729247649577,0.4833851820212004,0.18769007712443764,0.19160024884796797,0.35487978205687765,0.05861213616633493,0.11119430525909445,0.12399478668396513,0.17942552319416202,0.888753834079031,0.14327880852642286,0.17909431186390248,0.24971911553728354,0.19599981823347784,0.19335548042184675,0.11955120990532053,0.17300318708657428,0.1001070212444982,0.12789701515994506,0.0825619922398569,0.18833909196759607,0.13991632818563104,0.29194056936072127,0.07823649037607697,0.2296742109169714,-0.12161203175517549,0.21675368656766084,0.07409070797167777,0.20864021322508758,0.20534644421520576,0.17295825247446192,0.21218572722538953,0.22091033351976525,0.23966230852511033,0.18752315988771448,0.07539984161487805,0.024585542014534025,0.05099358663607005,0.05231976990933985,0.13194033262095348,0.13862127828075044,0.15955258545698017,-0.08328255123907236,0.2843246386540369,0.10594551171556071,0.22750369510537966,0.13933952632710786
0.09476731102668169,0.12479950354455897,0.14436319074710616,0.1802516638333041,0.12156199225808548,0.11701908712891818,0.11582651425848813,0.1678333554887365,0.10493238199170977,0.13020588678344852,0.15739527145556595,0.14327880852642286,0.26135312939368577,0.12197066179302918,0.07224023755281189,0.12454233981078616,0.15476684203185698,0.1416752641000445,0.11866943586502116,0.09102658342166128,0.10723370290685937,0.17351560271327426,0.14447672129390293,0.10234113831679616,0.1284111661280935,0.08239291364115484,0.11022121281290104,0.10620467339082743,0.151521335589607,0.08029791084053496,0.11384298824690424,0.12634275550219867,0.10361393832139978,0.16739953747737218,0.1268541885312063,0.11773481325411486,0.08594774912585988,0.05527996839211527,0.1698199608706396,0.03371200936953391,0.1643027338043082,0.10573904823125639,0.11771742822418534,0.17296235314272773,0.035148347452396415,0.16159476252289867,0.13094620315335417,0.05008771145650288,0.11725817406482403
0.1672122111642736,0.1155011406282098,0.22713376825573717,0.4190252664249644,0.14869199335134242,0.24096202411468343,0.16842163821360095,0.25908009240529944,0.17954933857844646,0.21281094674310982,0.19306358355683387,0.17909431186390248,0.12197066179302918,0.4167225904066753,0.19081074435953427,0.27686551861746544,0.19474394920155383,0.18393912837985232,0.17620983252721906,0.20393716562827832,0.20625578119977495,0.1964652116504695,0.16836896778638943,0.18391231229890762,0.2223642544801154,0.19493243650754516,0.18570948736392479,0.22244610482259788,0.23447638401722165,0.14507505442211197,0.19273722166186913,0.28304730668412476,0.16667054135937215,0.236638855147716,0.15470190638486667,0.22617343766697565,0.17666415926450604,0.121669565597986,0.19400200173709645,0.06399638101937755,0.27818748307079505,0.2027492356527414,0.22055678325545783,0.2124398315379509,0.04431938376678677,0.2982139051628749,0.2157934970257183,0.174018898953987,0.2100573804825274
0.21071350729674204,0.5636066153614013,0.2735775422166902,0.24877558777688852,0.24529933194753653,0.19771380450765147,0.17225176982067034,0.0997241427861739,0.11647050370827859,0.18157185613341043,0.22431404244378578,0.24971911553728354,0.07224023755281189,0.19081074435953427,0.9088576375296813,0.13633263434889573,0.12536462080034427,0.2825661537201416,0.21364591818090448,0.15459192907293406,0.20294109362848567,0.08831782502063519,0.2769177634322587,0.19636931109154696,0.2515785540399595,0.07285513232841793,0.17231344259267825,0.3879065276191585,0.2788486865973739,0.0970647529162307,0.19067293365388827,0.1587380707837659,0.20250351968902475,0.2618139344335833,0.10594562770023665,0.2577708309606768,0.16452061568873905,0.04578518744609087,0.18640268762393672,0.012363961337086601,0.2984445650666468,0.19590845860763678,0.1388391435404486,0.19678166827527488,-0.04535423306295691,0.3256139992266095,0.19005623293809998,0.28395286326450997,0.17234739515998906
0.13145973507814224,0.1362285520791197,0.1878835438279676,0.3859637443804169,0.23650582542711265,0.23692188644580398,0.1749161210315805,0.2162121280318685,0.12384812435047886,0.1940881330702431,0.18195554924246554,0.19599981823347784,0.12454233981078616,0.27686551861746544,0.13633263434889573,0.7405243566026113,0.3042317398385878,0.17828441371095446,0.22089622335149345,0.23858710534948854,0.264351006686331,0.16803688062463398,0.10510304272222747,0.2381348521041296,0.2753349724394118,0.2187981558470192,0.2539679693258469,0.32377218209803565,0.30146018118988527,0.21898993986956772,0.22942540898583805,0.2566996746016913,0.20819729940174814,0.2336867413123035,0.332375581355861,0.21631851335581026,0.32961497438084836,0.1213640838393992,0.24332343527501826,0.16386950569979364,0.3169474605890788,0.27870559800338324,0.31319984132045603,0.1783358352301662,0.14489626490041863,0.30965905177925884,0.2645356562845851,0.24089638821578124,0.3205400764496659
0.08278328131351584,0.1404070707077273,0.34242140217140593,0.31052418101421964,0.14120011945657387,0.13826774472263798,0.15796055865619996,0.3185473053393367,0.2106007973952536,0.21073229381335,0.315973539689324,0.19335548042184675,0.15476684203185698,0.19474394920155383,0.12536462080034427,0.3042317398385878,1.045818466498263,0.10366825911737922,0.12897367292124884,0.3897324573581994,0.22745349687034833,0.27676709184305975,0.25498890346574105,0.2379229462443675,0.3587503928829632,0.12005261076617026,0.2627569477682662,0.3220207101403217,0.3115959688566665,0.24045614447882563,0.3046780132059644,0.17883810431780087,0.28759397077624804,0.33102010255490044,0.2722398247389381,0.31727852302040327,0.5033655034414644,0.23661222252421593,0.141142812813616,0.08453047838294828,0.36437769557259675,0.2313950946208552,0.27641625373554574,0.20803207531494392,0.1594081801762509,0.46607006942043233,0.30102134211495624,0.15714942680793148,0.07089312202537403
0.16355579705458523,0.47203978885597814,0.2642018187506953,0.3044386468724867,0.1891590922945473,0.1841816433325803,0.16520661177428522,0.21866374808718456,0.14268541700226647,0.24185713859555982,0.18680917102480665,0.11955120990532053,0.1416752641000445,0.18393912837985232,0.2825661537201416,0.17828441371095446,0.10366825911737922,0.8909140749964868,0.17952494183605172,0.016240367006918336,0.2269200213236939,0.3215975077721694,0.4197721708334185,0.23008030053079906,0.19499420404908063,0.34916337787195356,0.05731777453004788,0.42254393624352415,0.24566263329834198,-0.0902974949487074,0.12841550879368108,0.17293038738994843,0.23449906768267842,0.2937888857968725,0.12834060301009728,0.04676963365955657,0.07826313659208396,0.005965409223361716,0.29289551445038,0.07311007690079308,0.3321971021612219,0.20123077582202623,0.21917839719238894,0.19285095648026288,0.16053469415965946,0.18035454240475285,0.32569223928120494,0.010519703495955043,0.25544187903152543
0.1715640064317744,0.16511446218290352,0.16154253136319252,0.22948939604394097,0.46913750097024326,0.41799342609951157,0.1889044341922527,0.1834569203111387,0.1666386582155151,0.17398289222677837,0.15719508620565845,0.17300318708657428,0.11866943586502116,0.17620983252721906,0.21364591818090448,0.22089622335149345,0.12897367292124884,0.17952494183605172,0.6248654382971981,0.15981102329083421,0.16966510581937103,0.2356311923128176,0.17352937697849233,0.16774253383523346,0.21595016419953253,0.12700913086293095,0.14223906969919234,0.11504010113726197,0.28452510448767027,0.12352689584373694,0.1782371565312581,0.17466822943869267,0.10003221577481253,0.2565238379992307,0.10514085050103499,0.23200611440041227,0.11165818510865147,0.12175927529637144,0.21716035868786443,0.057639367892338325,0.1913526470049791,0.16529258259471816,0.16287710368962513,0.20319429771317996,0.011904399109052164,0.24194959778705438,0.1546837289479025,0.10123376963373937,0.17600266730953132
0.0543577104382753,-0.027013586059738033,0.27991942652728036,0.2779645634363734,0.14409678295634373,0.24604166424627683,0.10219492016258426,0.3459108728213641,0.1486953000481342,0.2611896493044344,0.24283907615049616,0.1001070212444982,0.09102658342166128,0.20393716562827832,0.15459192907293406,0.23858710534948854,0.3897324573581994,0.016240367006918336,0.15981102329083421,1.2770302870795318,0.2779465029855046,-0.10223211822866393,0.06726355741021098,0.25564538931271935,0.1835112601278057,0.43862355411507326,0.3585403885293379,0.4549028733326489,0.2128396264984979,0.2609901554848779,0.3745319027781112,0.23716665337016637,0.08106943130473321,0.4484747668221675,0.24670249286271792,0.46154746873022245,0.48838423101740813,0.5966119589140263,0.3411566654249959,0.3409433935855498,0.38921850710809536,0.2923764359433864,0.3581097009260733,-0.08703762673826694,0.7214732092136322,0.38567082666587155,0.2448808110394644,0.5334407376514163,0.11664156045852997
0.11241183433167515,0.10065787329145934,0.27608250818846597,0.32759083986325976,0.12934095145437727,0.2099191865057414,0.13885040750578206,0.2644733073037479,0.1464396399711311,0.20273585690564921,0.18026276120898674,0.12789701515994506,0.10723370290685937,0.20625578119977495,0.20294109362848567,0.264351006686331,0.22745349687034833,0.2269200213236939,0.16966510581937103,0.2779465029855046,0.653554622881328,0.2140471466397915,0.05836894931856873,0.3082810481544883,0.2878820082425449,0.47264101143876214,0.2347770821538494,0.5271520171416382,0.3078305516188252,0.23070455088232777,0.36879403906502733,0.2547844777793898,0.4801351818172378,0.232904005892166,0.27224465703154815,0.370104555274265,0.5285930371736826,0.17855429471927262,0.3788681830293894,0.18085970467956924,0.5940644326515611,0.5782999515761142,0.3676145925486937,0.29168233503923563,0.2601277275873797,0.483763945715282,0.3379249239423038,0.500698879428621,0.4066617753784651
0.09294518265939618,0.016224218542606656,0.29828828835472593,0.3242135348512999,0.16440367227113117,0.23718872198048507,0.16289638824896696,0.21903810021507467,0.16994767540748765,0.18591756334083334,0.16849003314189187,0.0825619922398569,0.17351560271327426,0.1964652116504695,0.08831782502063519,0.16803688062463398,0.27676709184305975,0.3215975077721694,0.2356311923128176,-0.10223211822866393,0.2140471466397915,1.4203154857651792,0.4917757495142559,0.17188581063955102,0.1951737374645297,0.05618256355208934,0.08825406222687993,-0.001951343467058053,0.6149912563504699,0.13604301196606233,0.1730922330548813,0.31516220884240903,0.15402928509723127,0.37696248140970406,0.08046193510053366,0.1522327498598716,-0.16365337735890265,0.01925787353444262,0.48061158963091327,-0.06458783249608213,0.4215225878134542,0.19965812644609676,0.19656223327172262,0.5598258382737764,-0.03389618935548905,0.24641165748373764,0.277329838525185,-0.9298491779900682,0.22041280481131625
0.07816724068777543,-0.31125924375058556,0.1397706615128175,0.2868267203718371,0.28288056000483286,0.12176151066953282,0.17529151447638927,0.1917173927099641,0.14415000075100082,0.15564105825777758,0.21523144344684858,0.18833909196759607,0.14447672129390293,0.16836896778638943,0.2769177634322587,0.10510304272222747,0.25498890346574105,0.4197721708334185,0.17352937697849233,0.06726355741021098,0.05836894931856873,0.4917757495142559,1.7692024825691495,0.20754945102648079,0.3480213408634023,-0.15515289745001903,0.06717386575482104,-0.038744005581826974,0.5622365295843523,0.24185755874454987,0.1675635787869579,0.12563148673071256,0.1766202349046513,0.4579738753808546,0.09665118716466192,0.23632788638264496,-0.016088691912381867,-0.05304842603923742,0.2917616006633384,0.03316484291070866,0.3526863056481858,0.06596280496367513,0.06939924423806793,0.28708107812349876,-0.01261032044569699,0.31961374124738323,0.3386701523401279,-0.19295012603017306,0.13444080669867042
-0.02154411683512557,-0.12499629289075219,0.18227705785204712,0.3116897385837487,0.1721314428453352,0.1940469425541953,0.1287654655880642,0.22622993015522339,0.14656843751061246,0.1557712337762607,0.19260635815743707,0.13991632818563104,0.10234113831679616,0.18391231229890762,0.19636931109154696,0.2381348521041296,0.2379229462443675,0.23008030053079906,0.16774253383523346,0.25564538931271935,0.3082810481544883,0.17188581063955102,0.20754945102648079,0.9023554096348814,0.33081860046649736,0.26029223696934317,0.1418981999080564,0.34453178153482283,0.4575320725315847,0.404443990383943,0.23713742657460538,0.20604351211704028,0.40856957031498903,0.03716303226032767,0.16773304844965228,0.347900743351837,0.4537765414000809,0.148768530020908,0.13476295168571817,0.08351931706794215,0.30292338557869875,0.2893084719429171,0.16256909428235433,0.11573327660248792,0.004974871603414823,0.4878674002984069,0.3018335760668375,0.40617924198706334,0.5385324575422472
0.13023242349226033,0.13023899283004844,0.30870471787006587,0.38008978162830065,0.1409908708529269,0.29602676516300797,0.21375815494031786,0.25356274167208076,0.12058617508411622,0.20939413430877005,0.19343128929179818,0.29194056936072127,0.1284111661280935,0.2223642544801154,0.2515785540399595,0.2753349724394118,0.3587503928829632,0.19499420404908063,0.21595016419953253,0.1835112601278057,0.2878820082425449,0.1951737374645297,0.3480213408634023,0.33081860046649736,1.0884552325695687,0.0831887358100313,0.23796932776487953,0.0035889414361745652,0.7150385601979864,0.41442245830822877,0.37543381719927177,0.20921827317938024,0.28610340880414437,0.43539407284293413,0.4709883063730304,0.33453424498294676,0.524885851923634,0.15368793426765542,0.3486960632932626,0.06315317623619153,0.42380265159132335,0.2705542302766196,0.32127989664669265,0.5045348825131416,0.04037216650596868,0.6338436244187433,0.3771450676681303,0.34264738949159707,0.12583814089518885
0.0046671194609711,-0.400087865996161,0.15631371275840195,0.2961172331363858,0.03751924922991136,0.2980516703013308,0.08788719891605037,0.2768424249990471,0.11735644644466253,0.17338930304048578,0.1546239467486657,0.07823649037607697,0.08239291364115484,0.19493243650754516,0.07285513232841793,0.2187981558470192,0.12005261076617026,0.34916337787195356,0.12700913086293095,0.43862355411507326,0.47264101143876214,0.05618256355208934,-0.15515289745001903,0.26029223696934317,0.0831887358100313,2.451753337420864,0.24869664685943507,0.7504504217499287,-0.41011521602007156,-0.5753353132597053,0.2481344644722844,0.359718460822808,0.2119039397547382,0.3449318566152913,0.25327205211542114,0.08817660917793985,0.21918425429745245,0.25120256054691575,0.28839499698932586,0.5339284088963494,0.15284596362203232,0.4616733583936996,0.2714627735864862,-0.3620739149865588,0.5374799988186026,-0.006732863556431353,0.08478809376384021,0.49205869394700913,0.8774294463987786
0.14237903121751538,0.3664665606438553,0.18694317492156556,0.24562901879755955,0.14317195088574267,0.168755691979277,0.15739615715136568,0.18962831294448115,0.12725960038000012,0.17737002655797385,0.16979334056595324,0.2296742109169714,0.11022121281290104,0.18570948736392479,0.17231344259267825,0.2539679693258469,0.2627569477682662,0.05731777453004788,0.14223906969919234,0.3585403885293379,0.2347770821538494,0.08825406222687993,0.06717386575482104,0.1418981999080564,0.23796932776487953,0.24869664685943507,0.7529369630162042,0.39896422643759355,0.0775698986519515,0.2281322830181876,0.330833869385698,0.23345911557938392,0.2940477815055278,0.25554884010860884,0.2609799406287587,0.5081340099770919,0.37574064336808444,0.2161372614731322,0.1350812477243691,0.19960748786414334,0.2501065349244996,0.24500324084642996,0.3845488170335464,-0.012895754296617566,0.2655309842697673,0.3651860083084605,0.16373768273946396,0.3931913085844804,0.20411318525998012
-0.07563022010785185,0.3059913418077199,0.5403623701330573,0.43594610785314514,-0.04285567191517128,0.31082175799861816,0.1300265081093488,0.0007336426923012643,0.22921277835149662,0.29510016561793945,0.24453869921769486,-0.12161203175517549,0.10620467339082743,0.22244610482259788,0.3879065276191585,0.32377218209803565,0.3220207101403217,0.42254393624352415,0.11504010113726197,0.4549028733326489,0.5271520171416382,-0.001951343467058053,-0.038744005581826974,0.34453178153482283,0.0035889414361745652,0.7504504217499287,0.39896422643759355,4.392460499592655,-0.5689551985544964,-0.24632986414894567,0.39221502129024755,0.28023486051351326,0.9052411903795347,0.5574091910732731,-0.05260746879330038,0.5026356434497735,0.44451418106465823,0.2497369534051928,0.3255434190771781,0.08395598165858915,0.8572657782644321,0.5442236345490347,0.21554368329954127,0.2488435481701125,0.009806436766428275,0.37977764990992835,0.18938215809189307,1.0523962591357703,0.5555250373889377
0.1753663175610582,0.11805938796080379,0.2962604890244794,0.27340349069832387,0.15799508845348736,0.4009039363371862,0.19687808200204407,0.2337257408089385,0.15545329174064793,0.15297908802270202,0.22357853189191035,0.21675368656766084,0.151521335589607,0.23447638401722165,0.2788486865973739,0.30146018118988527,0.3115959688566665,0.24566263329834198,0.28452510448767027,0.2128396264984979,0.3078305516188252,0.6149912563504699,0.5622365295843523,0.4575320725315847,0.7150385601979864,-0.41011521602007156,0.0775698986519515,-0.5689551985544964,3.2671112005190728,0.24647304242847498,0.11075540810903654,0.23725639931455655,-0.14215487881632508,0.08811838361161148,0.28463795302746037,0.12643519673312825,0.1735403880638976,-0.03164561693759788,0.062263467731619254,0.07987126055004545,0.7275568973659999,0.24621038982685142,0.05564650331972389,-0.26185371286142717,0.6469186354509521,0.4484785265433466,0.4547984219005049,-0.7578728260558169,0.13956366508110185
0.15783475743588976,0.12338566536953369,-0.28767545841617675,0.12288785732750179,0.3092653627271502,-0.08869865763380441,0.07775817710459815,0.27944158026333804,0.08750271612585199,0.16523741993081986,0.10631572306702851,0.07409070797167777,0.08029791084053496,0.14507505442211197,0.0970647529162307,0.21898993986956772,0.24045614447882563,-0.0902974949487074,0.12352689584373694,0.2609901554848779,0.23070455088232777,0.13604301196606233,0.24185755874454987,0.404443990383943,0.41442245830822877,-0.5753353132597053,0.2281322830181876,-0.24632986414894567,0.24647304242847498,2.8054738929380956,0.5443465589006401,0.14235848584882696,0.6454832717150986,0.06872129600772729,0.5052152176602572,0.7883891357429148,1.2177104687953857,0.25757983833892867,0.24559461509165292,-0.18549446560766586,0.8954505805514927,0.23383477864453475,0.5045761003970749,1.0307584419542852,-0.37313708826476405,1.3875420126486766,0.927942046221978,1.0517438530853205,0.8248593695195617
0.12739955222617982,0.1838889546644331,0.30927384130509755,0.30771918371352713,0.176461964449793,0.17227735697334784,0.1650463249089022,0.2521348530790034,0.14955393708735892,0.21259003614748337,0.19326874113026563,0.20864021322508758,0.11384298824690424,0.19273722166186913,0.19067293365388827,0.22942540898583805,0.3046780132059644,0.12841550879368108,0.1782371565312581,0.3745319027781112,0.36879403906502733,0.1730922330548813,0.1675635787869579,0.23713742657460538,0.37543381719927177,0.2481344644722844,0.330833869385698,0.39221502129024755,0.11075540810903654,0.5443465589006401,0.8485914043412598,0.20396573735014678,0.4291820728515939,0.34412799288583085,0.36011733401021323,0.861676307193715,0.8152447097832094,0.31597365714064274,0.37075763058948014,0.1385088628808011,0.5808921491635222,0.3412820879526491,0.2558069035796933,0.47710667261845546,-0.07518952059343247,0.8269880145255021,0.3181396854965035,0.7339733025345717,0.25218204378258086
0.12169515708305989,0.09773768356408093,0.2288350875293001,0.3755656416444825,0.14280032213955174,0.23613932558274142,0.1733437872785245,0.21627588099901826,0.15595611361356168,0.19103678433653934,0.17197115308553207,0.20534644421520576,0.12634275550219867,0.28304730668412476,0.1587380707837659,0.2566996746016913,0.17883810431780087,0.17293038738994843,0.17466822943869267,0.23716665337016637,0.2547844777793898,0.31516220884240903,0.12563148673071256,0.20604351211704028,0.20921827317938024,0.359718460822808,0.23345911557938392,0.28023486051351326,0.23725639931455655,0.14235848584882696,0.20396573735014678,0.6173422110406084,0.2010719462467927,0.26299291029900795,0.06809386635457908,0.2768390012822348,0.07852050017575946,0.14979810127521026,0.19858104169277663,0.0727232199737722,0.3044008861024035,0.2570049734794912,0.21463345104032924,0.1725299125592777,0.05401026573449073,0.3114083922168893,0.20803156338522022,0.11021625164574876,0.2891407758634031
0.12421373393453304,0.28316012742876795,0.16583403281532832,0.24804609231149335,0.19586883455442053,-0.05237359054701855,0.11081290074206103,0.200702063049165,0.12796554000935748,0.12578395857276606,0.1465653848784013,0.17295825247446192,0.10361393832139978,0.16667054135937215,0.20250351968902475,0.20819729940174814,0.28759397077624804,0.23449906768267842,0.10003221577481253,0.08106943130473321,0.4801351818172378,0.15402928509723127,0.1766202349046513,0.40856957031498903,0.28610340880414437,0.2119039397547382,0.2940477815055278,0.9052411903795347,-0.14215487881632508,0.6454832717150986,0.4291820728515939,0.2010719462467927,2.1510816974381615,0.056248881186690025,0.20285473554417618,0.12119009842214762,1.664314342572167,0.0815123312095213,-0.005147814404719615,-0.010000348516031602,0.4635933642637428,0.5252566461473341,0.3841910673154195,0.5947677805324413,-0.16315784473949238,0.761398048486936,0.5849980260915082,1.0539706198288554,0.9516476607195408
-0.1875977468043406,-0.035115640880969974,0.5873367967947741,0.6990268157110398,0.12237049574559151,0.4406932010499959,0.2687279277026596,0.31645872078642673,0.21609953760079925,0.42879085199491296,0.25208334485252876,0.21218572722538953,0.16739953747737218,0.236638855147716,0.2618139344335833,0.2336867413123035,0.33102010255490044,0.2937888857968725,0.2565238379992307,0.4484747668221675,0.232904005892166,0.37696248140970406,0.4579738753808546,0.03716303226032767,0.43539407284293413,0.3449318566152913,0.25554884010860884,0.5574091910732731,0.08811838361161148,0.06872129600772729,0.34412799288583085,0.26299291029900795,0.056248881186690025,1.7662107409981247,0.4228471339019004,0.45414412027396944,-0.017841172572934282,0.1933364029930184,0.590648420690453,-0.017733438215243303,0.5449571793324136,0.23615492756453568,0.3878342875352736,0.816493562209703,0.1453499060423616,0.3593249730424243,0.34486099243617563,0.16936043459071595,-0.06028149912921374
0.14851784451386768,0.10228397009361019,0.10818853369197569,0.06175201419499238,-0.007299279234669155,0.20233973975426683,0.10768660274024187,0.29785803508801467,0.05827164283438181,0.18641108181238455,0.15888230417860405,0.22091033351976525,0.1268541885312063,0.15470190638486667,0.10594562770023665,0.332375581355861,0.2722398247389381,0.12834060301009728,0.10514085050103499,0.24670249286271792,0.27224465703154815,0.08046193510053366,0.09665118716466192,0.16773304844965228,0.4709883063730304,0.25327205211542114,0.2609799406287587,-0.05260746879330038,0.28463795302746037,0.5052152176602572,0.36011733401021323,0.06809386635457908,0.20285473554417618,0.4228471339019004,2.759600661503495,-0.17160168053106947,0.7867180291561359,0.19557440427428766,0.4192747076663642,0.5092476289016483,0.41475387964872823,0.28635139366741214,0.6451388960351564,0.9240901194845781,0.2933925271915951,0.6028090605491536,0.47445478498038013,0.6300391125701507,0.3793406596241334
0.09196643086800396,0.26118777302525464,0.45198657321665564,0.4199789803898087,0.26193135843370935,0.20192715949403042,0.23691817352189812,0.24648587103182387,0.22740130830432584,0.26476125738859096,0.2334960951532125,0.23966230852511033,0.11773481325411486,0.22617343766697565,0.2577708309606768,0.21631851335581026,0.31727852302040327,0.04676963365955657,0.23200611440041227,0.46154746873022245,0.370104555274265,0.1522327498598716,0.23632788638264496,0.347900743351837,0.33453424498294676,0.08817660917793985,0.5081340099770919,0.5026356434497735,0.12643519673312825,0.7883891357429148,0.861676307193715,0.2768390012822348,0.12119009842214762,0.45414412027396944,-0.17160168053106947,2.9103720735239254,-0.0688355494653513,0.3160452777775373,0.1827531592328087,0.2963274278533085,0.39936771777748376,0.2980225369655132,-0.17792563489365198,-0.05715685179509498,-0.4634610947910542,1.4792631327484675,-0.07455416356200872,0.8567337009650633,-0.7048407454759731
0.18964118750097164,0.269123391930033,0.17073750653448155,0.13959133054347828,0.19211664871066242,0.009956378540173045,0.08080002536480958,0.31526706810998717,0.1167265700974627,0.15506447176525553,0.19230561625119444,0.18752315988771448,0.08594774912585988,0.17666415926450604,0.16452061568873905,0.32961497438084836,0.5033655034414644,0.07826313659208396,0.11165818510865147,0.48838423101740813,0.5285930371736826,-0.16365337735890265,-0.016088691912381867,0.4537765414000809,0.524885851923634,0.21918425429745245,0.37574064336808444,0.44451418106465823,0.1735403880638976,1.2177104687953857,0.8152447097832094,0.07852050017575946,1.664314342572167,-0.017841172572934282,0.7867180291561359,-0.0688355494653513,5.585122954325178,0.6071943728334087,-0.4354680429796915,0.14943348013869687,0.5092522864906337,0.5782104122794495,0.7927354281033591,0.41365786421990713,-0.3544062687025995,1.7209809748957574,1.0817977564309282,2.0451864982135954,1.480189860397024
0.0644919189466598,0.03967389835585876,0.23592600632705857,0.16123623690922842,0.09946476023434432,0.15822950063707272,0.07657407162621618,0.18535192216285426,0.1029797696593635,0.1566107414208048,0.13440351627500582,0.07539984161487805,0.05527996839211527,0.121669565597986,0.04578518744609087,0.1213640838393992,0.23661222252421593,0.005965409223361716,0.12175927529637144,0.5966119589140263,0.17855429471927262,0.01925787353444262,-0.05304842603923742,0.148768530020908,0.15368793426765542,0.25120256054691575,0.2161372614731322,0.2497369534051928,-0.03164561693759788,0.25757983833892867,0.31597365714064274,0.14979810127521026,0.0815123312095213,0.1933364029930184,0.19557440427428766,0.3160452777775373,0.6071943728334087,0.9078923431657092,0.05774002680018974,0.220028360485804,0.15475439886173056,0.17022973728744825,0.21849734064012666,0.042215395295344085,0.40332675621387604,0.37631068927883804,0.18923284206656438,0.42481013052053157,-0.04714163990848649
0.08640338204205497,-0.055636538131670306,0.1806882453372842,0.3584118492342853,0.16747162133282284,0.26901751833835547,0.11437793294079796,0.39851045837225996,0.10010988917009159,0.28385272697956654,0.1914542011475758,0.024585542014534025,0.1698199608706396,0.19400200173709645,0.18640268762393672,0.24332343527501826,0.141142812813616,0.29289551445038,0.21716035868786443,0.3411566654249959,0.3788681830293894,0.48061158963091327,0.2917616006633384,0.13476295168571817,0.3486960632932626,0.28839499698932586,0.1350812477243691,0.3255434190771781,0.062263467731619254,0.24559461509165292,0.37075763058948014,0.19858104169277663,-0.005147814404719615,0.590648420690453,0.4192747076663642,0.1827531592328087,-0.4354680429796915,0.05774002680018974,2.6479914990101103,0.3365049309572483,0.6474639971825273,0.31908831615044425,0.30383808215964675,1.3288355731016157,0.41338185987202714,0.007172347898071016,0.3745710542596282,0.4297398324186949,1.1327479147892192
0.03698545233837952,-0.11007941134457852,-0.44074206260422866,-0.0522248734141535,0.1150991096067124,0.06515763238290227,0.009398271250899513,0.13361810119263914,0.003357091581751833,0.002966502366661073,0.07499776298962561,0.05099358663607005,0.03371200936953391,0.06399638101937755,0.012363961337086601,0.16386950569979364,0.08453047838294828,0.07311007690079308,0.057639367892338325,0.3409433935855498,0.18085970467956924,-0.06458783249608213,0.03316484291070866,0.08351931706794215,0.06315317623619153,0.5339284088963494,0.19960748786414334,0.08395598165858915,0.07987126055004545,-0.18549446560766586,0.1385088628808011,0.0727232199737722,-0.010000348516031602,-0.017733438215243303,0.5092476289016483,0.2963274278533085,0.14943348013869687,0.220028360485804,0.3365049309572483,1.323388787282493,-0.3057972668797003,0.17694350888263408,-0.021081036133645984,-0.8383277189014122,0.8882611755356932,0.1405296749199799,0.06648666250970982,0.14499341387822748,0.021164968298001727
0.1825939465610117,0.21090517426775057,0.552947670847014,0.438767087073518,0.1804497308939594,0.1388491367663747,0.14651195518122764,0.38605985497662976,0.18466688384023988,0.34989331296196097,0.23334857227029554,0.05231976990933985,0.1643027338043082,0.27818748307079505,0.2984445650666468,0.3169474605890788,0.36437769557259675,0.3321971021612219,0.1913526470049791,0.38921850710809536,0.5940644326515611,0.4215225878134542,0.3526863056481858,0.30292338557869875,0.42380265159132335,0.15284596362203232,0.2501065349244996,0.8572657782644321,0.7275568973659999,0.8954505805514927,0.5808921491635222,0.3044008861024035,0.4635933642637428,0.5449571793324136,0.41475387964872823,0.39936771777748376,0.5092522864906337,0.15475439886173056,0.6474639971825273,-0.3057972668797003,3.0358837150064124,0.5200598094865874,0.38837574641773087,1.347256962974307,0.11359195162402733,0.847815681666345,0.8128316553840715,0.5685221505377611,0.8616840295875213
