0.8905968462340556,0.19957962428249712,0.28103424487230455,-0.008840277737422282,0.07038008130829922,0.04024681885474451,0.2065106134890314,0.04919098537941377,0.05526807296691097,0.08549559750163521,0.07013442120370411,0.10854419768060121,0.059049315979421,0.141472976575549,0.0718656117347753,0.09449958029078731,0.03369017866154654,0.10947858216998858,0.05149994277396644,0.03532620921638308,0.03986319974737654,0.08449889354299404,0.0940344168806171,0.008260073567559057,0.1396130412460442,0.06043858109570922,0.047571104139055784,-0.03265253121047213,0.10984868708739928,-0.045022365354751265,0.04175886881782986,-0.04176698409952624,0.061919832520692254,-0.036758156076413744,0.07361388121014022,0.02571082295976563,0.07594306045147237,0.02666849729033613,0.019669637561439697,-0.02453996035565201,0.08921930136655262,0.034456894028970876,0.05302832766381577,0.04294842632140124,0.02654048506696243,0.0617069788470971,0.04224449677426139,-0.01710294107947705,0.0133711437036437,-0.03883836199549605,0.011865775437405855,-0.03748977042863021,0.018534720901177807,0.02813430330017829,0.04180671223363726,0.012846755060140614,0.06629968205469222,0.22484486401302498,-0.362773411086417
0.19957962428249712,3.024041808890788,0.17184187736466153,-0.07566170495385324,0.0496376257725368,0.04603305637888769,0.2079429747350784,0.0043584533154449896,0.23896375927827296,0.06848208158267606,0.11484156792552641,0.08274893555209314,0.06410573718094227,0.000917173942318378,0.2243837829995035,0.06670616153926155,0.15283654979994027,0.12093434172411358,0.10101938875750334,-0.0033170977096283107,0.07012639013686744,0.11746356313890939,-0.32095585574811386,-0.014929998837031786,0.1777545295685345,0.03466392684544693,0.28349911792285887,0.2541535927142778,0.23180919772665676,-0.023934638692973853,0.17190885290335622,0.13248578684229997,-0.03598691245994888,0.06645310777928354,0.0804011589845964,0.12774095905980404,0.1288151143408128,0.02106813036417279,0.09288766899651102,0.06266719117536253,-0.021866482287914036,0.05485008727165643,0.05531599074250791,0.0509232184597379,0.1892682214431855,0.10499664242923278,0.01475328306043342,-0.041981179412258846,-0.10631773979687681,-0.027193516312028505,0.5342627879976207,0.26128180607246154,-0.22402106850206563,-0.034629608662438194,-0.2571045251898672,0.07281261451523874,-0.029043164468863496,0.1155845154529797,0.07569364225736754
0.28103424487230455,0.17184187736466153,1.9434668840889069,0.09942296428126268,-0.03788839850061758,0.27864085491444385,0.08990833879832417,0.27436962744092075,0.33534027773662023,0.22245667064175187,0.1894717189327835,0.2389954908197292,0.10409792124401221,0.17835414809550482,0.17522063473382984,0.17210367959853418,0.23862166310886251,0.24194775726021617,0.21145866102643934,0.35044810724861636,0.20173059225042728,0.2893532628041022,0.24241190974092125,0.10358227809019052,0.2267318411549452,0.19802401721514787,0.13508359558633232,0.16344668097115383,0.35177965831275554,-0.37236177086958494,0.08756586528680099,0.018381251587939188,0.11228948517970075,0.2052212335838009,0.1460552073142986,0.37596631100229816,0.2580488772869015,0.1813508092922343,0.07236544006877035,-0.21985141537986724,0.3321410288370533,0.21725045863890488,0.10647721603565923,0.2531136912790813,0.025111247175405308,0.3994902793666465,-0.004294328211874181,-0.04783565788157612,-0.22370239819259768,-0.00039547717596804697,0.035874902655461165,0.06055672651991862,0.07472362308507888,-0.0867847901063522,0.008732272716544436,0.0927720433312343,-0.17057947806067503,-0.16628877774078227,0.14715506069393736
-0.008840277737422282,-0.07566170495385324,0.09942296428126268,0.9722077429039891,0.3036497159602212,0.2495480404038749,0.19606243138341,0.15972537449775132,0.11283364687258146,0.20980682771947226,0.1898628594926697,0.23855888566168576,0.14146273958108638,0.24058359616357683,0.15960122543258534,0.2056511961467376,0.16230867275140962,0.1816409713509741,0.20453752963147137,0.15723385665512277,0.12574736606932874,0.16205994597296614,0.1396878481767668,0.12465584852739069,0.14159201331695234,0.1761899736679973,0.049643518419060145,0.13471270467376797,0.17252002918273798,0.07043144759077716,0.12371285732932931,0.1536489063275965,0.0731165085217752,0.22428647096242937,0.15166231449178236,0.08611369824187712,0.14438419635325977,0.0858076747863229,0.16308934191768887,0.023303148206477373,0.1306006677766259,0.13288743633010003,0.08441566841470581,0.26905276487156154,-0.06723904296700697,0.11341368930730665,0.15870202280694587,0.0047378939492338,0.02380046004806811,0.11468644630084014,-0.07875387970719733,0.1683561320357139,-0.1208384549416262,-0.04052409122642831,-0.022125021826427994,0.013080743418355812,-0.08966188017621635,-0.021073769455840705,0.11212306050038896
0.07038008130829922,0.0496376257725368,-0.03788839850061758,0.3036497159602212,1.0924016034802717,0.3919624780925716,0.07504616638682228,0.2164032974597298,0.2618159819602855,0.11830874673043633,0.20524912253897634,0.25440471941956266,0.16923108868763764,0.17103510574734768,0.30258427167761803,0.21615986972091233,0.1365156397334462,0.1510430310989944,0.5776553239801367,0.2685972204430929,0.12410653445105453,0.19522749310517068,0.18933516199550773,0.1537318927942876,0.014182400814022658,0.1856815367379011,0.012993495859516762,0.06259112689848952,0.14433221980781955,-0.05400619968459169,0.09479972042650162,0.21374108669368816,0.12796368810183695,0.15923117243173354,0.019103965395172427,0.08229828110326433,0.14464066055056773,0.14079228553125755,0.12220332421023213,0.0752222623204065,0.12421490590065355,0.13719593226377708,0.011663443945687713,0.04533662978466596,-0.03797570931442248,0.09491920059137347,0.08977772083874924,-7.709730091438401e-6,0.16314239848210096,0.22386714204124522,-0.043323981480127595,-0.12598002644084205,0.19599226349788682,-0.06855972712952046,-0.05529011200382957,-0.09168278824308895,-0.09961371440272836,0.005078166759831146,0.22412697193076264
0.04024681885474451,0.04603305637888769,0.27864085491444385,0.2495480404038749,0.3919624780925716,0.934647910622151,-0.014439623721442103,0.313475864207343,0.37579218629388994,0.16723289870538785,0.25290135362760546,0.2618330752316718,0.16724224137506485,0.23656416589243162,0.2934086720434118,0.19991746930744408,0.2412605612834998,0.21062120156280265,0.5425181050351778,0.31627080620472015,0.15918893611089122,0.25203225687763087,0.19176959478625624,0.18111798353153571,0.08746164986752195,0.3591093924583832,0.09979080209845731,0.20468197489436954,0.26425759003460325,-0.006510592816219907,0.12341874640728383,0.2843318448622306,0.14440823431981287,0.20875220328038974,0.07139949556095869,0.12126821137435069,0.2672104197126096,0.1675800725988382,0.10067496790558277,0.0014169125782273182,0.20314934134922813,0.18220427670488196,0.11458517151740359,0.07707726591370515,-0.027084895476519093,0.15133780681670905,0.11096332961430985,-0.010768933777306441,0.16256835021659016,0.017699060833473876,-0.40003890451149776,0.011834764130404513,-0.023942352795096697,-0.047897187181684245,-0.06445017705280923,-0.04314221707782671,-0.12486808239037142,0.03386093265235948,0.17522106302216772
0.2065106134890314,0.2079429747350784,0.08990833879832417,0.19606243138341,0.07504616638682228,-0.014439623721442103,0.6219496320714676,-0.06360838284649396,0.18439831810984444,0.11902800744023063,0.12421459054170328,0.2107047054561478,0.07578817944390209,-0.01762478518473394,0.07102535519024748,0.0970855758269278,0.14197923299292134,0.11564124643096078,0.032952485601158786,0.037448579346916124,0.06967201893001958,0.13816798734991978,0.10666781606567782,0.04631450847577775,0.1062008884917271,0.11984192536513652,0.11858684252089796,0.09964850092846635,0.13108837680374097,0.04256509827981429,0.05564259186662164,0.054224436171056954,0.02958162296791949,0.12276311026991053,0.1056299729945016,0.10706876088527097,0.05591394778706403,0.02864874745274709,0.12964702932886543,0.02498101876554941,0.06251893162703083,0.0746926311104075,0.05899994746215166,0.08865801592861362,0.007577805730067909,0.06913164568170325,0.07891234296440915,-0.0190674020078109,0.04116139496156877,0.004225787558110847,-0.018502464464185308,0.14062816451027477,-0.0858184196872654,-0.013211314850561207,0.05934426086998844,0.05972461155889676,-0.07886341001273554,0.07004080591256523,-0.15984595435220164
0.04919098537941377,0.0043584533154449896,0.27436962744092075,0.15972537449775132,0.2164032974597298,0.313475864207343,-0.06360838284649396,0.8068951095731981,0.04147736165911008,0.19468826551913115,0.24040517695899496,0.19884923020154488,0.17651720905656193,0.23789560200342508,0.12025420488045108,0.2114471522902587,0.17770179930964128,0.20589596249638492,0.2856075995402553,0.2809870586796806,0.12758744482020268,0.14907267535188554,0.15064238584469036,0.10163022171687339,0.11907581570640281,0.3275013363913803,0.1633334846751845,0.018660230244481348,0.1523241162822551,0.13915594876714713,0.09209576112776668,0.0600027054250932,0.0577907851720732,0.12930713846628766,0.12651825543158826,0.1615506871321483,0.15770594747767055,0.14405935755731794,0.1431147590585062,0.03976977457616003,0.15763887476101376,0.15198400107205579,0.12289788423083141,0.06682352253210767,0.06699990960267359,0.15041913218338643,0.18750599151189024,0.005159971864932901,0.11833634191833475,0.0865055540345846,-0.08892443933427337,0.10426857882439444,-0.03212428470614957,-0.05681354957686192,-0.12437624329938399,-0.05518159207884142,0.04330742012440375,0.13807625830318085,-0.038297078694318344
0.05526807296691097,0.23896375927827296,0.33534027773662023,0.11283364687258146,0.2618159819602855,0.37579218629388994,0.18439831810984444,0.04147736165911008,0.9230700401039761,0.059345855356492505,0.15169718938329677,0.23553886206084257,0.07030977297061168,0.06361025234180959,0.26874755263362016,0.10259139585181688,0.2280251323094827,0.1371323978402646,0.3392272990052435,0.23284183429657873,0.18097585220970544,0.3874719026723479,0.19739390485755479,0.17165564933736416,0.04509325868118047,0.29040428782663086,0.132875289500686,0.2262030182947247,0.12138443647326012,0.11233328796141152,0.13536490357384773,0.2510103165851138,0.1944903077847778,0.16034610581828768,0.07799241134963412,0.1910786879029861,0.1425093916061541,0.13200846411756254,0.1905335349908737,0.0018553904690419745,0.08803643922772929,0.16891449543201903,0.12375383543716577,0.09740124397166318,0.017106064839294246,0.25674641025979766,0.12732261850662657,-0.05075127921028966,0.18533285072276726,0.08267052364207834,-0.058467627084232816,0.13179487762674058,0.1363899394595585,-0.15570378726426035,-0.01259956813527422,0.0789153658954512,-0.22647550167453392,-0.03496346987880547,0.14358322935386902
0.08549559750163521,0.06848208158267606,0.22245667064175187,0.20980682771947226,0.11830874673043633,0.16723289870538785,0.11902800744023063,0.19468826551913115,0.059345855356492505,0.5830946016363626,0.17783364532658266,0.1632866430245397,0.17314846605372078,0.14970547722235975,0.09903198431833322,0.1585375217081911,0.15087758406499457,0.17116831993342785,0.11229153034015701,0.13699848421675653,0.09585473947379444,0.1323971179192719,0.12418597685923481,0.08071337612260746,0.1256332946754642,0.15251067759919612,0.1451043245867426,0.10679131815189995,0.188586430909784,0.009243252379739478,0.08090676771381185,0.106926725174999,0.04385908865150207,0.20092859805258664,0.11194672926603853,0.1386599756161933,0.12720208738488006,0.07923036382163308,0.10896732731730499,0.038303954645363625,0.1446376965158008,0.11616996454086652,0.09089113131745187,0.1240273016325971,-0.01648074704341735,0.10268761388977583,0.1577279997812788,-0.007606035456029285,0.02539082034256151,-0.03115048890328779,-0.01886593832777981,-0.11114745805047961,0.05362310242924779,0.011096348905900557,0.010121701478969635,0.09894798548118793,-0.05543006002190036,-0.03508995094171277,-0.023662531624591646
0.07013442120370411,0.11484156792552641,0.1894717189327835,0.1898628594926697,0.20524912253897634,0.25290135362760546,0.12421459054170328,0.24040517695899496,0.15169718938329677,0.17783364532658266,0.40561673407547744,0.2369994434162555,0.2073039476933088,0.13969875544851754,0.21335744961944406,0.173700461211128,0.2416061400211279,0.16062243342086377,0.22289324261196997,0.2310583219166795,0.11642095576916345,0.17134384748093376,0.1741258923086247,0.11065147178586514,0.10142799163842073,0.2136353229549898,0.16166024307954907,0.1953292106768708,0.17407087301774998,0.018029717933116928,0.07944509881544162,0.11793256927853123,0.08292397202324525,0.13675017296227449,0.09102502418083148,0.15208549858655726,0.1510305780472587,0.12130885148762913,0.12469570268193415,0.03751575591840043,0.13573934596729326,0.1371964640389894,0.10022871884221733,0.03290394903208201,0.03823835932193651,0.1313153941635725,0.12265011123450592,-0.005183163893119536,0.08067461099307838,0.048712698833589176,-0.05251170324595538,0.029415806117317228,0.05136471002378768,-0.06389425137797339,-0.050780045920446826,0.01070425355597337,-0.06575026830694931,0.06113035191113697,-0.0016201282872889417
0.10854419768060121,0.08274893555209314,0.2389954908197292,0.23855888566168576,0.25440471941956266,0.2618330752316718,0.2107047054561478,0.19884923020154488,0.23553886206084257,0.1632866430245397,0.2369994434162555,0.5800540831698889,0.09141045373619702,0.16829201990632184,0.18232227102715923,0.20210221069266018,0.22045884246727324,0.21119324752737362,0.25939504083752285,0.24431538986971157,0.1576198343698523,0.19987340095541087,0.22033762616419697,0.10867182796290246,0.13825478535756391,0.23804567519144013,0.15068601883204505,0.03466526265060782,0.21108702764542334,-0.01053591295802975,0.0646706784622082,0.0869658427311434,0.09135609417503188,0.1592953050434469,0.12408526555421422,0.19686683583911102,0.1614861961352244,0.1295155702518834,0.1705477966631309,0.04495052531016923,0.15574444764738798,0.16791014313972918,0.0890276804298234,0.035444933252711565,0.06710489418485759,0.1507415540049981,0.13807357836520787,-0.003287546670303802,0.11725065453059406,0.09198260337575015,-0.06049586932759538,0.04764927117556861,0.05768395536694739,-0.0714344389356711,0.04319729097973109,0.00939736520867533,-0.22391160908212887,0.02751063654693252,0.03595349282319217
0.059049315979421,0.06410573718094227,0.10409792124401221,0.14146273958108638,0.16923108868763764,0.16724224137506485,0.07578817944390209,0.17651720905656193,0.07030977297061168,0.17314846605372078,0.2073039476933088,0.09141045373619702,0.3756282956829354,0.1446132245565721,0.06759437970463722,0.167767993361446,0.11652132023735062,0.13147464947462736,0.14294531945601563,0.10817929266536304,0.0952066758766908,0.15519157611014833,0.12282525297810035,0.09988551725615902,0.07429451768688349,0.1585246883840434,0.09076158294236056,0.10478585740686844,0.138631119319883,0.08696998465840829,0.059625159594326536,0.07079036754029804,0.07511954035253075,0.10882163211162484,0.09624980074502988,0.09290718937520144,0.10987161694363254,0.05858824507316225,0.07818239569070874,0.0036996332595134514,0.1155522096261992,0.10015139436518347,0.08852977846620402,0.0877450562697228,-0.046570602858303244,0.10490552358236725,0.11812470567477179,-0.007245787243453856,0.07834539022921314,0.04928845228321764,-0.0327887923713019,-0.03531122367039194,0.022709198075957997,-0.05949211283593656,-0.0022493971177373205,-0.04791021040481388,-0.08010022127591727,0.03718454153118905,0.0891381403340809
0.141472976575549,0.000917173942318378,0.17835414809550482,0.24058359616357683,0.17103510574734768,0.23656416589243162,-0.01762478518473394,0.23789560200342508,0.06361025234180959,0.14970547722235975,0.13969875544851754,0.16829201990632184,0.1446132245565721,0.5747208586571426,0.15760422754655248,0.255439857644167,0.11475558780204483,0.1185337496722591,0.19372290031344339,0.18306231996559905,0.09288339946297298,0.1407366616806716,0.12465727780173086,0.09821199244756035,0.17727314913011208,0.19629897435587806,-0.007109954820739655,0.10726833322005684,0.10870255722992793,0.07545023023224189,0.071381383479008,0.0640164580499975,0.11424422365775118,0.07461388623771674,0.1324872020859379,0.015067477761665327,0.1747599530571166,0.09149873999027339,0.022549001047334764,-0.0013803658110003324,0.17419330801932534,0.11318106273043939,0.10377677985545761,0.14663019299735677,-0.019637980220230795,0.0958644062505318,0.1293943277979603,0.004933754093184968,0.13119674593541522,-0.05199367448441572,-0.0106474730042047,-0.03644668260294976,-0.025763820010232245,0.023686544460778766,-0.07797206684978963,0.017636590910417884,-0.07972778727629397,0.05492688122330466,0.10025712769669343
0.0718656117347753,0.2243837829995035,0.17522063473382984,0.15960122543258534,0.30258427167761803,0.2934086720434118,0.07102535519024748,0.12025420488045108,0.26874755263362016,0.09903198431833322,0.21335744961944406,0.18232227102715923,0.06759437970463722,0.15760422754655248,0.6834378352894708,0.11830436152107683,0.22938240492966558,0.09809425632976616,0.3348962738329814,0.24882836973676764,0.10138000047742124,0.14232434868044744,0.1693655436004266,0.10658807744429792,0.12023319322530678,0.1478073757534076,0.14275451414346937,0.273109404957746,0.16250374156044897,0.04431800832326424,0.055569251106762856,0.11588671200624981,0.10423709953741975,0.11982307274738302,0.08132059014041922,0.10874694957393502,0.18196418084370256,0.1229633186471923,0.08925047460135101,0.03014623432316518,0.14382859596597672,0.11925077791102617,0.11968916432641521,0.027164841649484704,0.04638201819013178,0.1159160649958578,0.0932523870257804,0.004926596167203514,0.1002609633448591,0.16708134807527522,-0.07198372022453055,0.17734113362826737,-0.056134037441934126,-0.03985738589137494,-0.056008224144817174,0.07471923009996029,-0.15740806535288712,0.06840452253674548,0.05309091089838155
0.09449958029078731,0.06670616153926155,0.17210367959853418,0.2056511961467376,0.21615986972091233,0.19991746930744408,0.0970855758269278,0.2114471522902587,0.10259139585181688,0.1585375217081911,0.173700461211128,0.20210221069266018,0.167767993361446,0.255439857644167,0.11830436152107683,0.5547107329709493,0.16388547384016994,0.1562719124191239,0.23116055173989017,0.15562378618528216,0.11988163688740595,0.27134895002338866,0.13319596410462725,0.12604679318624243,0.14984688493472662,0.14923918521305543,0.07488036859753847,0.13088908118818934,0.17054517175518652,0.12786789074874008,0.11277210321595621,0.15916104456726102,0.07632529468830634,0.1531436753054223,0.1710290852358501,0.08709439567058483,0.11997673514196099,0.0810993910192953,0.12412022105570981,0.03106658698179784,0.13031727127553586,0.15184426834279682,0.14443594583724426,0.20057002594356843,-0.027576648886215117,0.1502690798419578,0.17012929724146567,-0.03502746021818696,0.10884904528827556,-0.031054156164387454,-0.04258996520231888,0.09026210707235764,0.07518807393883961,-0.03482513582037069,-0.005475564677540177,-0.0028424504623691007,-0.12001079877653065,0.026955206982311276,0.09583893675845752
0.03369017866154654,0.15283654979994027,0.23862166310886251,0.16230867275140962,0.1365156397334462,0.2412605612834998,0.14197923299292134,0.17770179930964128,0.2280251323094827,0.15087758406499457,0.2416061400211279,0.22045884246727324,0.11652132023735062,0.11475558780204483,0.22938240492966558,0.16388547384016994,0.6614626316555593,0.11093746465923884,0.2293111916994194,0.31107298342620726,0.16626349509937136,0.2215193647891033,0.14321023770965097,0.1530401087881378,0.15637458763005138,0.15127546425576024,0.19386317915969112,0.6150778530863709,0.18059653983736762,0.06222282404089818,0.14322522289458586,0.18819228973372185,0.12275697518527393,0.17756220717469884,0.1236735990574252,0.1870747195512436,0.29724935375406225,0.16258447874500942,0.19547149957775203,0.03805523601206201,0.20379955302824804,0.21936574210087048,0.13319323904800534,0.08782391843581129,0.12801184049764933,0.1739362606506366,0.16424940291509568,0.007809493526746982,0.08131266282419562,0.015891569421318242,-0.02011526017382261,0.06349807499990034,-0.11280565076805041,-0.08816741610361542,-0.08944825431616667,0.010894852860375594,-0.13852425188854686,0.02132914052995413,0.12708840603404198
0.10947858216998858,0.12093434172411358,0.24194775726021617,0.1816409713509741,0.1510430310989944,0.21062120156280265,0.11564124643096078,0.20589596249638492,0.1371323978402646,0.17116831993342785,0.16062243342086377,0.21119324752737362,0.13147464947462736,0.1185337496722591,0.09809425632976616,0.1562719124191239,0.11093746465923884,0.8435376696715947,0.23331451005060255,0.0771694910196142,0.1730439473736992,0.15285231524573992,0.4423231079673668,0.11234849470208734,0.10658980643327406,0.27787070026583965,0.01783562937853483,0.099085283689547,0.1678685219436104,-0.014446651028658063,0.28186194971330875,0.07129388350021643,0.17057985258165942,0.1670214987782662,0.16515415557010343,0.06631038007192966,0.26378186721482905,0.04726841128011936,0.06468774411545113,0.014554449225924823,0.12436743183511739,0.15773154603142603,0.14850473756860202,0.07727728675080386,0.03898605967299985,0.18910752798177868,0.3720906811828339,-0.011038312764446457,-0.11569464664345841,-0.06051852317996564,0.2270756007127508,-0.14150928742965058,-0.27493911344222427,-0.059880539087308046,0.04882499144706917,-0.03900159734710545,-0.095645272765317,0.12826573730381285,-0.053377559697932
0.05149994277396644,0.10101938875750334,0.21145866102643934,0.20453752963147137,0.5776553239801367,0.5425181050351778,0.032952485601158786,0.2856075995402553,0.3392272990052435,0.11229153034015701,0.22289324261196997,0.25939504083752285,0.14294531945601563,0.19372290031344339,0.3348962738329814,0.23116055173989017,0.2293111916994194,0.23331451005060255,1.270360796333116,0.523263581236438,0.18610395658821285,0.2466744515014853,0.14230289872816784,0.12657559116652817,0.08220714090445952,0.1839551181679413,0.019637093668236454,0.1267931707334927,0.14133867946059978,-0.050483789462776825,0.15572140373136323,0.13228558845555233,0.1438761765203608,0.15428608207685715,0.031295871424634886,0.11092607401083028,0.16311373210404378,0.25942178929207854,0.12680302994774728,0.08005879528812698,0.14932308738001063,0.18957317724463493,0.11978293644911578,0.07659554373605287,0.11554385943921953,0.21165170565943975,0.1270454060523223,0.005387435298371585,0.09949344447238571,0.18786897358268523,0.39515424873501026,0.5203853349931816,-0.5458842511095935,-0.14846626254281614,-0.11317178018081202,-0.06290499745002011,-0.1264757457300104,0.1194441492580902,0.1333930051558889
0.03532620921638308,-0.0033170977096283107,0.35044810724861636,0.15723385665512277,0.2685972204430929,0.31627080620472015,0.037448579346916124,0.2809870586796806,0.23284183429657873,0.13699848421675653,0.2310583219166795,0.24431538986971157,0.10817929266536304,0.18306231996559905,0.24882836973676764,0.15562378618528216,0.31107298342620726,0.0771694910196142,0.523263581236438,1.6791823130039967,0.22063970762160348,0.21290338274767154,0.3054405472055983,0.1862704872328157,0.20103765574947272,0.26102351543703145,0.18224489700107013,0.14551632689176455,0.3732258703449228,-0.037197112373065604,-0.07321156963052101,0.14288508996167082,-0.07113724114858276,0.30432501211175955,0.08568503257769385,0.1628164590487906,0.38793946176040967,0.768153773961509,0.09965028184976199,0.2888382966314969,0.10064451867485229,0.29267777822823277,0.36819218203622145,-0.23847850894843087,0.6091664415328893,0.22601587129467,0.17047772511023956,0.026059318604517222,0.2787678619316069,0.052867428336977405,0.12059856580629877,0.19309571573584117,0.04350901593278184,-0.08314471786535327,-0.08918938814322877,-0.03500354586645099,-0.20385244431517083,0.09834961997190705,0.15950995776976343
0.03986319974737654,0.07012639013686744,0.20173059225042728,0.12574736606932874,0.12410653445105453,0.15918893611089122,0.06967201893001958,0.12758744482020268,0.18097585220970544,0.09585473947379444,0.11642095576916345,0.1576198343698523,0.0952066758766908,0.09288339946297298,0.10138000047742124,0.11988163688740595,0.16626349509937136,0.1730439473736992,0.18610395658821285,0.22063970762160348,0.5156734283984025,0.19651078696936433,0.10808103041168246,0.16168844697523493,0.05616982568459132,0.03633496864406192,0.049701672384812476,-0.010825735308817228,0.10420944466570368,0.1256129379505239,0.2418487103727984,0.1596978517648605,0.2339155893544829,0.05954004278796703,0.15086679357161736,0.12139586004424904,0.2761665229164269,0.11785879691761277,0.33480702995959505,0.10444910722797081,0.10623064027552448,0.3469021117089987,0.23021018236794363,0.18796446445239,0.32416266550256617,0.20289402864493084,0.23430808669104486,0.0585096179798616,0.10501578015527704,0.15136848272124112,0.006193413849903365,0.08146602603674583,0.016993887014130578,-0.10614674154597804,-0.006939517157699361,0.003186836390828801,-0.3288814155584531,0.07531582939400178,0.23456395376852116
0.08449889354299404,0.11746356313890939,0.2893532628041022,0.16205994597296614,0.19522749310517068,0.25203225687763087,0.13816798734991978,0.14907267535188554,0.3874719026723479,0.1323971179192719,0.17134384748093376,0.19987340095541087,0.15519157611014833,0.1407366616806716,0.14232434868044744,0.27134895002338866,0.2215193647891033,0.15285231524573992,0.2466744515014853,0.21290338274767154,0.19651078696936433,0.7976035421796553,0.24541873253781024,0.1732815358611857,0.11931079643762986,0.16904783939982235,0.13359258256195358,0.14027355783155485,0.20984682818215342,0.14151291836858074,0.08700107368190343,0.1673316680416991,0.20906743826336086,0.14710107969755049,0.09570065339835664,0.23939739993319542,0.11835340106572381,0.11796906335236747,0.19141187807950194,0.021653229378524527,0.1865737457047098,0.2063035235629773,0.2009196634444648,0.23456666098732146,-0.09949467714066304,0.33296740392941376,0.15505205215395998,-0.1677495094454139,0.39277474787318284,0.07069635396992134,-0.056844738216921,0.08593960056421411,0.11388626295401824,-0.12209704397921609,-0.017521486979381624,0.01976603638629604,-0.1705178261276504,-0.0057899207673009,0.14057949400831746
0.0940344168806171,-0.32095585574811386,0.24241190974092125,0.1396878481767668,0.18933516199550773,0.19176959478625624,0.10666781606567782,0.15064238584469036,0.19739390485755479,0.12418597685923481,0.1741258923086247,0.22033762616419697,0.12282525297810035,0.12465727780173086,0.1693655436004266,0.13319596410462725,0.14321023770965097,0.4423231079673668,0.14230289872816784,0.3054405472055983,0.10808103041168246,0.24541873253781024,1.720403357460815,0.2444396392335173,0.15529502498240885,0.11758371585040076,0.07810690953553671,0.05666090946279107,0.40302910572107226,0.011228801814373987,-0.29838657833450727,-0.19180500166259848,0.3074964661863378,0.23512994753755398,0.05339114729147341,0.2528810278477713,0.3626573578981758,0.12803045579924952,0.03238244257991132,-0.05202632264451298,0.5132283042633958,0.14846831590235296,0.06889145234800054,-0.09769036484732047,-0.34242568531236534,0.1612025774855053,0.2845234232983452,0.016525679633612057,0.3608989816437275,0.0849672653946717,-0.2634050752624181,-0.1293908752631411,0.222196821250002,-0.08046911461787327,0.11866966308086267,-0.05146697685049996,-0.22955868292976453,-0.058561501856717116,0.20129826977210244
0.008260073567559057,-0.014929998837031786,0.10358227809019052,0.12465584852739069,0.1537318927942876,0.18111798353153571,0.04631450847577775,0.10163022171687339,0.17165564933736416,0.08071337612260746,0.11065147178586514,0.10867182796290246,0.09988551725615902,0.09821199244756035,0.10658807744429792,0.12604679318624243,0.1530401087881378,0.11234849470208734,0.12657559116652817,0.1862704872328157,0.16168844697523493,0.1732815358611857,0.2444396392335173,0.610769974640596,0.08022845690221,0.030467102240615142,0.04821567511570769,0.1936729050459827,0.10515159061041192,0.4292916714412172,0.24656741455604178,0.579104369898409,0.42039756229467085,0.2197275504680801,0.18324047204539057,0.08989696281367543,0.3779293093063481,0.12447481987188741,0.1690359187031735,-0.01102301552885226,0.06364706385303076,0.17709969818667018,0.08923083062780521,0.13042115590659883,-0.035485639252111005,0.23677801446513808,0.3019020039127706,0.029935222657045995,0.023983433625579927,0.08916769010593198,-0.1756422493794492,0.0345415360617671,0.19738184239379375,-0.13488921754730773,0.07357690496941814,-0.06127747312358988,-0.0987318677486083,-0.3322150181524474,0.438827522471008
0.1396130412460442,0.1777545295685345,0.2267318411549452,0.14159201331695234,0.014182400814022658,0.08746164986752195,0.1062008884917271,0.11907581570640281,0.04509325868118047,0.1256332946754642,0.10142799163842073,0.13825478535756391,0.07429451768688349,0.17727314913011208,0.12023319322530678,0.14984688493472662,0.15637458763005138,0.10658980643327406,0.08220714090445952,0.20103765574947272,0.05616982568459132,0.11931079643762986,0.15529502498240885,0.08022845690221,1.766951080127335,0.01946505572141373,0.10788582123979731,-0.03225561690940825,0.7454883698977331,0.24500612319705592,0.00885684564656651,-0.0602358385990271,-0.06139753606548017,0.3453683053930691,0.4649146064546636,0.09591148089394867,0.19874315204282397,0.11001614798884184,0.22233051668774884,0.003856705975741274,0.14085327119179233,0.11835489891506895,0.20743675660323022,0.34362677083150384,0.010306733019889021,0.3093465707342516,0.2302927223751974,-0.03153658120584859,-0.20945281653016531,0.10206856719616011,0.0403029571426261,0.21844199952713944,0.05123888709788589,-0.028478098945848095,-0.00829270952650183,0.05617586825531175,0.020523543416446344,-0.013177029246001943,-0.08467611289204219
0.06043858109570922,0.03466392684544693,0.19802401721514787,0.1761899736679973,0.1856815367379011,0.3591093924583832,0.11984192536513652,0.3275013363913803,0.29040428782663086,0.15251067759919612,0.2136353229549898,0.23804567519144013,0.1585246883840434,0.19629897435587806,0.1478073757534076,0.14923918521305543,0.15127546425576024,0.27787070026583965,0.1839551181679413,0.26102351543703145,0.03633496864406192,0.16904783939982235,0.11758371585040076,0.030467102240615142,0.01946505572141373,1.7359385886041758,0.1236491640917313,0.24214247870598177,-0.09070861504928886,0.02904228548197172,0.10473284345449704,0.2627562800404628,-0.005835966678836598,0.18041477363946712,0.08038047094309525,0.07495582238514086,-0.0704075487142248,0.12947490359879155,-0.542401858035941,-0.01675712564867495,0.044068916139373776,0.14127802606414228,0.21687335027177743,-0.1853406853302725,0.006056621058496976,0.11151206153282206,0.0983294655195208,-0.07105112823901376,-0.060492639283317426,-0.31547334766275736,-0.3272071643583112,-0.17561657081030982,-0.2705902711546484,0.05613525732418221,-0.010965600251206074,-0.004730064505473907,-0.07683818119858393,0.19601174295865026,-0.10998530649746807
0.047571104139055784,0.28349911792285887,0.13508359558633232,0.049643518419060145,0.012993495859516762,0.09979080209845731,0.11858684252089796,0.1633334846751845,0.132875289500686,0.1451043245867426,0.16166024307954907,0.15068601883204505,0.09076158294236056,-0.007109954820739655,0.14275451414346937,0.07488036859753847,0.19386317915969112,0.01783562937853483,0.019637093668236454,0.18224489700107013,0.049701672384812476,0.13359258256195358,0.07810690953553671,0.04821567511570769,0.10788582123979731,0.1236491640917313,1.1782976845357949,0.26841407328073424,0.17196617177037282,-0.08982666058570121,0.012378391765902863,0.07469123658939077,-0.07948341451467693,0.10068807379561494,0.0984678682974402,0.44333532588827834,0.12568401495711712,0.10831598416750872,0.04626324001082921,0.18297256269739076,0.17779727856802474,0.11195416250933193,0.4289443598393476,-0.2617136548496144,0.2605475777751947,0.018149351516990014,-0.0207368621894434,-0.00697716475024182,0.13675573736306154,-0.054782395811723686,-0.23470493524015054,0.10882721748758462,0.06283121109720169,0.059873336074639905,0.02793345920131402,0.007299797805941606,-0.00853445988077648,0.19949707557109278,-0.18696703220375954
-0.03265253121047213,0.2541535927142778,0.16344668097115383,0.13471270467376797,0.06259112689848952,0.20468197489436954,0.09964850092846635,0.018660230244481348,0.2262030182947247,0.10679131815189995,0.1953292106768708,0.03466526265060782,0.10478585740686844,0.10726833322005684,0.273109404957746,0.13088908118818934,0.6150778530863709,0.099085283689547,0.1267931707334927,0.14551632689176455,-0.010825735308817228,0.14027355783155485,0.05666090946279107,0.1936729050459827,-0.03225561690940825,0.24214247870598177,0.26841407328073424,2.853088007169218,-0.14485957810034425,0.03951839841834616,0.25199290275700353,0.408164217966253,0.15154197997731317,0.19677476050463932,0.08251892682992659,-0.0043898067927642045,0.3229958554185216,0.08915692357703536,0.05899932265307369,-0.02225866182916526,0.1659792472354654,-0.04521104582920358,0.24179792049054144,0.16933241030698726,-0.08522543639697962,0.07255539024737007,0.1044073021867744,0.025777958458315355,0.06847470093512946,-0.18842767693397905,-0.061056312377666136,0.049195593602563106,-0.17337342205805661,-0.05221381065990148,0.16934745318799388,0.014952953845812253,-0.08896790713500163,-0.06945251640977672,0.3009019512922552
0.10984868708739928,0.23180919772665676,0.35177965831275554,0.17252002918273798,0.14433221980781955,0.26425759003460325,0.13108837680374097,0.1523241162822551,0.12138443647326012,0.188586430909784,0.17407087301774998,0.21108702764542334,0.138631119319883,0.10870255722992793,0.16250374156044897,0.17054517175518652,0.18059653983736762,0.1678685219436104,0.14133867946059978,0.3732258703449228,0.10420944466570368,0.20984682818215342,0.40302910572107226,0.10515159061041192,0.7454883698977331,-0.09070861504928886,0.17196617177037282,-0.14485957810034425,2.6551138595685346,-0.1669438776581953,-0.4103119663514061,0.15908223993203538,-0.3416094072252802,0.6985509869378864,0.31369285577282313,0.47927481342142525,-0.1941823188139937,0.15320179909039056,0.28818935148891356,0.08897177431803424,0.4534970426880103,0.15267696860033433,0.07129089936951717,0.025813081728983753,-0.4269058591912456,0.24717585185740776,0.17007998640451302,-0.09291696065118513,0.3214872552965247,0.1503231891533089,-0.49351942998089743,0.2684398918734702,-0.12839201599982406,0.021582048033423448,-0.05362442886677097,0.00903597784826079,-0.21842700114427735,0.034491081202114665,0.14639650785756542
-0.045022365354751265,-0.023934638692973853,-0.37236177086958494,0.07043144759077716,-0.05400619968459169,-0.006510592816219907,0.04256509827981429,0.13915594876714713,0.11233328796141152,0.009243252379739478,0.018029717933116928,-0.01053591295802975,0.08696998465840829,0.07545023023224189,0.04431800832326424,0.12786789074874008,0.06222282404089818,-0.014446651028658063,-0.050483789462776825,-0.037197112373065604,0.1256129379505239,0.14151291836858074,0.011228801814373987,0.4292916714412172,0.24500612319705592,0.02904228548197172,-0.08982666058570121,0.03951839841834616,-0.1669438776581953,2.584250534381415,0.3897795936467303,0.6611094867292896,0.15546056104357583,0.051923725724474123,0.45408924896936187,0.0565200121705388,0.18138932439501143,0.010705098722237474,0.4448505777362901,-0.09637268040853235,-0.12692771000544387,0.09703501038630609,0.2963693077758109,0.5197947140906917,0.17771611428488934,0.47547135435438576,1.0307338296461337,-0.04008018215742248,-0.16287358951446732,0.060860784849975806,-0.07972746259935325,0.1170265110411048,0.16130275112970913,-0.14560722196908016,0.07853089051163833,-0.08980918465715601,-0.12616904226074407,-0.10253276983921908,0.2157157574583566
0.04175886881782986,0.17190885290335622,0.08756586528680099,0.12371285732932931,0.09479972042650162,0.12341874640728383,0.05564259186662164,0.09209576112776668,0.13536490357384773,0.08090676771381185,0.07944509881544162,0.0646706784622082,0.059625159594326536,0.071381383479008,0.055569251106762856,0.11277210321595621,0.14322522289458586,0.28186194971330875,0.15572140373136323,-0.07321156963052101,0.2418487103727984,0.08700107368190343,-0.29838657833450727,0.24656741455604178,0.00885684564656651,0.10473284345449704,0.012378391765902863,0.25199290275700353,-0.4103119663514061,0.3897795936467303,1.688454659755308,0.6885130246870877,0.26042490524344264,0.15453736014848174,0.5196843559947658,-0.10866089678168371,0.21570760193455757,0.03625303555551197,0.2658283822120351,0.04505350920826979,-0.4159130062285368,0.1851120174669266,0.1739102067328201,0.4939599486366219,0.36843084192942693,0.2863619173981117,0.3665607043493901,-0.007821007664858897,-0.7287298793016816,-0.047397308389915654,0.2743697901729669,0.013465582206402487,-0.08423054624780137,-0.12167585617415913,0.0713753053197109,0.008110539702718368,0.17374583283338277,-0.14298699342244522,-0.06050310555678796
-0.04176698409952624,0.13248578684229997,0.018381251587939188,0.1536489063275965,0.21374108669368816,0.2843318448622306,0.054224436171056954,0.0600027054250932,0.2510103165851138,0.106926725174999,0.11793256927853123,0.0869658427311434,0.07079036754029804,0.0640164580499975,0.11588671200624981,0.15916104456726102,0.18819228973372185,0.07129388350021643,0.13228558845555233,0.14288508996167082,0.1596978517648605,0.1673316680416991,-0.19180500166259848,0.579104369898409,-0.0602358385990271,0.2627562800404628,0.07469123658939077,0.408164217966253,0.15908223993203538,0.6611094867292896,0.6885130246870877,2.716471695519545,0.029738145297222972,0.44262369920059663,-0.3719665542280087,-0.009957882339335339,-0.14348551901194512,0.138888810243998,0.15349319231893252,0.03886181766308757,-0.49985874178120077,0.1546485551582547,0.1260286292354239,0.07939262761110925,0.18362002912068737,0.4107444947229995,0.4743312309682154,-0.10249670794238668,-0.4065837807213113,-0.15280585291175544,-0.08231389791613176,0.03081913603231738,0.1669009159374392,-0.1591818836685642,-0.10797079649487608,0.16980723394642813,-0.17738156717867026,-0.18222767093004222,0.263004763460483
0.061919832520692254,-0.03598691245994888,0.11228948517970075,0.0731165085217752,0.12796368810183695,0.14440823431981287,0.02958162296791949,0.0577907851720732,0.1944903077847778,0.04385908865150207,0.08292397202324525,0.09135609417503188,0.07511954035253075,0.11424422365775118,0.10423709953741975,0.07632529468830634,0.12275697518527393,0.17057985258165942,0.1438761765203608,-0.07113724114858276,0.2339155893544829,0.20906743826336086,0.3074964661863378,0.42039756229467085,-0.06139753606548017,-0.005835966678836598,-0.07948341451467693,0.15154197997731317,-0.3416094072252802,0.15546056104357583,0.26042490524344264,0.029738145297222972,1.754323754095003,-0.3583560538057958,-0.11200184416186074,-0.27903627069609166,0.7909237794906424,0.00473153626917203,-0.11544776895260822,-0.20496059456418197,-0.0016799414192860188,0.2381559138655158,0.1563319845636123,0.026057850936707483,-0.21824204378054987,0.15554793557811059,0.23440865172396413,0.167665124759426,0.17685538173808008,0.17481999865063128,-0.2796959426733057,0.007673520255324163,0.17242272704587075,-0.20254199822924884,0.23709375040439154,-0.010520529165112018,-0.17989334867413598,-0.1654553186489651,0.22550642027428333
