1.4926146648496075,0.43560758676842987,0.836907670176265,0.061907396955968585,0.2593954031663641,0.07919892099969834,0.18839682770405736,0.05911636570859358,0.11996478711210908,0.223862397178335,0.13346265556938147,0.1684864849350413,0.07909948456713944,0.08525308633854971,0.1776910566273638,0.0936517367373338,0.054743187321624136,0.18246788754029672,0.10323481925050668,-0.01430786822786668,0.1992629239978925,0.0965944104319053,0.013483873073347483,-0.1340597638164692,0.1417231395719189,0.03131122077554624,0.0969612362342772,-0.09287218758401102,0.2509735056607915,-0.3895491336787364,0.05926043422586036,0.04360053423963453,-0.01172208783267173,-0.21155765174009403,0.025769736547683598,-0.008887429719667453,-0.02148435714840616,0.022632310431820936,0.08495288282109316,-0.0467824620546498,0.025933776613901168,0.04954719487566834,-0.04811884704670235,0.04546137911055359,0.16909470897049034,0.1206569948075436,-0.13124327702789493,-0.06381279681167464,-0.14871176237219247,-0.089810362972475,-0.009171571187629745,-0.2139148174652425,0.2477140632992513,0.020343641605810286,-0.0236431524437893,0.055724958537440146,0.017739323208304396,-0.010775619090355548,-0.1128864681067818
0.43560758676842987,1.5277177318860216,0.8500613965614142,0.12114945154983135,0.11795406755020246,0.07631469323721443,0.18966734120719858,0.19376397762604436,0.19180901601653808,0.23741441706313063,0.19381728061073888,0.18148739709548817,0.12858171737220986,0.10358513378063243,0.241580832667295,0.0807941395579651,0.15556784295427878,0.3287655229893921,0.11320232353448748,0.18715704073020242,0.3133970559645903,0.12819613721315276,-0.008133403926812634,-0.049441714224672556,0.07853542010373528,0.011006327303434711,0.20139844406349916,0.19304860325936676,0.2554633364922795,-0.30648988342848804,0.19345357258810128,0.08252696075817445,0.04940027223819038,0.10774008925290425,0.07609790025011244,0.08903856790706577,0.25305217482213505,0.11437228590327796,0.07931642996823406,-0.04114090515606985,0.07794918498393383,0.12100136502434732,0.046425986512645276,0.03795793037665986,0.26574108417964615,0.18372262062961237,-0.028212721017741436,-0.007201449818514207,-0.07212788007853445,-0.026692979486301994,0.22739391487142258,-0.012625356468506311,0.11474645396735036,-0.0789764350599356,-0.030185502013910685,0.014809687492000855,-0.01893873786612273,-0.05889732458406761,0.00787127435665408
0.836907670176265,0.8500613965614142,2.0200620583544913,0.07159599039305312,0.03689457171002464,0.1346913031900852,0.10278903534852316,0.3345332465271428,0.24822078443443388,0.2870409713087067,0.1902755617976894,0.13563991960107882,0.1378416810223442,0.1162131305024232,0.20066738005883192,0.057969713774775146,0.10634187928721148,0.25334650892549204,0.09882997614694765,-0.004911316171520009,0.24502950035244275,0.1545782312186939,-0.020350002209631148,-0.13679675110589223,0.09866759659873918,0.059308042901019146,0.06591500110150326,0.19301891411971558,0.29263378181016036,-0.8427882023799255,0.08627648949421406,0.10142079170109392,-0.04422178760493844,0.08537236296158189,0.14582338482648977,0.06757177389315167,0.06666982065569055,0.01766453082756691,-0.02093998051945448,-0.26731350606042514,0.04414995524580326,0.2410935065129398,-0.015938627002285474,0.11742948778867819,0.20141971414318158,0.36142299366314246,-0.23975201959399695,-0.06941812012921546,-0.37238681964211245,-0.025253263226198672,0.14149306348804414,-0.02476334831587034,0.14008607360065856,-0.0847794024261676,-0.03184445683053177,0.05485779253100914,0.02431322097954045,-0.10834723351975588,-0.050526122899717606
0.061907396955968585,0.12114945154983135,0.07159599039305312,0.8985279954695011,0.2704223633099165,0.2755892184134615,0.11187016731120183,0.2180709028682386,0.09125310498776572,0.08696766383385902,0.16903112577676585,0.20429136676197437,0.1309433566780988,0.16587425816261447,0.12123507878560863,0.19935340478478325,0.13037704587605528,0.07781626108132084,0.18265304817893813,0.17789950432138116,0.10465760975367384,0.12584673684916367,0.05378885278316733,0.10959848878817872,0.1292710082333836,0.14281333917515393,0.10881885191452083,0.04675969706977426,0.1646842087520015,0.02728558261402747,0.11380986187146681,0.1587684132874526,0.10332573950067446,0.15730674770785594,-0.12825280275696438,0.0941823390153233,0.11501887410018144,0.10310164456466693,0.17730464299547682,0.0026304905227351122,-0.015843099708370764,0.06758361146615394,0.1399790736017932,0.14613246928121898,0.04903543277767366,-0.04299463427623682,0.09121293003797375,0.03234621703384498,0.11753783589294624,0.007670029131959721,-0.13118003672128756,0.005220721358364202,0.06128506161880461,-0.02579774978303143,0.046348438196417166,0.04771705984273194,-0.1276073309842394,-0.05552482153959504,0.09626398814910682
0.2593954031663641,0.11795406755020246,0.03689457171002464,0.2704223633099165,0.8223428436013861,0.15434381532487426,0.18080389965323562,0.1321763583492191,0.1091781318724816,0.1958172854694201,0.14845105279975898,0.2108525151075375,0.1348820904235409,0.16938938941589146,0.14801904848512604,0.22091559759988577,0.1289368295913669,0.12117294096314153,0.27998051870216484,0.14786368146894857,0.11053763871774815,0.1440962199870518,0.12004392476087838,0.12310127328134453,0.1375694915685666,0.14802014757057358,0.1287684125356253,0.013857665013218157,0.15613691550890677,0.05516556503288424,0.12829526128241664,0.12077437128599265,0.12925055341255098,0.15595959669745926,-0.13280759298296857,0.09241264298615388,0.15310790983664962,0.0998409377954487,0.20592126913882133,0.024929503598632954,0.04851139647711728,0.13499526108848536,0.07075608647310626,0.06341635090355663,0.038223477434539445,-0.009221940412104527,0.09164467919926027,0.03658177271710239,0.17344070978082246,0.040196954937556165,-0.10552354207185832,-0.21969379565889607,0.31926185328290324,-0.03208030104482281,-0.0662213239753663,0.018098525585224297,-0.09367401793280082,-0.007742751788550678,0.10358477116266232
0.07919892099969834,0.07631469323721443,0.1346913031900852,0.2755892184134615,0.15434381532487426,0.833227681964941,0.05573928392471417,0.20538387105186992,0.17989786073266853,0.10108781439505538,0.20129274773544095,0.2547095407852399,0.14667418423304163,0.1913823608192173,0.1535022409666557,0.19403011406153578,0.19565909690410807,0.08811473316312579,0.28323447356914505,0.2452166534623198,0.1133127156925925,0.1717919020910746,0.021297481404755292,0.10128657110657424,0.1814433019763803,0.3347968561837872,0.19225376333190566,0.022462129916339706,0.33688144424810496,-0.010595087779337048,0.14552750534325018,0.20716878243453377,-0.03636390025082465,0.2242233837922084,0.11935670690430661,0.18305513172896715,0.15777762258502234,0.14036193108118297,0.187998911360293,0.03297761709576266,-0.07917738799098493,0.008454006374836252,0.22348326106571806,0.10639918991781708,0.18584203186272982,-0.11115879141724641,0.19349332189757196,0.03986400009764654,0.29176626354668045,0.09731374984857832,-0.43468325012550896,0.04361348111317378,-0.10682732518640957,0.0370753493388141,0.05715509532456347,0.012799574348050778,-0.12871925230763787,-0.03491988800992905,0.08210756182333265
0.18839682770405736,0.18966734120719858,0.10278903534852316,0.11187016731120183,0.18080389965323562,0.05573928392471417,0.8573936948111227,0.04706470956981545,0.17736096011343783,0.17052934078119442,0.1869234519005161,0.29916215272960683,0.14183126973511037,0.19894969825705022,0.07145037949364635,0.2046027837720257,0.2230524475431521,0.1392592072003021,0.07472982594579204,0.127287238496427,0.16520055574741202,0.17924685979042612,0.15360339998386843,0.11399624441881043,0.15392576440432496,0.08313301512354379,0.13054970807165803,0.02193958114369839,0.19887233425583245,-0.012996663943307831,0.11414763889626811,0.18156465867772595,0.07114571823736515,0.2084006248159538,0.10618293808184778,0.07510730950436452,0.09943115203501976,0.08422640024941,0.160528270961557,0.03513419045480894,0.06254346155230492,0.14099268416452465,0.10290345570245359,0.058427394089536115,0.07589478187159256,0.06644775763868864,-0.04392535147931696,0.022914031375698564,0.24051358334815695,-0.034057867669626415,-0.033504009885936756,-0.03803904856551159,0.19540210443723147,-0.038753831560898726,0.010231394239850875,0.01519012672092747,-0.10611132778415307,0.000890296799024523,-0.011476897539922303
0.05911636570859358,0.19376397762604436,0.3345332465271428,0.2180709028682386,0.1321763583492191,0.20538387105186992,0.04706470956981545,0.6796896206110332,0.07220994902056828,0.16947892799678632,0.18390463483916317,0.05359993477441654,0.184316461207668,0.16660761914767225,0.08570791226154978,0.1277723023627399,0.12992286531019398,0.11952799883642964,0.13469479717520047,0.16407670184537912,0.03251458506745029,0.10982178611651562,0.044920098914378565,0.08889349906715784,0.13621944693698107,0.1689641511515981,0.10502371105367687,0.09548651535922958,0.15438105742532457,-0.11176325261374054,0.12009953851251826,0.1720802297862176,0.03044875827295753,0.19709182865355113,0.17548050523849512,0.09066038803134828,0.1380879067875532,0.10300243204303863,0.07457183991797409,0.004535572786917817,0.07223444341270235,0.03870487968970685,0.1155341838161142,0.06904725596512919,0.04332005110857526,0.05784944937944653,0.10078051393410746,0.0185057957119613,0.10822459789024433,0.053952109531990415,-0.07093331392334003,0.09380214099936086,-0.0074752189759788885,-0.027181743146665435,0.010323736822460771,-0.05849239327845994,-0.04560321285802392,0.013007801494175374,0.09782626636778868
0.11996478711210908,0.19180901601653808,0.24822078443443388,0.09125310498776572,0.1091781318724816,0.17989786073266853,0.17736096011343783,0.07220994902056828,0.6513431890443432,0.06278976394631966,0.15313939337370622,0.11701029667225414,0.08690989750173879,0.1477821115941046,0.1215752979501427,0.06206204178370374,0.14634562325171308,0.13889514236426465,0.08809017319164576,0.1620868420918498,0.16116294109471713,0.23667395299056224,0.1444121585894952,0.10474192332197316,0.06479348502184498,0.1581704811404213,0.09989861762178033,0.09333053986931135,0.16110885583747991,-0.026622529558862136,0.10832540852906729,0.13563135814029523,0.15317518944359673,0.11398227678648619,0.014114503039867778,0.08371031892156255,0.16559125728918855,0.10411732088729528,0.18831258997285844,0.0034086499732185246,0.009936146761234072,0.10545591752665108,0.10325262983507978,0.050363389072135625,0.0958761390869552,0.046650703313417564,0.06781718652578594,0.008819279802894799,0.17087185515383388,-0.006339814500768218,-0.12531312793815425,0.0250664364221194,0.14854173537215604,-0.06373845804387564,0.02705102509030538,0.0612652940610405,-0.05867100872020842,-0.07335834191939632,-0.002549715804236304
0.223862397178335,0.23741441706313063,0.2870409713087067,0.08696766383385902,0.1958172854694201,0.10108781439505538,0.17052934078119442,0.16947892799678632,0.06278976394631966,0.8364300146992397,0.17292613376924687,0.24125603314224392,0.17133726566991384,0.1227172061771111,0.20145771030459658,0.15407513078407173,0.2441463008425655,0.22100528154323973,0.15929022396931797,0.03788491292080484,-0.0007767710322404783,0.11164735597054856,0.16553823230024506,0.06229122027939773,0.19547682614577663,0.06560637683070106,0.2462105366220841,0.07699223831760255,0.13950132787248287,-0.002879021005670083,0.1347549129311317,0.10446162093925465,0.0363329131969792,0.25394954616447457,0.16149906641301148,0.1621273594824838,0.20046100773333025,0.05717998961706813,0.06812769483628131,-0.014488209967450186,0.14875541216784105,0.07015671917182001,-0.0073143118271064254,0.06858097361845011,-0.01929348757602423,0.1131653639283858,0.12277093123573372,0.009917300017846522,0.08445181780735371,0.025623976969146627,0.0374134485339223,-0.05105607556197976,0.14051240768156978,-0.0287611371045779,-0.06408598589067432,0.08235286238940373,0.06494812525548628,-0.23217936649074716,0.09284636369891158
0.13346265556938147,0.19381728061073888,0.1902755617976894,0.16903112577676585,0.14845105279975898,0.20129274773544095,0.1869234519005161,0.18390463483916317,0.15313939337370622,0.17292613376924687,0.44211462834053156,0.2565151138030377,0.14760493310388872,0.1460672694888479,0.2230142818839201,0.15450406218977938,0.21225471096305468,0.13259887826889816,0.10214825295604033,0.2354619301254796,0.18979850098257361,0.13109787187814156,0.10727745690875624,0.11632723811751375,0.1572335214043098,0.12493113387066311,0.19192674677072138,0.0949540744675493,0.22296942033468262,-0.013429336947487523,0.1499357590131031,0.13259382925220503,0.0795745318418744,0.1515983605514787,0.1502829503016129,0.0886602886070008,0.17754778805479607,0.13539007207945644,0.18283108714907895,0.06282559955389971,0.08233908172657402,0.13514969922073364,0.13351426619286408,0.031160936146612184,0.15020505338596468,0.03600522038110716,0.0968739715577403,0.032732321965973636,0.12059705184639836,-0.006763217830594766,-0.14071906764004496,-0.019564142732593208,0.14915148647696524,-0.013847578085301373,0.02592026724559108,0.044439369932199865,-0.07826218725593152,-0.051728533530405796,0.025498708458048948
0.1684864849350413,0.18148739709548817,0.13563991960107882,0.20429136676197437,0.2108525151075375,0.2547095407852399,0.29916215272960683,0.05359993477441654,0.11701029667225414,0.24125603314224392,0.2565151138030377,0.6145314176719632,0.1205189619591495,0.1904321492384699,0.1720180116857684,0.22855287439561742,0.21620258977411946,0.17452012607879214,0.16106088568013407,0.16963683405213656,0.1569870384882677,0.15574215413336082,0.14166114813538147,0.12781003116220116,0.2251044269383614,0.15780122274742464,0.18747409626521785,-0.02869367766069359,0.2641765741473377,0.01089602972833422,0.15879480988731878,0.1779714723453185,0.06181939060608584,0.1818154646911945,0.1737001196750025,0.16441622701816455,0.13298370734996312,0.10948616685354645,0.17115534051922618,0.05959454205362462,0.050251631485262176,0.1037319826514449,0.12540717305851692,0.06255155993309523,0.1376372717785191,-0.0008728861402643229,0.10481976868072063,0.03899746464294176,0.22610673237017262,-0.027018122312062853,-0.12937413494561747,-0.07069789500232114,0.1139915203996514,0.00018903422703057542,0.013809084381190545,0.031476012197351445,-0.12635426343891498,-0.08089104460068441,0.05626057596362119
0.07909948456713944,0.12858171737220986,0.1378416810223442,0.1309433566780988,0.1348820904235409,0.14667418423304163,0.14183126973511037,0.184316461207668,0.08690989750173879,0.17133726566991384,0.14760493310388872,0.1205189619591495,0.33061603490052754,0.12669347981016493,0.050839961600160265,0.15796369689150777,0.09876391084572317,0.1311472180641722,0.1169859187756735,0.08816082974797339,0.03523199794129589,0.14595377006015958,0.07711239959809331,0.0881614979907522,0.1097143462988388,0.14056354558917628,0.08670966371737,0.06236694059105394,0.14930468520028323,-0.012539546558906753,0.12137498655210589,0.13019701538339787,0.05999473422854013,0.14951764950335458,0.09714694602565063,0.1329886825012033,0.10190689728461733,0.06309662009340436,0.08861023386355033,0.015926401078732767,0.07212624982212713,0.06725323400461254,0.08182309015376588,0.04369570050241574,-0.006859394953598657,0.07131747443090998,0.08275437208646008,0.01212770161366372,0.1157756653826242,0.10243822170032174,-0.04913017970150171,0.0425324438572205,-0.03765157834665458,-0.06836402831283907,0.03335595469355756,-0.026675496510333765,-0.03321401654880805,-0.07827184711592369,0.09500746196202312
0.08525308633854971,0.10358513378063243,0.1162131305024232,0.16587425816261447,0.16938938941589146,0.1913823608192173,0.19894969825705022,0.16660761914767225,0.1477821115941046,0.1227172061771111,0.1460672694888479,0.1904321492384699,0.12669347981016493,0.5809753934197657,0.1804132333948642,0.29841381945999945,0.13636378883700082,0.09635642086564443,0.1132373326707814,0.19496820786355976,0.1223070870572355,0.18529843784838188,0.14028709186747343,0.18656421579624327,0.19204299281418877,0.19180200114889676,0.05006211467276581,0.0034873748591011866,0.2901016313698833,-0.06685111600666178,0.1203188732874568,0.519849318102515,0.012831750173401784,0.1530480015152656,0.19432273970994615,0.10995900979245303,0.05247617328083259,0.12315505082867455,0.13415722195472443,0.0984293768264068,0.15169982540253793,0.1362684091343127,0.19093164519788414,0.08538405638136227,0.11059767240451686,-0.081453112277514,0.06821780072010226,0.01647731394166061,0.3210333513765601,-0.09669217885446968,-0.1008844979495,-0.15300106924916698,0.1452642804959612,0.07942752247414696,-0.05375094701232985,0.04298493241019954,-0.16516567914582791,0.06793825113105322,0.11771473191185958
0.1776910566273638,0.241580832667295,0.20066738005883192,0.12123507878560863,0.14801904848512604,0.1535022409666557,0.07145037949364635,0.08570791226154978,0.1215752979501427,0.20145771030459658,0.2230142818839201,0.1720180116857684,0.050839961600160265,0.1804132333948642,0.7152154754040964,0.08860553202873113,0.1898633855179371,0.11633499883411907,0.11065261552840885,0.23242807777999644,0.24145061266646697,0.051869219901138165,0.14268342417285776,0.12968000837453303,0.21327493156461613,0.13098989689874854,0.17358792122450864,0.09961598022062329,0.24713697408407026,-0.0024799482838698448,0.11881024798885778,0.1586700586745294,0.09712346866247186,0.12216326281630034,0.0770273261168655,0.057149066296996454,0.18977970078437026,0.12157189765115975,0.18945695833864284,0.05557362046348831,0.10725092385585312,0.1829757316146448,0.14056137740260558,0.025902669993566732,0.17233575103840515,0.010159817299449515,0.07709457140096954,0.049642628287595816,0.10424717107579927,0.16169584844228285,-0.1400987043420086,0.008497547559329816,0.048693023025939766,-0.01020828299475415,0.01849218664678759,0.0833436654971279,-0.13662595982231926,-0.04961430248021498,0.06740321761614021
0.0936517367373338,0.0807941395579651,0.057969713774775146,0.19935340478478325,0.22091559759988577,0.19403011406153578,0.2046027837720257,0.1277723023627399,0.06206204178370374,0.15407513078407173,0.15450406218977938,0.22855287439561742,0.15796369689150777,0.29841381945999945,0.08860553202873113,0.5771733630378526,0.16272107574021547,0.09934574141681679,0.136774727269118,0.1504228919950535,0.07949384770956255,0.23688507145988413,0.11549877484483685,0.15036187293725453,0.17073192983540444,0.17859391724572024,0.14295253563179325,0.0482601531220423,0.23923857815641528,-0.029899739920001184,0.11373235811240182,0.2717062379048816,0.027266769522698988,0.15632323205357937,0.27419005273681024,0.08087352704403757,0.11422874586270353,0.09200742082493796,0.1756470063856842,0.10797982692931697,0.1600899578738534,0.13955675038068166,0.19837647361205196,0.10007402563345083,0.08017432917743073,-0.05063743468856148,0.08575392244198074,0.005721077043035535,0.284975407073995,-0.17201590895467797,-0.1813119985025533,-0.09138694495605476,0.1474549349818889,0.06204011570936665,0.06916268943700478,0.0249589695318809,-0.17720642951623686,-0.08790923270342398,0.2006042206181085
0.054743187321624136,0.15556784295427878,0.10634187928721148,0.13037704587605528,0.1289368295913669,0.19565909690410807,0.2230524475431521,0.12992286531019398,0.14634562325171308,0.2441463008425655,0.21225471096305468,0.21620258977411946,0.09876391084572317,0.13636378883700082,0.1898633855179371,0.16272107574021547,0.8134294855756393,0.08667080894822893,0.20092407314620953,0.2844503552871829,0.28816651173284596,0.17788376077118737,0.12666035975989856,0.14962797877948472,0.1645802402733474,-0.038263956550047995,0.2379680424679968,0.13160402474749663,0.27896895227208834,-0.027310147415300023,0.1322913908809407,0.11566628158216634,0.1549056661694046,0.1696197297353732,0.1111894011840774,-0.03551689924186611,0.3122960214243111,0.14777115886693354,0.3142168538906339,0.12378808947224239,0.08162337594088122,0.20894547522932788,0.23133621762016215,0.08284292056819005,0.23701833051772273,0.065117463501988,0.09357884124506838,0.05150984661092502,0.19240729605202594,0.23388816812071492,0.06863248977767578,0.08844302713381247,-0.0015956213921439742,-0.09945776091556119,0.09726049839512196,0.006174574788692968,-0.10340191326017942,-0.052049079632967045,0.12642415499623355
0.18246788754029672,0.3287655229893921,0.25334650892549204,0.07781626108132084,0.12117294096314153,0.08811473316312579,0.1392592072003021,0.11952799883642964,0.13889514236426465,0.22100528154323973,0.13259887826889816,0.17452012607879214,0.1311472180641722,0.09635642086564443,0.11633499883411907,0.09934574141681679,0.08667080894822893,0.7870232192106392,0.09299079785082988,0.005142032533102697,0.16161491506520848,0.159821902712408,0.41644395901593995,0.06700549108827675,0.18627565562601395,0.25209871820878216,-0.1426071609266115,0.05342284901183307,0.20243051217296587,-0.11075264108399602,0.29418475378581055,0.07257369340922326,0.1444830871293444,0.17670617886103,0.05650588255228481,0.2708094439011742,0.23354856967465004,0.03941642654042016,0.14870717129482283,0.0717727598951067,0.06460150973517921,0.02904815935865035,0.1536440143744446,0.004515932257413744,0.1161787389538382,0.1184118211744978,0.2692881954526627,0.02046585901132376,-0.000580142055992669,0.21483336382203183,0.14883825198376135,-0.012004321824134872,-0.07617855038529277,-0.1453510196078489,0.06695596830246424,-0.0026129271879108914,-0.03505352156945308,-0.081187449614327,0.02021342275364075
0.10323481925050668,0.11320232353448748,0.09882997614694765,0.18265304817893813,0.27998051870216484,0.28323447356914505,0.07472982594579204,0.13469479717520047,0.08809017319164576,0.15929022396931797,0.10214825295604033,0.16106088568013407,0.1169859187756735,0.1132373326707814,0.11065261552840885,0.136774727269118,0.20092407314620953,0.09299079785082988,0.6735450287599226,0.06935383679683764,0.203188510548972,0.13446310494768252,-0.015432548291459382,0.08655069967487697,0.08455028780157312,0.024681278275223477,0.06808449030694394,0.11045161682601079,0.11711944864034944,0.030267539768483346,0.1484315016342963,0.14091038943047046,0.07879350222407079,0.11013339238335318,-0.035511571129040465,0.1021388565631467,0.07279507938033916,0.061775933259866495,0.21361858800995712,0.0650220550155836,-0.002361880726669939,0.1559476594184917,0.07461109394600976,0.09683643961060338,0.12454068672851065,0.03708941356383053,0.0523283902515082,0.05104075970232785,0.022801616788306694,0.11151509471574847,0.29777077774072536,0.3239386207365646,-0.3029679695860879,-0.09789541953750035,-0.0705578675616362,-0.0014406914895030234,-0.011485182776040232,0.05390934675125118,-0.004474640921036066
-0.01430786822786668,0.18715704073020242,-0.004911316171520009,0.17789950432138116,0.14786368146894857,0.2452166534623198,0.127287238496427,0.16407670184537912,0.1620868420918498,0.03788491292080484,0.2354619301254796,0.16963683405213656,0.08816082974797339,0.19496820786355976,0.23242807777999644,0.1504228919950535,0.2844503552871829,0.005142032533102697,0.06935383679683764,0.9317991226276398,-0.027067413550913914,0.10329560896404896,0.12815432498160273,0.26840344044260045,0.14386076517949323,0.18803326741944668,0.26467605733684024,0.16908612573892023,0.3088860979938462,0.18255032184878422,0.16955151860427803,0.18384958568894383,0.23905695492678442,0.19453683189683757,0.026707726106804785,0.03335061440269834,0.4704662636049413,0.4405674924750527,0.5295991372647361,0.17623754835177693,-0.0017191960662377387,0.03315980893691471,0.35446076734244636,0.0509209829484466,0.4235060770123684,-0.09433596277273511,0.08403154368575962,0.10954999932474736,0.4685573815537047,-0.03929885305901846,-0.3147618160408165,-0.038378043242921656,0.22688435196781534,0.007612143015731405,0.06439620298974612,0.012442211426078986,-0.1707702034976999,0.023657799205257218,0.10790970516693267
0.1992629239978925,0.3133970559645903,0.24502950035244275,0.10465760975367384,0.11053763871774815,0.1133127156925925,0.16520055574741202,0.03251458506745029,0.16116294109471713,-0.0007767710322404783,0.18979850098257361,0.1569870384882677,0.03523199794129589,0.1223070870572355,0.24145061266646697,0.07949384770956255,0.28816651173284596,0.16161491506520848,0.203188510548972,-0.027067413550913914,1.0353268128206865,0.17559896337415745,0.18702144953411792,0.060558036280145805,0.041706541580292314,-0.14413230791668624,0.019896391996523214,0.09513216131914812,0.25872108359590484,-0.05605194424641412,0.05812573458442847,0.08906638188190179,0.04743109942883113,0.013534893178848416,0.07501404291812075,-0.047050432762495875,0.08220147648077977,0.0031391134751829835,0.22331998791931942,0.13460297936181326,0.09570153487775365,0.40339494185101366,0.12239837461131932,0.05884497603594074,0.34811916764331513,0.0684944647857552,0.0747352985067457,0.02444807192315149,-0.0488912850209659,0.031569784967107294,0.1434782981307851,0.08882353588282967,0.03552175098748746,-0.08176369490180756,-0.005216347888424335,0.02598646831964897,-0.028766871215488717,0.10072892381639778,-0.1190275160434569
0.0965944104319053,0.12819613721315276,0.1545782312186939,0.12584673684916367,0.1440962199870518,0.1717919020910746,0.17924685979042612,0.10982178611651562,0.23667395299056224,0.11164735597054856,0.13109787187814156,0.15574215413336082,0.14595377006015958,0.18529843784838188,0.051869219901138165,0.23688507145988413,0.17788376077118737,0.159821902712408,0.13446310494768252,0.10329560896404896,0.17559896337415745,0.5916243313216424,0.20777755135747952,0.14389368954695972,0.07263789192168363,0.18825703545795033,0.11090214197800297,-0.045097530069961034,0.2882083301194744,-0.01201868238317704,0.11037777806988626,0.1883878687172615,0.11814179059977316,0.16225876208256965,0.1234528296528909,0.09412950746335323,0.10425676702154849,0.07942262687559018,0.2938310029243983,0.06145148543642606,0.10073314929451996,0.2277038550349311,0.17591112070458997,0.1151759533360451,0.058998247713468184,0.06868360817475531,0.09397717521828473,-0.07058938479677428,0.33676502130278996,-0.034311385748727004,-0.1447257043984268,-0.011449010236489095,0.025825187200505924,-0.014918627457925791,0.04894275740843333,0.014506954424925418,-0.08799443011559667,-0.05556402915501981,0.06173438033766857
0.013483873073347483,-0.008133403926812634,-0.020350002209631148,0.05378885278316733,0.12004392476087838,0.021297481404755292,0.15360339998386843,0.044920098914378565,0.1444121585894952,0.16553823230024506,0.10727745690875624,0.14166114813538147,0.07711239959809331,0.14028709186747343,0.14268342417285776,0.11549877484483685,0.12666035975989856,0.41644395901593995,-0.015432548291459382,0.12815432498160273,0.18702144953411792,0.20777755135747952,1.20084622761353,0.39914944318270823,0.318320954311604,0.03221711754001622,0.05888558818519169,0.12290523887798319,0.3886730927790473,0.15739260682959164,-0.13874138871262018,0.0899955205497535,0.38527077812302124,0.18097444945288363,0.07181922085993789,-0.04821649279088344,0.3376735524585203,0.05991498522998671,0.5294356732247394,0.1769009145834187,0.11416834117119573,0.2582083339833475,0.2288243685186896,0.02434512716039991,0.03256894568434094,0.11105299998091742,0.2932023700371436,0.0569846437467442,0.269903228969882,0.2250362472558479,-0.2620595361771186,-0.034538175486473005,0.23578076147885593,-0.09910930555937678,0.12257642850966252,-0.009141009057175487,-0.11272595167900558,-0.07074795195200488,0.14833456680002563
-0.1340597638164692,-0.049441714224672556,-0.13679675110589223,0.10959848878817872,0.12310127328134453,0.10128657110657424,0.11399624441881043,0.08889349906715784,0.10474192332197316,0.06229122027939773,0.11632723811751375,0.12781003116220116,0.0881614979907522,0.18656421579624327,0.12968000837453303,0.15036187293725453,0.14962797877948472,0.06700549108827675,0.08655069967487697,0.26840344044260045,0.060558036280145805,0.14389368954695972,0.39914944318270823,0.7689464091755759,0.2499208058867119,0.08147856091828212,0.17316102060956676,0.36256256335305714,0.09793279143453042,0.5460430361694285,0.3004676598095511,0.2064721433708002,0.46975245754822675,0.09676823079150333,0.11542025333444642,0.30831689762251635,0.3422854280528006,0.1828677231100613,0.20897929393521283,0.08865210851177673,0.15078123427658305,0.19519233743911385,0.18584380389384003,0.06185678389081433,0.04738691217058144,-0.012528006118803161,0.34403081682561604,0.09886498089110629,0.2976638882367431,0.06130216511327497,-0.27198292487743514,0.1330022489660194,0.04815716490518318,-0.0380320013696311,-0.013389416698199794,-0.11933536786568359,-0.005973155120074034,0.08962928302892643,0.07100289828429811
0.1417231395719189,0.07853542010373528,0.09866759659873918,0.1292710082333836,0.1375694915685666,0.1814433019763803,0.15392576440432496,0.13621944693698107,0.06479348502184498,0.19547682614577663,0.1572335214043098,0.2251044269383614,0.1097143462988388,0.19204299281418877,0.21327493156461613,0.17073192983540444,0.1645802402733474,0.18627565562601395,0.08455028780157312,0.14386076517949323,0.041706541580292314,0.07263789192168363,0.318320954311604,0.2499208058867119,1.2807394084961718,0.28746758958255564,0.18040755098500164,-0.08931312922538065,0.421968461526361,0.04658183516971223,0.16156620773439492,0.19767564641555582,0.08964570201048033,0.2569066133683529,0.1855403656117427,0.18762286519122945,0.09687825178636045,0.12154621815660677,0.2492371558850174,0.07530532800819885,0.17005533220463925,0.13308357810386898,0.15391715832954017,0.06893621009453925,0.06339549234442064,0.03430202856033559,0.1543432463695867,0.013390779694110767,0.054595716799331985,-0.02544024652836071,-0.23855696148754565,-0.026143198026138566,0.03058589215437747,0.03272742062469334,0.016433144263277574,-0.009601544862158239,-0.11727211118984245,-0.08821578153848197,0.18969106880262587
0.03131122077554624,0.011006327303434711,0.059308042901019146,0.14281333917515393,0.14802014757057358,0.3347968561837872,0.08313301512354379,0.1689641511515981,0.1581704811404213,0.06560637683070106,0.12493113387066311,0.15780122274742464,0.14056354558917628,0.19180200114889676,0.13098989689874854,0.17859391724572024,-0.038263956550047995,0.25209871820878216,0.024681278275223477,0.18803326741944668,-0.14413230791668624,0.18825703545795033,0.03221711754001622,0.08147856091828212,0.28746758958255564,2.3560785865347635,0.2381574045414408,-0.09198427676569731,0.13948478212931775,-0.5184682810939888,0.288877150273946,0.24243839489664165,0.11106285305583515,0.12885079507942532,0.08166581147258216,0.2621727535158099,-0.30500506790737814,0.12170451303171462,0.22150279510052834,0.1294059069181164,0.3149521035491353,0.0914465135229734,0.07704778477491868,-0.11452003702198711,-0.005371802803669665,-0.2394546562332973,-0.15059610485649413,0.05023547660692098,0.7763168437585535,0.28167825422379106,-0.8469099105001112,-0.20592436919847412,-0.2805009989520065,0.12195227343864472,0.035216580574174323,-0.0335247379940534,-0.1017971906686771,-0.09383043303232104,0.18451127275469278
0.0969612362342772,0.20139844406349916,0.06591500110150326,0.10881885191452083,0.1287684125356253,0.19225376333190566,0.13054970807165803,0.10502371105367687,0.09989861762178033,0.2462105366220841,0.19192674677072138,0.18747409626521785,0.08670966371737,0.05006211467276581,0.17358792122450864,0.14295253563179325,0.2379680424679968,-0.1426071609266115,0.06808449030694394,0.26467605733684024,0.019896391996523214,0.11090214197800297,0.05888558818519169,0.17316102060956676,0.18040755098500164,0.2381574045414408,1.4140609252238234,0.0608690774776861,0.06308602990942767,0.058459972347084097,0.0775621609963106,0.07555604180429716,0.11633851127357558,0.04530391434663359,0.2682515209817967,-0.12038774641449841,0.20624353106205168,0.14939538160109822,0.23035967171886865,0.11348817279673487,0.34069297018811195,0.26449051076963326,0.09860299545590602,0.028994422458929244,0.23786268232975732,-0.1005690662090614,-0.0025106048712099788,0.04540481925616637,0.5324435091883931,-0.1795327707966893,-0.37386993455659173,-0.07407235761436178,0.0964524898014412,0.2388130187672462,0.033669522415161336,0.02678724921707369,-0.06157326738898325,-0.06192238013332793,0.07749459366378572
-0.09287218758401102,0.19304860325936676,0.19301891411971558,0.04675969706977426,0.013857665013218157,0.022462129916339706,0.02193958114369839,0.09548651535922958,0.09333053986931135,0.07699223831760255,0.0949540744675493,-0.02869367766069359,0.06236694059105394,0.0034873748591011866,0.09961598022062329,0.0482601531220423,0.13160402474749663,0.05342284901183307,0.11045161682601079,0.16908612573892023,0.09513216131914812,-0.045097530069961034,0.12290523887798319,0.36256256335305714,-0.08931312922538065,-0.09198427676569731,0.0608690774776861,5.732747872276539,-0.9139057631799165,-0.4744142989424161,0.27205170359913755,0.002748852621401583,0.9647232927909231,-0.004752289013915874,-0.015298064449238919,-0.8444846886242277,0.3855422596619426,0.10851808822250748,0.28589950015802273,0.014046648736066793,0.7138831554964957,0.8754011223297663,-0.005798548691713712,-0.061943359373895286,-0.27819277915865526,0.19025244692639479,-0.13685939845419753,0.22352194427292044,-0.014763054040899191,0.071208397517925,0.1336178559198715,0.2611056828008924,0.19885785795203456,-0.29162592414095634,-0.005908073971140693,0.015752799306925226,-0.04495247248211531,0.22744963774653332,0.015490208194687757
0.2509735056607915,0.2554633364922795,0.29263378181016036,0.1646842087520015,0.15613691550890677,0.33688144424810496,0.19887233425583245,0.15438105742532457,0.16110885583747991,0.13950132787248287,0.22296942033468262,0.2641765741473377,0.14930468520028323,0.2901016313698833,0.24713697408407026,0.23923857815641528,0.27896895227208834,0.20243051217296587,0.11711944864034944,0.3088860979938462,0.25872108359590484,0.2882083301194744,0.3886730927790473,0.09793279143453042,0.421968461526361,0.13948478212931775,0.06308602990942767,-0.9139057631799165,2.1330431354847534,-0.08473310384540514,-0.10953962885241869,0.30266804589993546,-0.09250899320133957,0.20379856157447204,0.1945233327994564,0.24543280475006987,-0.08733746925660149,0.09082581693300674,0.3245411473587674,0.15286037379229261,0.08789248765499504,0.13982850883382036,0.4257414096623263,-0.07124631792942468,0.2006225626903089,0.2272556433668615,0.051651205399435365,-0.10660017487438103,0.41547326258802963,0.3159984629682881,-0.5187004848312249,0.014378683317974955,-0.19184415791914905,0.058928066985385136,0.159012356640056,0.013125356207362134,-0.3236669214749755,-0.07667593086092563,0.286457071448212
-0.3895491336787364,-0.30648988342848804,-0.8427882023799255,0.02728558261402747,0.05516556503288424,-0.010595087779337048,-0.012996663943307831,-0.11176325261374054,-0.026622529558862136,-0.002879021005670083,-0.013429336947487523,0.01089602972833422,-0.012539546558906753,-0.06685111600666178,-0.0024799482838698448,-0.029899739920001184,-0.027310147415300023,-0.11075264108399602,0.030267539768483346,0.18255032184878422,-0.05605194424641412,-0.01201868238317704,0.15739260682959164,0.5460430361694285,0.04658183516971223,-0.5184682810939888,0.058459972347084097,-0.4744142989424161,-0.08473310384540514,3.596831397968214,0.2696553320506574,-0.10829967393182557,0.31423416678035454,0.2037140436442454,0.004280742724425841,1.4800221183844995,0.9617130845771585,0.20752967274648307,-0.6250582591226502,-0.21626672066472982,0.20994453173109323,-0.30526330249250044,0.4985759608980024,0.073722107457659,-0.05263247492708237,0.20937438360502486,1.4614491833256358,0.030389345600636882,-0.14735593442349473,0.2030181444622974,-0.5324089846641019,0.3319502786709796,0.018132823595242424,-0.09672742194043088,-0.14516417804983064,0.002630475136165254,0.10414242285546459,0.4321807449438704,-0.5987016115028089
0.05926043422586036,0.19345357258810128,0.08627648949421406,0.11380986187146681,0.12829526128241664,0.14552750534325018,0.11414763889626811,0.12009953851251826,0.10832540852906729,0.1347549129311317,0.1499357590131031,0.15879480988731878,0.12137498655210589,0.1203188732874568,0.11881024798885778,0.11373235811240182,0.1322913908809407,0.29418475378581055,0.1484315016342963,0.16955151860427803,0.05812573458442847,0.11037777806988626,-0.13874138871262018,0.3004676598095511,0.16156620773439492,0.288877150273946,0.0775621609963106,0.27205170359913755,-0.10953962885241869,0.2696553320506574,0.9861125128096608,0.14190018007068067,0.2097180518193795,0.09675809523260111,0.06830630895983723,0.6479879024411282,0.19577585017925767,0.1813594500337442,-0.0708425147640049,0.017324641507420118,0.12983258636097797,0.01448054969626782,0.05103669309847401,0.041741047302714385,0.14807168355845282,-0.03398056947243693,0.26228905447011897,0.0735140502181816,0.004789362273788557,0.06625735190089048,0.019990847768664773,0.12738854339616906,-0.14599537156964967,-0.06601416938034073,-0.08282388534676673,-0.07448075921321892,0.08073533909048965,-0.005238465100438012,-0.027326762817483752
0.04360053423963453,0.08252696075817445,0.10142079170109392,0.1587684132874526,0.12077437128599265,0.20716878243453377,0.18156465867772595,0.1720802297862176,0.13563135814029523,0.10446162093925465,0.13259382925220503,0.1779714723453185,0.13019701538339787,0.519849318102515,0.1586700586745294,0.2717062379048816,0.11566628158216634,0.07257369340922326,0.14091038943047046,0.18384958568894383,0.08906638188190179,0.1883878687172615,0.0899955205497535,0.2064721433708002,0.19767564641555582,0.24243839489664165,0.07555604180429716,0.002748852621401583,0.30266804589993546,-0.10829967393182557,0.14190018007068067,0.7679314315850903,-0.034124120856840856,0.14289877183282257,0.20205073712212332,0.1640744734816303,-0.08671440386994979,0.11930379691853182,0.10628426954796283,0.10809397685528305,0.1730423322557179,0.20025269729414355,0.18133185741828028,0.08609923918100015,0.1401027345891614,-0.13885147554577013,0.010026242279123326,0.021357855350079648,0.32978164777143343,-0.11784138181650247,0.00816247299145504,0.2530416723999502,-0.4988574618863833,0.13393414728650926,-0.07645585573702986,0.045586062528481824,-0.15543220685415474,0.08649441902443433,0.0888328674130617
-0.01172208783267173,0.04940027223819038,-0.04422178760493844,0.10332573950067446,0.12925055341255098,-0.03636390025082465,0.07114571823736515,0.03044875827295753,0.15317518944359673,0.0363329131969792,0.0795745318418744,0.06181939060608584,0.05999473422854013,0.012831750173401784,0.09712346866247186,0.027266769522698988,0.1549056661694046,0.1444830871293444,0.07879350222407079,0.23905695492678442,0.04743109942883113,0.11814179059977316,0.38527077812302124,0.46975245754822675,0.08964570201048033,0.11106285305583515,0.11633851127357558,0.9647232927909231,-0.09250899320133957,0.31423416678035454,0.2097180518193795,-0.034124120856840856,1.8728461946578536,-0.17799527401067503,-0.3532646049720087,-0.2253843368284983,0.5681142734594189,0.15629641788048154,0.40095177363448475,-0.1376889425495269,-0.4056491391153489,0.3446878017543231,0.3175751794349188,0.15629007486177762,-0.2532597779420692,-0.1018944762520409,0.3751233967238784,0.2767653724280936,0.37221554146091784,0.29652533719287705,-0.40433588368140505,0.22105279793882243,0.1893170393150018,-0.2706837767781433,0.23572300247034755,-0.01367100800395065,-0.11496700799190394,0.014126664346207516,0.07263830586159672
