1.9020498709366458,0.7679203943749381,1.2412733839020333,-0.0823385769885872,0.5015044093854845,0.2700858325848339,0.5911717240546128,0.27470139921539904,0.355530168372649,0.26869539704413586,0.33243989024329174,0.4969944925305794,0.12188014599389982,0.2821836681101274,0.32705593218818885,0.150593807046706,0.2170024262964397,0.5119255847950668,0.2639218241565897,0.13617657329221744,0.265569946606953,0.3399960790750159,0.21704005472917734,0.052869509154969456,0.38364252531184234,0.24012052163704825,0.3120428594676059,-0.040658623413921215,0.5609266167332962,0.5927632795000991,0.3304414292455323,0.1256148396309269,0.02048154451913194,-0.3046371277875259,0.5770450893009614,0.23080239692984073,0.3489502961510959,0.07311331940800575,0.3989351191671523,0.2597160073505727,0.4213211093045235,0.24300330889448948,0.24963633673937266,0.0002695664521540927,0.3350280915647852,0.438234753068788,0.5056417091077019,0.005148012404218736,0.4492303162040733,0.11863223593479916,-0.0990826516801309,-0.28319931152804456,0.06126673477548479,0.048608630650417685,0.2100465332794781,0.06757803497893891,0.0032846131885457173,0.7870267316118192,-1.253309438563138
0.7679203943749381,4.380883197305986,0.43747002598777623,-0.023492973216325975,0.3318566735971202,-0.10645630460570675,0.591957006164974,0.13392418576613593,0.2859874107690172,0.284790350234227,0.292603242906265,0.30679652730331153,0.12870420402777882,0.025708153729446875,0.4901289235526138,-0.014265046587678127,-0.025083445466963457,0.7214104451527908,0.18223980384907562,0.17660101915494253,0.6751527845240076,0.023134386687484722,-0.21977998291001344,0.02296259207543891,0.09631172050841971,0.35321469053439647,0.7567829596028806,0.9969735139698728,0.5573198174658468,0.2382281199471281,0.374823146018301,0.25310298685653454,0.14404619919332992,0.10454218598366098,0.2759443567384827,0.40937735928542923,0.5463269334212679,0.10239545801245548,0.12338562654121447,0.19759715903373817,0.5119836707156331,0.5508207238976561,0.00040197479142793397,-0.06373218159946278,0.1411959725472668,0.5065741859084478,0.36104738379331863,-0.026289632677460404,0.17988193099300923,-0.08786129102258489,0.14997726142973455,0.15271968510594117,-0.12933460608269962,-0.12535357217814633,-0.7643172754242948,-0.10493575805059731,0.08948026375377333,0.4655612882554942,0.2709304506326542
1.2412733839020333,0.43747002598777623,2.8516334587534957,0.14024033690528193,-0.054472056242649516,0.5096729123872263,0.2984800153125244,0.41878158349321976,0.5221145561627178,0.4602704649841604,0.35577787558793017,0.5123932434650539,0.1577621615518598,0.4193714011780989,0.45964947658498717,0.07696203294075013,0.41325774428943135,0.5939884584609961,0.2212110814362335,0.462520355426526,0.35024993865938236,0.4870192900364307,0.43144791536046745,0.29016451496963935,0.42753420308847884,0.31011683684617297,0.23011053547575921,0.2849073415298026,0.8023650428066824,0.7276691290044164,0.3988530245601686,0.1537624279281881,0.2321249871032664,0.06736473298124643,0.8127518919326946,0.314646221622253,0.6167531563489768,0.2502840457682578,0.5831809247360312,0.34058554189296536,0.508724474907303,0.3422072965786542,0.3791564057352197,0.027443610737588206,0.2331035324885581,0.5424346301548088,0.7140318926356389,0.012774994003546156,0.7959024132961415,0.3723421444866365,-0.1604784347837886,-0.05287380041524553,-0.044486935955664324,-0.1550057807442054,0.11981250828117988,0.0889856133408781,-0.2142309114847928,0.5567049185474825,-0.8182945044503834
-0.0823385769885872,-0.023492973216325975,0.14024033690528193,2.021661947319721,0.302311004118901,0.348676675547826,0.16194395244669332,0.26982381854365084,0.07793229537804439,0.002323638088119029,0.23596904507008037,0.34275909686891104,0.11069769468286424,0.37193386774949994,0.15819773423377095,0.30060030792402953,0.22311337887317717,0.08840651094224317,0.23392829071885696,0.3455626086611054,0.19229711673993038,0.12760284187776638,0.007228968734124784,0.18321144898130245,0.1711564829065509,0.2473068999250176,0.060971647686467886,0.09468576320579318,0.15058381544604346,-0.12108431891213917,0.1843559277004327,0.2152003584579427,0.2566466755847194,0.28218094195471793,-0.404701349500844,0.23431123844421833,0.23829068340610296,0.20908306225921064,0.1326405512955053,-0.04593634917113106,0.16676041870469527,0.18643134796184313,-0.10377693509375027,0.28472421344729293,-0.1839752409873049,0.2393105220032454,0.0673017835361532,-0.007451905212564668,0.026773056946308854,-0.02262614902535589,-0.0624725818872702,-0.06060640043957935,0.058987377106656955,-0.08248112531723871,-0.25811867079285317,0.06218196751850661,-0.17328612682026046,0.3982795058257816,-0.0625253731700541
0.5015044093854845,0.3318566735971202,-0.054472056242649516,0.302311004118901,1.3323643128574667,-0.06301919469603807,0.4490383726033467,0.12309222992681321,-0.098570102573578,0.07406164561712905,0.22769076881036063,0.32117460264574693,0.09530253846184454,0.11226067238292346,0.10147214974852939,0.2751425479691652,0.07725067555659611,0.08864209094745107,0.34633531665450834,-0.0059465137452805175,0.14516651989141224,0.17366091821632892,-0.004082776802239308,0.07799128919830776,0.16412693865667216,0.1255302033369434,0.1496251030163497,-0.12329172309977729,0.19996958772792384,0.06740752356672682,0.1295890850582872,0.15720608181644213,0.08801540957284824,0.05756993549711048,-0.12426621144967717,0.2037514349393803,0.1543881980326693,0.005834084571228661,0.09657166476427849,-0.017711691962709775,0.15701427747334495,0.1406041380409743,-0.11036796694782869,0.06535730404298135,-0.1127132161149054,0.24195189410835302,0.05132963854271234,-0.0024100768483709067,0.10754676388507196,-0.048679456909221486,-0.23093249264651752,-0.4493594958662263,0.178892853401144,0.2698318252247054,-0.04734055905449414,-0.04287860783275854,-0.06258629938005543,0.3293508228033508,-0.22754838168532793
0.2700858325848339,-0.10645630460570675,0.5096729123872263,0.348676675547826,-0.06301919469603807,0.9805325590424215,0.05110011353758214,0.2611906258672851,0.32685695858320973,-0.0024448381384836407,0.2019448748248296,0.3014037821925324,0.10992906382602131,0.31742239137110406,0.19121910812760706,0.16030342782935153,0.2722584570990951,0.08738055048238899,0.32934429856428515,0.3733213060051401,0.13088736819987631,0.12151208070750806,-0.008322139141952288,0.14387382917942057,0.21805331434489456,0.23821244961054416,0.12810591440672156,-0.05796236073368212,0.2971255028348311,0.10491636798430291,0.18741273172566614,0.13242002049771417,0.10223140696375443,0.23425514286852775,0.21736806809144438,0.059615527728318095,0.3097765409623074,0.2019419214979583,0.25272083107128324,0.08429412247212197,0.15671751783254056,0.13184810858612844,0.1618634770227332,0.06508082768121415,0.04570110530353734,0.21022681730888765,0.17218447301611703,0.029889479453097452,0.6756879875786513,0.12154648972400438,-0.22135453502446814,-0.016996416174030193,0.06215693257670061,0.0017037261047232932,-0.04421988417316655,0.10463501337417914,-0.19847010653529623,0.5056186282865257,-0.45795823786908857
0.5911717240546128,0.591957006164974,0.2984800153125244,0.16194395244669332,0.4490383726033467,0.05110011353758214,0.9294911824325938,0.006323491993960305,0.20273293030653536,0.11948833850238694,0.24965964420863077,0.45190450303058033,0.09321938621003993,0.045569596704789654,0.10676442525684107,0.17236018272434905,0.15261056646806886,0.3425926042786619,0.1374005494410245,-0.02649174336943159,0.22595648912221442,0.2977516895969917,0.2793104932547429,0.14162314535940423,0.2478898783368064,0.1857560167620322,0.27998731140540023,0.09395990482712425,0.28046762015459187,0.1567542313561449,0.1943487623083255,0.2181363175648787,0.133104583324941,0.10434344358134708,0.1811185675603453,0.213828816182062,0.18181093966320527,0.014279390251958218,0.19942435975561668,0.05127089115749607,0.1858056461631524,0.20620754217987622,-0.05122481979458567,0.041481959200857156,-0.08526115515877557,0.3106995667178143,0.20008874534885726,-0.010510438289310265,0.2973207624553834,-0.008479927797177364,-0.12783715963560038,-0.12982347733787522,0.09684459753441503,-0.028912122923193766,-0.04827096606904992,0.08905402045246015,0.07128218620118969,0.2704295371840058,-0.4819917146560402
0.27470139921539904,0.13392418576613593,0.41878158349321976,0.26982381854365084,0.12309222992681321,0.2611906258672851,0.006323491993960305,0.6379029060147396,0.114380449180101,0.22332831996465877,0.2061982661587123,0.15559026370833004,0.1393119592489663,0.3021018561513015,0.19440807099335863,0.1530476457209375,0.24899232156978046,0.2195817974379866,0.17599908328925581,0.26697800989031206,0.08826508951561006,0.13235961579818853,0.09922854895007113,0.120840392628696,0.1915041182531775,0.19267060228842287,0.1513259777738354,-0.028780589478918345,0.2566496450645947,0.21520993842246003,0.17564887209158148,0.08911516869238907,0.08152382004284617,0.1915036332641847,0.30420558546506055,0.08861759872915138,0.3031663482454629,0.1470015531125119,0.3150221075909148,0.12478820753773523,0.1433062949785027,0.09844843001386674,0.20391490315142408,0.04602005391908004,0.08146785395828167,0.20643081626355866,0.30380236039784,0.007982203242472043,0.46312064234439615,0.19398359190873388,-0.059469113913275556,0.0923957252965252,-0.05582139726098362,-0.15139073767610547,-0.08788893716136996,-0.025308477450181402,-0.04814952020051025,0.5275054001261713,-0.4055951180932643
0.355530168372649,0.2859874107690172,0.5221145561627178,0.07793229537804439,-0.098570102573578,0.32685695858320973,0.20273293030653536,0.114380449180101,0.8990614250766952,0.09316532625813619,0.08292136518817475,0.23732218516484146,0.0635253012169068,0.18550473270645584,0.18911458076869103,0.06669206044669385,0.1444168649914267,0.2514798536841947,0.06543758990885268,0.19512970650761882,0.15633407342767416,0.11285592299144392,0.21348564111313684,0.13202899434025037,0.17976475316476478,0.27273862625029127,0.2383656529844018,0.21396051013682807,0.2006553275725612,0.1656038289920477,0.19865022626988912,0.116095468688333,0.11365480061048311,0.15695028943509118,0.28861302515484794,0.14951738659047523,0.2546573522350986,0.12117701854193191,0.22960179058544625,0.09829718656324123,0.18315135243711578,0.15349408971572553,0.1045239485768358,0.021999751592239332,0.040857293244415664,0.279009854019491,0.23871448931675462,0.0036850410791317936,0.28195172257638157,0.03572263488568924,-0.074099872428406,0.04924221546301969,0.09621120767449655,-0.13798025795300206,-0.005624481632466203,0.16561593915888548,-0.0530795198491448,0.3070422468188973,-0.5272085304095244
0.26869539704413586,0.284790350234227,0.4602704649841604,0.002323638088119029,0.07406164561712905,-0.0024448381384836407,0.11948833850238694,0.22332831996465877,0.09316532625813619,0.7798870356062251,0.08056054580713853,0.06670881040736339,0.08960079614362859,0.10868863507676743,0.12387377247314676,0.1356739261807797,0.18489476256902804,0.37287374684801916,0.02239353557088585,0.13687992020903592,0.15275119914994603,0.26302936231488144,0.2795681931277241,0.1848170144359318,0.1662362592307505,0.08841524854434173,0.2267208051990367,0.2268667838831982,0.23109868425968216,0.4742420552081219,0.2444844694908511,0.12093886207308538,0.16837891878905786,0.1115001350578847,0.321977283781736,0.2748570795708582,0.4113064080512015,0.08739203684249056,0.27603905875065715,0.18995652115201447,0.42385799564136206,0.16045979960783166,0.14316332708532847,0.062142198457630804,-0.09245394572511487,0.38855433571466064,0.49178103645692234,-0.002655722060998505,0.3210672734799268,0.17057327540375825,-0.03731231416720518,-0.13074685159141106,-0.013087998489150586,-0.05989363524778954,0.029146651518938964,-0.04667895515097447,0.09138666968136887,-0.05666086814828368,-0.041637732211641014
0.33243989024329174,0.292603242906265,0.35577787558793017,0.23596904507008037,0.22769076881036063,0.2019448748248296,0.24965964420863077,0.2061982661587123,0.08292136518817475,0.08056054580713853,0.5774610631429634,0.30219182113955567,0.13190270207059357,0.17591607064673334,0.2794339714746283,0.1587215224906302,0.20811812760964604,0.1953110111047009,0.10166629862645815,0.2357374927010221,0.24581324467407742,0.17010973982732217,0.13032676063557716,0.14859241618207775,0.24275052466513153,0.27430384328266255,0.24221452448516498,0.17106713329535891,0.28044945930482673,0.08864960660105267,0.1845008856541535,0.1852221161341873,0.08025765605710102,0.1669985733881739,0.19233505190411868,0.20294739047683472,0.22018179468375798,0.12455966198320802,0.19437894486127755,0.0852256711057721,0.17744899226903782,0.23280095410413296,0.04801637027490902,0.003323381479474012,0.05274309181942862,0.31103088609358687,0.19182338324049644,0.0011100761713411002,0.08337194947771605,0.02472328239389546,-0.1613065589122159,-0.13436053030506542,0.12396867682416096,0.051116824963656785,-0.0942835312114718,0.05651773460251044,-0.07432549947786453,0.3468096251253319,-0.366363766405456
0.4969944925305794,0.30679652730331153,0.5123932434650539,0.34275909686891104,0.32117460264574693,0.3014037821925324,0.45190450303058033,0.15559026370833004,0.23732218516484146,0.06670881040736339,0.30219182113955567,0.7740091309949514,0.07940506426547947,0.19468450445167032,0.18217326857363247,0.21177335081696236,0.2054834761050604,0.3089284214261583,0.17032724101976215,0.1437633408366482,0.19176026151272269,0.19074370201451743,0.19529165877267002,0.14091328731006175,0.3121949014058796,0.2878706108951474,0.2616376719015569,-0.16644777318456744,0.36115378808348975,0.11596418156237386,0.22532548822204862,0.27640494138110344,0.06089972716482125,0.19668256094728664,0.3655468018824048,0.1798791932734326,0.2088665170541455,0.09441335113595228,0.27146694761840684,0.08667858365659076,0.1922236783313765,0.18873517574826898,0.0015444169757445792,0.05099551720281791,-0.011116437279669319,0.3532415196097382,0.2447647419569782,0.004447188210174697,0.6442862178584368,0.022797359759992492,-0.14865889893052914,-0.26735143494178476,0.19768823411338213,0.010562787981925541,-0.12467788088245181,0.12538196807544838,0.040164372735987136,0.4987500200418677,-0.8017319235066831
0.12188014599389982,0.12870420402777882,0.1577621615518598,0.11069769468286424,0.09530253846184454,0.10992906382602131,0.09321938621003993,0.1393119592489663,0.0635253012169068,0.08960079614362859,0.13190270207059357,0.07940506426547947,0.22595475791898684,0.1054995946326914,0.06122881873939612,0.08095913277666886,0.1194082953188452,0.09813026016733893,0.07974046666830105,0.08993085423886786,0.08858010174051882,0.192641883901062,0.0894206597366096,0.09458440200335873,0.10000293506147381,0.09185136613245341,0.08686677965681716,0.07342156473078099,0.14781957886645614,0.09636255111180803,0.0855974949554739,0.09336327553703419,0.07783021419367625,0.0814592626802493,0.0906415949844006,0.09177158363585304,0.13490349662216952,0.04995360922495317,0.11802555371953545,0.05058848528513929,0.10862893422817241,0.08695971070441498,0.051032599834153036,0.03591525704690282,-0.04117525971064535,0.14028677944219978,0.11751037969938594,0.0015178429708678854,0.1294940337361026,0.0573588865274333,-0.055594353086425206,-0.04905552204965699,0.008362615645610612,-0.01408179683900487,-0.010020813629911468,0.007266768625486812,-0.0739301348205568,0.033740778165203406,0.031157144730618338
0.2821836681101274,0.025708153729446875,0.4193714011780989,0.37193386774949994,0.11226067238292346,0.31742239137110406,0.045569596704789654,0.3021018561513015,0.18550473270645584,0.10868863507676743,0.17591607064673334,0.19468450445167032,0.1054995946326914,0.5700956609950902,0.2384624113042368,0.20055656502285935,0.21580314243242482,0.13827451329859572,0.16784638788896114,0.32300253819043856,0.16060403425034067,0.08387661106927259,0.04473574793683426,0.12740364312692218,0.17801424567807897,0.20623335175146942,0.04177438800368645,0.08387384687646322,0.26451279837965574,0.20401428704096441,0.18884255938918357,0.08406634238413357,0.11532881393364332,0.1366855537371191,0.16225480724297228,0.1172143307451327,0.32422163542133287,0.16821746484673897,0.21351501577402562,0.10912781078412204,0.21282713796814284,0.15691554711961636,0.1636742662507831,0.07091249324583845,0.061662037255894704,0.20296227423770602,0.2234102104602975,0.01343370302140875,0.5036288270428695,0.14833370014783334,-0.08614988806881467,-0.029936213852044955,-0.039559710201592525,-0.022414293479168994,-0.07611716221081248,0.040517321169977666,-0.22580661560881862,0.4880288069835469,-0.2826023257603518
0.32705593218818885,0.4901289235526138,0.45964947658498717,0.15819773423377095,0.10147214974852939,0.19121910812760706,0.10676442525684107,0.19440807099335863,0.18911458076869103,0.12387377247314676,0.2794339714746283,0.18217326857363247,0.06122881873939612,0.2384624113042368,0.7568661436146591,0.019261551254741067,0.21958212002461935,0.1982057689132736,0.1162414826729212,0.32091014732080414,0.2360693462062147,-0.01569276541292065,0.15080201428368842,0.17614945990402878,0.23010800694998043,0.20753018281317895,0.23644758446798864,0.392260383386156,0.28862290968128507,0.22604897962407042,0.2123178403631217,0.06287224655097635,0.2519878257272828,0.13310198842406892,0.12714608612496212,0.171739127875003,0.3994581427157007,0.16779380737938004,0.21163493960493004,0.11062832188889785,0.23925518877812837,0.21871913738788445,0.14598799002794013,0.0027847848717948535,0.018093425940417435,0.28613452062479244,0.24580519317664434,0.006343474419983164,0.3557249897137178,0.2785910650467115,-0.19009204910435915,0.15835954366561936,-0.10781939969320063,-0.03590162589326528,-0.0771161418887387,0.0724379905005876,-0.19954585462825708,0.38218425387124244,-0.16406880163146653
0.150593807046706,-0.014265046587678127,0.07696203294075013,0.30060030792402953,0.2751425479691652,0.16030342782935153,0.17236018272434905,0.1530476457209375,0.06669206044669385,0.1356739261807797,0.1587215224906302,0.21177335081696236,0.08095913277666886,0.20055656502285935,0.019261551254741067,0.8159734069678409,0.1586147564428247,0.2120741647101844,0.12850222083059587,-0.0008644747695725797,0.128881741957143,0.19287911810374922,0.20726604673063478,0.14151795448912635,0.1749980173623458,0.1331402426818816,0.09488661229498437,0.09823045020999593,0.31742523359581737,0.2055291068031667,0.10926541010636104,0.2319402291653314,-0.0769293054890185,0.1787425956623728,0.38473261670244824,0.13400816750702385,0.07581221769947437,0.030682675768613377,0.20354121959733212,0.108355404497852,0.15065714607231656,0.15082854238082086,0.1196501525086703,0.08429843508668645,-0.005091175310293616,0.16813594574464844,0.2581761149039052,0.0028206846401707003,0.23191713050552662,-0.22742096524419472,-0.11792518339786372,-0.16207840869504234,0.19239000105238505,0.024599115067147417,-0.05081580762475775,0.03929808530662218,-0.06568976904518266,0.29311285293533595,-0.3054237332799281
0.2170024262964397,-0.025083445466963457,0.41325774428943135,0.22311337887317717,0.07725067555659611,0.2722584570990951,0.15261056646806886,0.24899232156978046,0.1444168649914267,0.18489476256902804,0.20811812760964604,0.2054834761050604,0.1194082953188452,0.21580314243242482,0.21958212002461935,0.1586147564428247,0.7054966949962606,0.14025375658622966,0.1460624431111307,0.24095364976368852,0.2365976211855117,0.37976184521319273,0.20674889913525382,0.19319461117537587,0.24090737427581715,0.20313162502796406,0.20829237563643302,0.2907672637263694,0.24940817279434396,0.157976858479644,0.1945323681943017,0.14869067986123713,0.25463915783342883,0.16348550227709613,0.1643504872432957,0.16193504066553582,0.3711481421438201,0.14111073718205522,0.27021182356244566,0.10209772133015967,0.2252804646654336,0.214215947417055,0.07819051807968383,0.04390950485775556,-0.02045596573869658,0.3114708468644853,0.2713765288429275,0.007106881906231901,0.3724433219923284,0.4562373722032131,-0.10185957695582444,-0.014621443923673625,-0.15302846230299788,-0.0735968619781947,0.02487601391763558,0.014445444333513961,-0.1577718739253332,0.2616319517955324,-0.20477030310335784
0.5119255847950668,0.7214104451527908,0.5939884584609961,0.08840651094224317,0.08864209094745107,0.08738055048238899,0.3425926042786619,0.2195817974379866,0.2514798536841947,0.37287374684801916,0.1953110111047009,0.3089284214261583,0.09813026016733893,0.13827451329859572,0.1982057689132736,0.2120741647101844,0.14025375658622966,1.0997361281253166,0.07005103528888348,-0.09153616163498497,0.25742605402979585,0.3087186926564352,0.7376740553059855,0.24901283524806817,0.30440474556117936,0.3084973201222247,0.07466067923011548,0.3192947861453186,0.4065961677219226,0.35448026730119875,0.349364871319237,0.18681718320633584,0.2329199609627757,0.061311913869738124,0.3096232343570403,0.30143656703187904,0.4800659418008565,0.006852621801181689,0.2679355554472317,0.18307808821855284,0.4162816551657808,0.24295372820362277,0.1513077558343909,0.025737576570002158,-0.04806924374379565,0.4840767967685511,0.682608924823277,-0.004687005450774709,0.2911705826020174,0.4824945778198084,0.12310263356853472,-0.04565766685896722,-0.3371651438720777,-0.2173750241806653,0.010658477186764945,0.10618759048812546,0.10816958125296085,0.3904540419293721,-0.6732652788035
0.2639218241565897,0.18223980384907562,0.2212110814362335,0.23392829071885696,0.34633531665450834,0.32934429856428515,0.1374005494410245,0.17599908328925581,0.06543758990885268,0.02239353557088585,0.10166629862645815,0.17032724101976215,0.07974046666830105,0.16784638788896114,0.1162414826729212,0.12850222083059587,0.1460624431111307,0.07005103528888348,0.7653352546140776,0.06855704125564994,0.10810805626456042,0.14344533486518135,-0.12472145207394723,0.07259125372484553,0.07934187464444765,0.036068724699432134,0.03458028244074722,-0.02389615490054016,0.052860261300548814,0.029923207001986613,0.12860265435354862,0.07149592749464721,0.12868111735840598,0.03766925592502415,-0.02845433108826131,0.08119929572915649,0.21751410284589756,0.05839869184701337,0.19074369055195067,0.024721972094319287,0.09556488999973256,0.09058501093876394,0.00035203670033181437,0.0401156890321863,0.08014456409346885,0.14288201384865615,0.009071254929187155,0.02383753149509627,0.1729693513723585,0.07715526003489565,0.11181283274274384,0.2521515181452841,-0.24864109861895725,-0.023490918412773162,-0.06240780973698502,0.009129281497792118,-0.0862267570337212,0.32150890156783996,-0.2274124115486937
0.13617657329221744,0.17660101915494253,0.462520355426526,0.3455626086611054,-0.0059465137452805175,0.3733213060051401,-0.02649174336943159,0.26697800989031206,0.19512970650761882,0.13687992020903592,0.2357374927010221,0.1437633408366482,0.08993085423886786,0.32300253819043856,0.32091014732080414,-0.0008644747695725797,0.24095364976368852,-0.09153616163498497,0.06855704125564994,1.8883689375755517,0.37769353603046657,-0.3973836170753527,-0.5110921565020305,0.2417805960009459,0.1598390851515702,0.36932042505171453,0.38315254949874844,0.4939491563702744,0.189476089204067,0.579018399777001,0.4741942057647722,0.057357076633948595,0.5211712481143418,0.3365406588856651,0.032124111197039534,0.2433799960082072,1.1598291715204403,0.8584954050563682,0.28308414568395324,0.3812613620233796,0.5936180136867933,0.4202562328943944,0.7658038672448421,0.0695300860960024,0.4815022210076551,0.5646963557447703,0.21318179985227947,0.06741114931650533,1.2995983202710786,-0.16793559246955203,-0.28506820400930194,-0.0660720042797208,0.38404614851178814,-0.05443320921604202,-0.012774656621683337,0.057207406390549484,-0.1531567395765012,0.2735138521128383,-0.10091977194856759
0.265569946606953,0.6751527845240076,0.35024993865938236,0.19229711673993038,0.14516651989141224,0.13088736819987631,0.22595648912221442,0.08826508951561006,0.15633407342767416,0.15275119914994603,0.24581324467407742,0.19176026151272269,0.08858010174051882,0.16060403425034067,0.2360693462062147,0.128881741957143,0.2365976211855117,0.25742605402979585,0.10810805626456042,0.37769353603046657,0.8022398733738247,0.1689910496531958,0.07580890369989657,0.18601196251476235,0.17449702027275804,0.378445478674195,0.2661213516881271,0.6109303290084249,0.153016904042064,0.22484692104056764,0.2547339852473,0.25074053299169174,0.2430125849453216,0.16204685202809418,0.12426032330169977,0.23913248126639616,0.353944644424885,0.19816007249236015,0.13129282983275672,0.20686543586944317,0.41771696232023814,0.6626282890143925,0.056512368317014984,0.022771383525451706,0.09583449871818113,0.3645921845596639,0.29634335662644873,0.013608298759493322,0.3530589595489293,0.04888987824820864,-0.08235685037356429,-0.04556964036219516,0.02567322154939834,-0.029757071296499665,-0.10290812729488497,0.018863843562644533,-0.07227421410073552,0.1674629870881095,-0.046263956474851396
0.3399960790750159,0.023134386687484722,0.4870192900364307,0.12760284187776638,0.17366091821632892,0.12151208070750806,0.2977516895969917,0.13235961579818853,0.11285592299144392,0.26302936231488144,0.17010973982732217,0.19074370201451743,0.192641883901062,0.08387661106927259,-0.01569276541292065,0.19287911810374922,0.37976184521319273,0.3087186926564352,0.14344533486518135,-0.3973836170753527,0.1689910496531958,2.2569933543721716,0.659906630462948,0.21868993788430255,0.2561495903313215,0.1394015402011281,0.20928660988825945,0.05496448813546679,-0.04241743397964767,0.10623093443969653,0.08043151744668446,0.3861036133264321,0.10485678808609548,0.02702112779680943,0.1201552244443718,0.16620796483536787,0.0991663039566205,-0.1711163738887362,0.1821432414755056,-0.0038697013560148583,0.22888253151890822,0.1457434681270639,-0.1366310734658414,0.1122092404934703,-0.3100912846495382,0.28772117700798283,0.3068768230485087,-0.002902800960092904,-0.06299397806707878,-0.1846075222195627,0.022136417750370282,-0.47166815838916915,0.1615050282662229,-0.10500909729285779,0.08395162013881909,0.07142218707690362,-0.03914416470241065,-0.0485794837437511,-0.20650518625946288
0.21704005472917734,-0.21977998291001344,0.43144791536046745,0.007228968734124784,-0.004082776802239308,-0.008322139141952288,0.2793104932547429,0.09922854895007113,0.21348564111313684,0.2795681931277241,0.13032676063557716,0.19529165877267002,0.0894206597366096,0.04473574793683426,0.15080201428368842,0.20726604673063478,0.20674889913525382,0.7376740553059855,-0.12472145207394723,-0.5110921565020305,0.07580890369989657,0.659906630462948,2.1672801126115844,0.4600546036055351,0.571648504045539,-0.1435008343391657,0.19027580149056356,0.18588916546765238,0.4110979589559642,0.45931345285056663,0.010021004801853797,0.08003063385067852,0.5583619733109116,0.05496462929878044,0.25758230605591087,0.13405300886469174,0.3802943049603495,-0.19419671226656263,0.4939105017126168,0.11683365688975428,0.12145759858568372,0.08032952729767169,0.06636714991766857,0.05003898640608698,-0.4577950025557883,0.37482148545090443,0.6851674460669075,0.015742817408890594,0.190035899881932,0.5476632607029797,-0.23361680517570735,0.060023125599318834,-0.004019671035999339,-0.20652873040188569,0.20108744642936083,0.09986803048328957,-0.08002726735216274,-0.07341207749397584,-0.11879560316216521
0.052869509154969456,0.02296259207543891,0.29016451496963935,0.18321144898130245,0.07799128919830776,0.14387382917942057,0.14162314535940423,0.120840392628696,0.13202899434025037,0.1848170144359318,0.14859241618207775,0.14091328731006175,0.09458440200335873,0.12740364312692218,0.17614945990402878,0.14151795448912635,0.19319461117537587,0.24901283524806817,0.07259125372484553,0.2417805960009459,0.18601196251476235,0.21868993788430255,0.4600546036055351,0.6285613903092103,0.2617813765996869,0.1879717200541692,0.24988309666780922,0.3932852617021474,0.163542133751609,0.5092708861493648,0.2927293550540682,0.20576630682994926,0.5843266785107444,-0.018047858395026088,0.04010643246271586,0.38180490595527594,0.5006203322285601,0.14895009177861757,0.1652355953867529,0.1031415669078108,0.4749331665985248,0.19943038338358693,0.08481728262545295,0.05133081377279228,-0.28642777710674666,0.5080306052873782,0.3618807974542131,-0.008606416217712009,0.481611947976861,0.2291194906963211,-0.22127199195142397,0.05748811316635413,0.022340494141188355,-0.09512237363665105,0.013041892479938554,0.04921237835577576,-0.05139018426641367,-0.05917118607037453,0.027735915795775733
0.38364252531184234,0.09631172050841971,0.42753420308847884,0.1711564829065509,0.16412693865667216,0.21805331434489456,0.2478898783368064,0.1915041182531775,0.17976475316476478,0.1662362592307505,0.24275052466513153,0.3121949014058796,0.10000293506147381,0.17801424567807897,0.23010800694998043,0.1749980173623458,0.24090737427581715,0.30440474556117936,0.07934187464444765,0.1598390851515702,0.17449702027275804,0.2561495903313215,0.571648504045539,0.2617813765996869,1.2592006155471205,0.22323430062162727,0.289935026056979,0.11430805546236461,0.4270091441667767,0.3247910576674513,0.11002058482905071,0.13166509278589464,0.20935612403838347,0.26214830368672437,0.3520546531136381,0.13400741494829965,0.2894682788770393,0.10197072407955522,0.22679972108613253,0.11595788237070573,0.12286137706757691,0.1828257028661605,0.1991957962531779,0.07178089699046417,-0.09546600484773315,0.4329355247572683,0.3717434284381601,-0.0027768033587452904,0.3369544827287908,-0.25515599573588793,-0.21965437769592602,-0.10516017025483587,0.2803531686872475,-0.020495585370742416,0.07917199355885816,0.08033707839036235,-0.1126873889387183,0.3006970981574303,-0.37240714535505903
0.24012052163704825,0.35321469053439647,0.31011683684617297,0.2473068999250176,0.1255302033369434,0.23821244961054416,0.1857560167620322,0.19267060228842287,0.27273862625029127,0.08841524854434173,0.27430384328266255,0.2878706108951474,0.09185136613245341,0.20623335175146942,0.20753018281317895,0.1331402426818816,0.20313162502796406,0.3084973201222247,0.036068724699432134,0.36932042505171453,0.378445478674195,0.1394015402011281,-0.1435008343391657,0.1879717200541692,0.22323430062162727,1.4947105632954742,0.3471837087355703,0.6065288768403658,-0.07423589772202523,-0.07437016473939333,0.3265300938006365,0.33548801617508,0.16681429455148986,0.20041215902252285,0.18962217533966252,0.36293670553759916,0.23006165150689847,0.21596698653927196,-0.5234119688113175,0.1444878344683527,0.5996586824971994,0.3745147255883597,0.1572600684468019,0.01726944738238135,-0.2543191557903186,0.5429624823643292,0.12300658138434474,0.022921019709257903,0.468756963338375,0.20899881464902065,-0.17822222633297216,-0.16942787991660313,-0.1487372693908594,-0.022438728059625185,-0.09782092672106281,0.030072857525702854,-0.13018492589140473,0.33620436496914946,-0.21769437972503608
0.3120428594676059,0.7567829596028806,0.23011053547575921,0.060971647686467886,0.1496251030163497,0.12810591440672156,0.27998731140540023,0.1513259777738354,0.2383656529844018,0.2267208051990367,0.24221452448516498,0.2616376719015569,0.08686677965681716,0.04177438800368645,0.23644758446798864,0.09488661229498437,0.20829237563643302,0.07466067923011548,0.03458028244074722,0.38315254949874844,0.2661213516881271,0.20928660988825945,0.19027580149056356,0.24988309666780922,0.289935026056979,0.3471837087355703,1.307204765796335,0.5746888048899972,0.23929274581102766,0.35033844352077903,0.30201375761921667,0.25415050613714674,0.33676671095784055,0.22032717473416263,0.4051321185287734,0.33329632849267876,0.46549610353238235,0.21859295836117765,0.15846742383609672,0.2120737625503365,0.3817524344775688,0.27294995568226843,0.23621304318241493,0.009050220885048546,-0.08849493944227874,0.6560766094372869,0.27649918368587423,0.0070484297618265334,0.7597474251968261,-0.11604660101079069,-0.33889205118783805,-0.003650140233437548,0.3423346223760734,-0.03141592631975749,-0.019191316221158147,0.16323733277400934,0.22155621945832976,0.2492405089198048,-0.552506878439397
-0.040658623413921215,0.9969735139698728,0.2849073415298026,0.09468576320579318,-0.12329172309977729,-0.05796236073368212,0.09395990482712425,-0.028780589478918345,0.21396051013682807,0.2268667838831982,0.17106713329535891,-0.16644777318456744,0.07342156473078099,0.08387384687646322,0.392260383386156,0.09823045020999593,0.2907672637263694,0.3192947861453186,-0.02389615490054016,0.4939491563702744,0.6109303290084249,0.05496448813546679,0.18588916546765238,0.3932852617021474,0.11430805546236461,0.6065288768403658,0.5746888048899972,4.597379279349169,-0.248958414980003,0.2747498370952861,0.4505703727255105,0.23902266041329678,0.7578201887891494,0.106554406531649,-0.1793570957672591,0.493308034691901,0.8484861715458066,0.2719248123094994,-0.10553475662003216,0.12891172468472992,0.8282978042966023,0.5705445255487861,0.16880613552124263,-0.007631544265864122,-0.2721940475871898,0.614828586935178,0.3067925539571838,0.02198422617079708,0.25516890040195667,0.3202304418303179,-0.3030710945183048,0.863911468367229,-0.5136170239405906,-0.19076909361619532,0.017181601456924125,0.05355929848956224,-0.11670329606766432,-0.18903659365080744,0.5814750144063436
0.5609266167332962,0.5573198174658468,0.8023650428066824,0.15058381544604346,0.19996958772792384,0.2971255028348311,0.28046762015459187,0.2566496450645947,0.2006553275725612,0.23109868425968216,0.28044945930482673,0.36115378808348975,0.14781957886645614,0.26451279837965574,0.28862290968128507,0.31742523359581737,0.24940817279434396,0.4065961677219226,0.052860261300548814,0.189476089204067,0.153016904042064,-0.04241743397964767,0.4110979589559642,0.163542133751609,0.4270091441667767,-0.07423589772202523,0.23929274581102766,-0.248958414980003,3.2096711881615603,0.44173632375707117,0.04070198772953459,0.24962561728001764,0.032622179905874606,0.2732072770435611,0.41813368600982825,0.2913157937681205,-0.5498885741073004,0.04676637214942338,0.5679239966058033,0.21002952020290358,-0.1686120131883946,0.12870401062975917,-0.027414960661817908,-0.1236365226702285,-0.3164399896781801,0.3705888206598002,0.5953686998637044,-0.06426589163566263,0.9944208338745623,0.5430164031239726,-0.4819462582372155,-0.10971965051634268,-0.13753057916426198,0.0551938551307995,-0.08411720650746322,0.04930723753561137,-0.07780315105689689,0.6387914072038543,-0.5764684738809668
0.5927632795000991,0.2382281199471281,0.7276691290044164,-0.12108431891213917,0.06740752356672682,0.10491636798430291,0.1567542313561449,0.21520993842246003,0.1656038289920477,0.4742420552081219,0.08864960660105267,0.11596418156237386,0.09636255111180803,0.20401428704096441,0.22604897962407042,0.2055291068031667,0.157976858479644,0.35448026730119875,0.029923207001986613,0.579018399777001,0.22484692104056764,0.10623093443969653,0.45931345285056663,0.5092708861493648,0.3247910576674513,-0.07437016473939333,0.35033844352077903,0.2747498370952861,0.44173632375707117,3.117803172849224,0.5984106178071853,-0.04668316018982141,0.2147885477095435,-0.1603930136739967,1.1287411676211259,0.7494870358511655,1.2321428150713838,0.31940499247389514,0.8454477528426466,0.7058266568294655,1.198565285204413,0.29172845390690144,1.3223947413435861,0.18850996484745805,0.40740478983936285,0.6462497146428241,1.3814551652778004,-0.022119586905962014,1.3116152931190244,0.02859711221309568,-0.32817283284030946,-0.3124893450050599,0.3405191018464697,-0.04076963656549179,0.21497120505752496,-0.03912864345888154,-0.1214500693387924,0.295525248003932,-0.317615137693918
0.3304414292455323,0.374823146018301,0.3988530245601686,0.1843559277004327,0.1295890850582872,0.18741273172566614,0.1943487623083255,0.17564887209158148,0.19865022626988912,0.2444844694908511,0.1845008856541535,0.22532548822204862,0.0855974949554739,0.18884255938918357,0.2123178403631217,0.10926541010636104,0.1945323681943017,0.349364871319237,0.12860265435354862,0.4741942057647722,0.2547339852473,0.08043151744668446,0.010021004801853797,0.2927293550540682,0.11002058482905071,0.3265300938006365,0.30201375761921667,0.4505703727255105,0.04070198772953459,0.5984106178071853,1.0446733894539089,0.17612473235529624,0.4078378831210693,0.062369173955463895,0.19484086190101602,0.8076076483795656,0.9327996534143675,0.29749870830660746,0.2405381804943481,0.11453358565900751,0.9306547013147307,0.2680800176550042,0.05168942136879488,0.0914660283360396,-0.1148675204565433,0.8384467033128535,0.43016186550717556,-0.03205624231923386,0.39857645438458306,0.273546191889573,-0.13983016315481273,-0.06107542252264842,-0.05154945426841272,-0.08158227510599192,0.03976563736358064,0.08793339627636092,-0.01848731218051062,0.20839850182973002,-0.3554764704025783
0.1256148396309269,0.25310298685653454,0.1537624279281881,0.2152003584579427,0.15720608181644213,0.13242002049771417,0.2181363175648787,0.08911516869238907,0.116095468688333,0.12093886207308538,0.1852221161341873,0.27640494138110344,0.09336327553703419,0.08406634238413357,0.06287224655097635,0.2319402291653314,0.14869067986123713,0.18681718320633584,0.07149592749464721,0.057357076633948595,0.25074053299169174,0.3861036133264321,0.08003063385067852,0.20576630682994926,0.13166509278589464,0.33548801617508,0.25415050613714674,0.23902266041329678,0.24962561728001764,-0.04668316018982141,0.17612473235529624,0.8951903195611235,-0.11147437157881951,0.17774115860963838,0.08493063796705587,0.3395714958922618,-0.1761851071951515,0.05721848505150867,0.06601324085110559,-0.009377872120397462,0.32574851978260894,0.23609499753304675,-0.27721032212501584,0.03483556850242699,-0.2603499625145962,0.4409982120682209,0.13952730446243206,-0.02023733218934518,0.336626418841182,-0.04714527392169715,-0.010915672092242023,-0.147219044518109,0.13257378852648993,-0.026783442849283776,-0.26053845400526515,-0.004332068597337338,0.40755707629683235,0.04124493289254588,-0.413645521388412
0.02048154451913194,0.14404619919332992,0.2321249871032664,0.2566466755847194,0.08801540957284824,0.10223140696375443,0.133104583324941,0.08152382004284617,0.11365480061048311,0.16837891878905786,0.08025765605710102,0.06089972716482125,0.07783021419367625,0.11532881393364332,0.2519878257272828,-0.0769293054890185,0.25463915783342883,0.2329199609627757,0.12868111735840598,0.5211712481143418,0.2430125849453216,0.10485678808609548,0.5583619733109116,0.5843266785107444,0.20935612403838347,0.16681429455148986,0.33676671095784055,0.7578201887891494,0.032622179905874606,0.2147885477095435,0.4078378831210693,-0.11147437157881951,2.4698642842816616,-0.1257464573489879,-0.8484688781190796,0.31219347058418323,1.2173974350292724,0.32812096017190256,-0.06581120027652596,-0.09184187427906801,0.5083666628466343,0.2626419488478209,-0.18558150630809733,0.010206055445014,-1.0848938632044716,0.9390321510409163,0.2532268367091965,0.0177936119878655,1.12111093637278,0.9081528675863384,-0.5338206987272607,0.4434217497469049,-0.37046093034724964,-0.22628558229728035,0.16594528756208388,0.11634205373467586,-0.26383409311615325,-0.21329840238846015,0.3851865693510821
-0.3046371277875259,0.10454218598366098,0.06736473298124643,0.28218094195471793,0.05756993549711048,0.23425514286852775,0.10434344358134708,0.1915036332641847,0.15695028943509118,0.1115001350578847,0.1669985733881739,0.19668256094728664,0.0814592626802493,0.1366855537371191,0.13310198842406892,0.1787425956623728,0.16348550227709613,0.061311913869738124,0.03766925592502415,0.3365406588856651,0.16204685202809418,0.02702112779680943,0.05496462929878044,-0.018047858395026088,0.26214830368672437,0.20041215902252285,0.22032717473416263,0.106554406531649,0.2732072770435611,-0.1603930136739967,0.062369173955463895,0.17774115860963838,-0.1257464573489879,1.2435892328096534,0.3877763200138363,0.043604055533518,0.2575624882133735,0.2196164450141325,0.2040817071416629,-0.00805951169369971,-0.059254790420639476,0.16975016225130798,0.0565969042015998,0.14561757506600181,-0.2617987369598109,0.20134840871791043,0.11795073514573284,0.021220975949588057,0.6281494609699249,-0.23109437238114872,-0.19366255242969269,-0.0442422591864533,0.28169415706815615,-0.05587516107916038,-0.19081576696840882,0.07110263697051651,-0.053174551936974186,0.16224938967687744,0.011351887301561826
