2.1808894178929226,1.3986426940153391,1.200081988399489,0.16403660534649256,0.4914448399401995,0.4203717410924414,0.5763107046613061,0.3783169962027443,0.47183935293581153,0.47344446659430195,0.43885579502869376,0.4769911503926174,0.4638314518925879,0.4956262904894059,0.45718065759828114,0.37403051499205503,0.40921826727368577,0.44604335369810194,0.4698985746415648,0.36691871945811816,0.41660730166526666,0.4157941866909971,0.1327486845696674,0.21072652112089535,0.47434953617660564,0.44538094628189706,0.3641631123639121,0.2906275395352788,0.4862837671257329,0.045209895441097984,0.521950956059372,0.5601128866927804,0.18582761503381193,-0.13065168080347656,0.2801508081317389,0.5221880323637828,0.27482087334711586,0.262430605433726,0.33776000387468524,0.24268980345895416,0.4410897926301319,0.3555777945657715,0.163479166799176,0.05754476110260935,0.4003676785780991,0.5757440718787553,0.3465154162820094,-0.06369386458188386,-0.1375528931842336,0.12877150840981424,0.022921049359603107,-0.02413468603477129,-0.14901727103637508,0.011878379503089918,-0.014589435456665911,-0.09179069882863272,0.4678541785698936,0.22230857094631368,-0.6799303847204531
1.3986426940153391,7.498667017471844,1.3742836367780837,0.43117567906449733,0.7011808423058201,0.15122593096477843,0.8619558406945921,0.4949728138019026,0.7945226708422645,0.793197606896603,0.8062246966084762,0.7852005507986868,1.0278942071057928,0.7432482381670598,1.4543421858126766,0.38831917770152236,0.73708804227987,0.3645751467936656,0.6693444266419911,1.0649877369777665,0.7343482793626978,0.5114704070412304,-0.7651905214483781,0.2707903508145496,0.17179055176877409,0.6522724539359781,0.724422005664644,0.7471011385346421,0.5244632534110086,0.5777734691325848,0.9937672887946302,0.8018670237226677,0.5055908654066601,0.24995253748277693,0.7464423870179907,0.7472993183411878,0.8386402171552803,0.45741078146719,0.5403140342829794,0.36627096879657495,1.0399965476028383,0.6895658044647369,0.3174474024943185,0.06131080608052318,0.5957414075776595,0.7150484477961977,0.6113084383124888,0.054467278231096726,0.4096265447434192,0.30569980754471,-0.29247095469084544,-0.17361415706055536,-0.03135577095484125,0.03461378007193392,-0.4416991439181161,0.03503498266117517,0.25399142703457256,0.2805972136474606,-0.2654494727637017
1.200081988399489,1.3742836367780837,2.8992301676843666,0.6250705608973823,0.14531481619689135,0.7080106984964615,0.5805786472577318,0.7864972044996418,0.8136473553345522,0.8190931525164681,0.6190176046649167,0.6096634271873114,0.6586560600644026,0.6476222228758367,0.6562524473931376,0.6023224358164775,0.7301699074777303,0.7001929614928407,0.8477861811720805,0.4373277667283353,0.635989972416464,0.6907081042252597,0.3672286303708218,0.48302439364473454,0.7749600050199503,0.6551745958648904,0.5161075603932577,0.4434655567619792,0.844395725217621,-0.26795508003157625,0.5462589972589919,0.6988260446629656,0.34898539851434257,0.43405608995809647,0.4780202351301496,0.9114329878763339,0.5797813721615515,0.3021690610436489,0.5075751770488001,0.13628075906291778,0.5436894805351145,0.5785371785915632,0.28090617259372447,0.09847616719703403,0.3714464073537933,0.9743283442514913,0.3928931047341285,-0.16801905363741004,-0.509474982685485,0.21581432687999888,0.1359276473793706,0.20421828977120143,-0.13261662432299054,-0.30760080752948893,-0.02776783168149712,-0.2646869051189455,0.22211306010713439,-0.14654639701756483,-0.026765634740059566
0.16403660534649256,0.43117567906449733,0.6250705608973823,2.1759666469850036,0.45829195795662614,0.48533077329705976,0.5038387796791121,0.47008951725817544,0.33383369977058835,0.32623855019867803,0.48353740308614485,0.5632951343712354,0.43672712924193346,0.4933259860180347,0.35022269573847975,0.49711186372497956,0.43309782634422106,0.7182640377001402,0.21941458728736293,0.44575220126066617,0.4341410155268105,0.43002908179648885,0.43183526282591705,0.4018624321428586,0.41706937191038773,0.4649196528895845,0.3741688439027368,0.11419592590527076,0.457139772865601,-0.07280732627575484,0.5112808925741074,0.4945454745818038,0.20244817834632484,0.5898481725194474,-0.06440566476530223,0.5372710488733236,0.34490145201462996,0.2932859116525864,0.4342034638996074,0.12665383740711825,0.3394625322639225,0.3776438332057383,0.1793301088857306,0.1237899543051626,-0.10437682932178041,0.4346865970225613,0.4105389711509548,-0.04636804246196026,0.0631870847942858,0.29426002521899863,-0.11121611963878,0.40355056162622677,-0.25296226373650066,-0.35866930879394865,-0.23872827396161717,-0.14928203188533307,-0.05793030509341285,-0.036627786946842,0.2054819208316877
0.4914448399401995,0.7011808423058201,0.14531481619689135,0.45829195795662614,1.3506481741100753,0.2038622706656944,0.4320493570522374,0.3739480043070845,0.26479484881746246,0.225132297321167,0.3309178300270405,0.3838274531054379,0.37045762945608196,0.30403801217565823,0.24646337323045175,0.3617010869199666,0.2859846749958081,0.4209786364721163,0.15124191559296618,0.35278479429907084,0.29305316870511405,0.32008092543614397,0.23537699939833284,0.21643326183691838,0.043665519869140274,0.3638223283852479,0.2763327582967094,0.1308385789309879,0.24454326442234062,0.0810414760653148,0.3825674047556746,0.32778062612116143,0.11623010963046,0.35171367831830963,-0.024322368058799622,0.3505681491823067,0.27198651971065374,0.18433517889181505,0.2662879809140359,0.1758504123777011,0.33086231917534314,0.27684923068412925,0.1803879200519106,0.05521166835841359,0.0030675536778336206,0.24966133371108637,0.3065517860170086,-0.00935786395850881,0.24526003585166764,0.19645784843171202,-0.20856459500289118,-0.033754479752088846,-0.21147030759282232,0.19146934836934776,-0.13772453800573548,-0.0242408625077682,-0.061737707874542316,0.10988346665022829,-0.05396063911560557
0.4203717410924414,0.15122593096477843,0.7080106984964615,0.48533077329705976,0.2038622706656944,1.2142090226534104,0.3652304312744237,0.49354993214379644,0.34369388267262335,0.25682229001195883,0.4298133945285199,0.43739129901852236,0.47898271142324084,0.49545468749737154,0.3871275910416123,0.3693987244148338,0.4424876665751358,0.46957373609809494,0.3788395163414839,0.4565007982062856,0.40221402407251466,0.37446265861992306,0.21900186221093365,0.42836660826672085,0.7738762145968523,0.5309663525839899,0.3747521056270989,0.16745020417594003,0.7692705856713817,-0.09164933341593068,0.5309553015619051,0.5260016968156315,-0.05989782055555682,0.43440039328859176,0.31081833845762985,0.37460606426213916,0.057074212574833534,0.2794799263893958,0.37449419949519186,0.22299862062587097,0.15848985509406638,0.35909811125844454,0.2590489435828831,0.08698565174227464,0.1009127189120896,0.39228464678140834,0.27945939367101164,-0.04720368432494754,0.06872110386653757,0.12941766494353546,-0.25844389320920624,0.09819009685379668,-0.0874260239388071,-0.049451607395754806,-0.06335856459450784,-0.14519083772294017,0.1356383344652057,-0.03043928720619492,-0.022123902061087282
0.5763107046613061,0.8619558406945921,0.5805786472577318,0.5038387796791121,0.4320493570522374,0.3652304312744237,0.7926574363484714,0.25525727861205566,0.48506322510904487,0.29915297534583296,0.4101601972698239,0.5256965402304082,0.4038249934310713,0.37980277415358416,0.24683791646772274,0.4549069576292164,0.4192473172447732,0.5144987745328876,0.37903100476787166,0.36220283977124806,0.3905886076856337,0.4666507881494566,0.29240050293465886,0.32692163901486715,0.3492473181942317,0.4131590980402435,0.34635582540173937,0.21191348031767496,0.3918852925567172,-0.014434057696504297,0.43019152959652357,0.4167016760315055,0.16601310321531554,0.39275771989362146,0.20893174687888608,0.48385050078631053,0.3191862475597369,0.24585566060657651,0.4158673914380265,0.2001109015750364,0.3398437275627692,0.34029520701213106,0.24462009409823904,0.07056279113190422,0.030884129444479567,0.39229691357824803,0.3225880073161749,-0.04583599449289496,0.35329502227484044,0.18947004803782067,-0.16284472139038292,0.16405058939346265,-0.16966921708578434,-0.14626453493277988,-0.11820446103762423,0.06672006078006706,0.015203318610741257,0.10047269617580899,-0.3412108261169308
0.3783169962027443,0.4949728138019026,0.7864972044996418,0.47008951725817544,0.3739480043070845,0.49354993214379644,0.25525727861205566,0.9776862716796636,0.2606052004039637,0.33016033832001956,0.3947858646113287,0.32196878343472224,0.4479375039519299,0.4187071508731626,0.3243926061451146,0.3417585772673986,0.3990727582801763,0.4520549964008442,0.32041684549481064,0.3633642595092327,0.34398517089385094,0.3212212191917099,0.21142559181526144,0.28102288931414354,0.40395339985427764,0.45938798280400966,0.3192864066657957,0.18285573314087208,0.4295703988406193,-0.08536233826263506,0.3526121633043935,0.4251564201106042,0.15303938558759808,0.38488002092830526,0.29679084568298203,0.36192079999309074,0.23285672274957642,0.21737175078806917,0.4070758894264905,0.18375594906063525,0.2457982458567703,0.32253927102490826,0.24406361832785847,0.06331672556609175,0.08627992704368437,0.38322378848199556,0.2732759490038085,-0.022361995552359255,0.14314067535351657,0.1466713564193283,-0.08268113220387585,0.14044014827335294,0.0436314719013901,-0.17763123243969345,-0.0997668187133128,-0.2186512203424507,0.13947998720507618,0.02848197179413578,0.03899258834104107
0.47183935293581153,0.7945226708422645,0.8136473553345522,0.33383369977058835,0.26479484881746246,0.34369388267262335,0.48506322510904487,0.2606052004039637,0.84089844350367,0.3054007568187872,0.3436565384700385,0.41492761326565314,0.41084770856169545,0.3753849348192488,0.17178608930513642,0.4079389450312377,0.425260752346303,0.4346083676092239,0.4505276788409166,0.23863929391735317,0.3846091782338014,0.5897434118143164,0.29858393779366343,0.34786035469075266,0.17151514320685454,0.43135534769267886,0.3090972293888416,0.2696681136263816,0.38487843013794804,-0.050433039026319036,0.3547254837917231,0.40718201128296116,0.23644479650051603,0.3076375727525772,0.25718462484266263,0.48872029355448954,0.36408828053977854,0.18609806524400838,0.3610804748996923,0.1751147313842239,0.29718421054182353,0.32935668769522597,0.21520480840532544,0.06534225082492315,0.08457957880127563,0.38407094342709563,0.27600785548239976,-0.08270853265621034,0.32634638754267803,0.15200966235946273,0.007913259545713579,0.18003267709625662,-0.13961540196102779,-0.15606510042430422,0.024188328126215894,0.06048800281433828,0.05587000301761027,-0.09845175851445301,-0.20085201655402718
0.47344446659430195,0.793197606896603,0.8190931525164681,0.32623855019867803,0.225132297321167,0.25682229001195883,0.29915297534583296,0.33016033832001956,0.3054007568187872,0.7857621910491123,0.1958157247876148,0.2598005000768915,0.2917456765298972,0.3066590502854281,0.3782099166395956,0.3123678282839115,0.34199072081695076,0.356510612595215,0.34977696805771513,0.1610131443382989,0.25437960528428866,0.30743688531626623,0.27356761715044176,0.25601889216427237,0.3256757385110963,0.23069812888273025,0.22462071505151424,0.1969008542793006,0.39920945740220354,0.12431115684668538,0.2271457232036838,0.295345059275784,0.17341872129872848,0.2504538012094427,0.19574925498518791,0.4274330069642886,0.38238640340395963,0.1099795382516463,0.22384480861514047,0.09646869346555302,0.3038231404224471,0.2515521037176631,0.171623434775971,0.06022216685600335,0.14121810745936264,0.4107194213110804,0.32095969265659396,-0.06523657475137716,0.009211291758028702,0.09910722822989917,0.053935048206371176,-0.030457731867937134,-0.024081863883022813,-0.05302781092061255,0.001024381890658807,-0.08100001674573887,0.15550681287153187,-0.051269314234859704,-0.08447375547370921
0.43885579502869376,0.8062246966084762,0.6190176046649167,0.48353740308614485,0.3309178300270405,0.4298133945285199,0.4101601972698239,0.3947858646113287,0.3436565384700385,0.1958157247876148,0.6784100430298209,0.4875630748923943,0.414364084205738,0.3751632757740474,0.419188031587699,0.32352309617405073,0.3640190972308806,0.46070455777275765,0.1888268309411666,0.49319959986835027,0.35691655452778226,0.3320241394588324,0.1963138447912122,0.2921072557494267,0.2614663026400008,0.4116564320641314,0.335467530006811,0.14822760059614218,0.4385710049681128,0.03918386794746272,0.49325272277169496,0.4081499215012451,0.06166645874631284,0.34237328442703413,0.2781063969312127,0.451022190079218,0.23901888159659737,0.2625544035288486,0.3502715228979073,0.22691605455488528,0.3425108926279397,0.33360790484449804,0.2024057031665926,0.04741501682485159,0.1895977252927795,0.38288581220364654,0.3175953507851959,-0.03466812400141535,0.0878873155079834,-0.01871584657574107,-0.044994460450087384,0.05527438358605933,0.07075892632349752,-0.09035240161290947,-0.14120744877184724,-0.026515497384424748,0.036655037570575214,0.06824852003352394,-0.1725157310941526
0.4769911503926174,0.7852005507986868,0.6096634271873114,0.5632951343712354,0.3838274531054379,0.43739129901852236,0.5256965402304082,0.32196878343472224,0.41492761326565314,0.2598005000768915,0.4875630748923943,0.747262561349264,0.4350874932986228,0.39831630679435726,0.31331997670318196,0.4070645774056007,0.44330778518971936,0.5713423774294325,0.31734796365119605,0.4109643552040322,0.3974392133004056,0.4138666502578848,0.2573949892287128,0.30139105197011745,0.39216670469665277,0.451191509068151,0.3890446384894252,0.167166181058078,0.3953379594303993,-0.0476259330259073,0.47910695408251786,0.46896821193309174,0.08224245636931428,0.41289362221232473,0.18898775870698017,0.5745390557302549,0.1936590014407944,0.2604915533502076,0.3713493863036352,0.21362911958172742,0.3441213700971484,0.3439508915484142,0.1803042487505348,0.05568869982677311,0.11880611173252806,0.37180671947707133,0.3314170380563204,-0.07465823837532638,-0.03672794454064257,0.09135150922996264,-0.07030557766438814,0.11424353787444552,-0.1712353010832403,-0.10244369609228585,-0.208384554567729,0.017414829632198345,-0.03785102561179352,0.06910702373555964,-0.21213845272135634
0.4638314518925879,1.0278942071057928,0.6586560600644026,0.43672712924193346,0.37045762945608196,0.47898271142324084,0.4038249934310713,0.4479375039519299,0.41084770856169545,0.2917456765298972,0.414364084205738,0.4350874932986228,0.7742508771388038,0.3938921107414386,0.35632494624196404,0.44495698682795265,0.4502272621608412,0.44854196767530297,0.472692222629039,0.42487421949756937,0.3937473539997287,0.45876068110059887,0.12742912863004266,0.3536315580951465,0.5017893866821659,0.3983759759692271,0.4112113285436665,0.25305426223379723,0.6093835190866161,0.12180600904554671,0.4609389927778933,0.48896026216545385,0.14223377071925955,0.4061214890948393,0.3949066645288083,0.49451347485962904,0.31565640783301546,0.26067097721689647,0.4013268265859843,0.21738225002117442,0.4391605111667998,0.3761844973775345,0.24740320375347713,0.06634767195591901,0.13323148342736352,0.4430187819705049,0.36267935326400275,-0.044048855904696906,0.07786933897257585,0.09870320348434257,-0.17307493828565565,0.009519774701884207,0.010355243821980163,-0.06966488358789229,-0.10736799482258888,-0.0910779208551016,0.02636061569176521,-0.02421197643649808,0.0015817197945917968
0.4956262904894059,0.7432482381670598,0.6476222228758367,0.4933259860180347,0.30403801217565823,0.49545468749737154,0.37980277415358416,0.4187071508731626,0.3753849348192488,0.3066590502854281,0.3751632757740474,0.39831630679435726,0.3938921107414386,0.7066841421722373,0.3833489714699897,0.38574191710443895,0.3954798102267971,0.3716301176301215,0.35668782479518674,0.4178210666058384,0.3919552554826122,0.38008864849309026,0.19664387907357223,0.34453747259896383,0.43311859230539973,0.41873024186639185,0.36263189969043225,0.22464639808980702,0.43421005203002094,0.10762701284891703,0.44553399775558733,0.5754924280426557,0.16610409427926004,0.2676856972074035,0.2727927618101603,0.5090422709804882,0.2673639796379739,0.23431809134340675,0.35080407424910043,0.2199158178045941,0.3955353749432179,0.37656795795007786,0.15612310639739116,0.07375429377731677,0.1586156018094219,0.37648522867799206,0.33845174665758815,-0.03352832766033071,-0.03186576677377325,0.17840533468777062,-0.13114969435830676,-0.06512266941616217,0.04618203248072885,-0.06988672759427862,-0.0931253283183342,-0.12439162968765274,0.25239532628883843,-0.1142137799832527,0.12243165807375797
0.45718065759828114,1.4543421858126766,0.6562524473931376,0.35022269573847975,0.24646337323045175,0.3871275910416123,0.24683791646772274,0.3243926061451146,0.17178608930513642,0.3782099166395956,0.419188031587699,0.31331997670318196,0.35632494624196404,0.3833489714699897,1.0993393437178085,0.16222714870568963,0.3237133656378466,0.2422623338085326,0.20759185819145953,0.5068656368362171,0.32137518436233165,0.14024272745336006,0.16100279318488045,0.23916619717364734,0.36176416174013976,0.2557379831572217,0.2989680095489519,0.20378538516432496,0.4897577925784918,0.3394418945820339,0.360861595638486,0.36035187967692495,0.16136340350099806,0.17023453784334971,0.15889624251614565,0.43919820476423227,0.3693007369914725,0.19896203702544799,0.30144045417854604,0.19155576407563202,0.4376239337903662,0.3264809824889396,0.14726365366303623,0.050095177011515564,0.2764089946837003,0.4559860540346513,0.36186320753298434,-0.0033089768356780874,-0.022862734246496694,0.14503320577014742,-0.054288193896103044,-0.1376357674242692,0.05318585347969131,0.021530901486756637,-0.08707597488631597,-0.03668917602049576,0.11022626533718627,-0.013879368558558041,0.03906641226046765
0.37403051499205503,0.38831917770152236,0.6023224358164775,0.49711186372497956,0.3617010869199666,0.3693987244148338,0.4549069576292164,0.3417585772673986,0.4079389450312377,0.3123678282839115,0.32352309617405073,0.4070645774056007,0.44495698682795265,0.38574191710443895,0.16222714870568963,0.9129434556839031,0.40142113974798654,0.5261843715774617,0.5030775362664698,0.2685752669488067,0.37782890459222634,0.6230127724894831,0.31087023792208707,0.3243075920672343,0.29106266984281987,0.27970590727715705,0.40749249940459653,0.3052512778685074,0.4948789563984706,0.08839355133059565,0.366492589971932,0.4498710056277178,0.1854702800025122,0.3718194537280865,0.4058670076278699,0.5658764727681316,0.4443478123365455,0.24675099404923137,0.4455081769990713,0.19454033708160876,0.45979345383872783,0.4138972909045467,0.3023620310978289,0.09793234691981664,-0.03578155961950933,0.385575121709341,0.38488095802286426,-0.10776358249141627,0.19514470924325478,0.11449886893381328,-0.23438015308405621,0.06783943473126007,-0.13122829188201804,-0.1315355844526211,-0.033957911464880655,-0.04232050766393798,-0.056372187004221544,-0.08416829841636476,0.10428370456828992
0.40921826727368577,0.73708804227987,0.7301699074777303,0.43309782634422106,0.2859846749958081,0.4424876665751358,0.4192473172447732,0.3990727582801763,0.425260752346303,0.34199072081695076,0.3640190972308806,0.44330778518971936,0.4502272621608412,0.3954798102267971,0.3237133656378466,0.40142113974798654,0.8560965898377916,0.43433185702657123,0.4719605360063882,0.4399732096506617,0.42509666468265767,0.39296721474100116,0.1594241916722738,0.2982102071583039,0.5825093703029957,0.35344961427600974,0.4312907321419322,0.41702668760622374,0.5155738691247334,0.12372296101689605,0.3863620984880103,0.4018724772522045,0.27429159550449916,0.3815830694824424,0.42218273154017344,0.5618087286276796,0.4720865858615831,0.3066956436688651,0.5385174270991561,0.2589474397124287,0.4744005677517429,0.40698029806968916,0.322068512106928,0.08929739435316102,0.31025667965298365,0.2925499425285274,0.4026103526568466,-0.04208727080605039,-0.028999449399957997,0.5736231843408861,-0.16216215453225288,0.06363072740011169,-0.26157873894002165,-0.10397552791416328,-0.22721832172597184,-0.10870521683609732,-0.06318322344764757,0.08991912496608684,-0.015528117038542006
0.44604335369810194,0.3645751467936656,0.7001929614928407,0.7182640377001402,0.4209786364721163,0.46957373609809494,0.5144987745328876,0.4520549964008442,0.4346083676092239,0.356510612595215,0.46070455777275765,0.5713423774294325,0.44854196767530297,0.3716301176301215,0.2422623338085326,0.5261843715774617,0.43433185702657123,1.4631609631414904,0.3705527340972884,0.2598650479272511,0.5366652308539188,0.5397686834667806,0.4950648255909394,0.3429604772265918,0.5842853492305943,0.5185620115119484,0.24202895433080762,0.2410096962567825,0.5566100195930949,-0.4553429487245865,0.9593736435415988,0.4903490317528984,0.11577062157773231,0.5633686216149852,0.19164792070721562,0.6942068594114567,0.2083916505760424,0.2620226298031665,0.287838377262405,0.22636737340428922,0.4701410834268965,0.3706237361312272,0.12776998849314514,0.05684044749374148,0.07046555292942944,0.481787148402581,0.5247931739632595,-0.15749394457403743,-0.46097112213035657,0.186765456275188,0.3153615368136431,0.1697183852533438,-0.5859864574453301,-0.1541526318312249,-0.237815078494798,-0.0743829085824334,-0.03393111277242705,0.019854712795975026,-0.09536814048537644
0.4698985746415648,0.6693444266419911,0.8477861811720805,0.21941458728736293,0.15124191559296618,0.3788395163414839,0.37903100476787166,0.32041684549481064,0.4505276788409166,0.34977696805771513,0.1888268309411666,0.31734796365119605,0.472692222629039,0.35668782479518674,0.20759185819145953,0.5030775362664698,0.4719605360063882,0.3705527340972884,1.3938611765882234,0.055642386184036746,0.45496175748143564,0.49455058441941246,-0.038129335390691584,0.30381243063963775,0.8853881489900136,0.3010337661183417,0.3058639252334957,0.4696465922963697,0.5706640979970529,0.18478145866713164,0.413520658354871,0.4181454803528163,0.41294321636196796,0.22022059800798055,0.44769886954981336,0.4426464380531323,0.5361512301790212,0.16533681036850878,0.40903993972756125,0.09250715371741658,0.3857241088718341,0.34352883879871277,0.26786807981998634,0.06652678339746407,0.19523268582765702,0.3574961329055514,0.3457390156757709,-0.05443087235266453,0.03991115554972802,0.4410261457354986,-0.19694029149479925,0.1240308914656309,-0.3078610664015054,-0.1607583919688705,0.0018349654718766962,-0.07802685303082213,0.062165637096485406,-0.0287306864996775,0.02335010009947864
0.36691871945811816,1.0649877369777665,0.4373277667283353,0.44575220126066617,0.35278479429907084,0.4565007982062856,0.36220283977124806,0.3633642595092327,0.23863929391735317,0.1610131443382989,0.49319959986835027,0.4109643552040322,0.42487421949756937,0.4178210666058384,0.5068656368362171,0.2685752669488067,0.4399732096506617,0.2598650479272511,0.055642386184036746,1.4253978521666026,0.29548538506537586,0.226196902947305,0.06683192252583894,0.2660831571035596,-0.015846341010607376,0.33313505680149225,0.4912748159278793,0.17765262694030629,0.5452841828115004,0.6684845539989449,0.4556288330838198,0.4009245587431123,0.08767262177917143,0.5021150913980469,0.36876171794179974,0.4052156941631232,0.7989145484101156,0.662808214282059,0.6157293449227337,0.37440959595420265,0.637326717212748,0.4656604489973674,0.5319931683697549,0.08662057023296348,0.45640843512847146,0.4153839883477892,0.5517186029945882,0.10082197391560498,0.5190423775523813,0.13452615458581255,-0.457451881651885,-0.09331569355614011,0.18686812118868654,-0.03602291582942997,-0.07384045092035282,-0.04230684124069746,0.015938214892703625,0.09206297646966533,-0.05986683328119356
0.41660730166526666,0.7343482793626978,0.635989972416464,0.4341410155268105,0.29305316870511405,0.40221402407251466,0.3905886076856337,0.34398517089385094,0.3846091782338014,0.25437960528428866,0.35691655452778226,0.3974392133004056,0.3937473539997287,0.3919552554826122,0.32137518436233165,0.37782890459222634,0.42509666468265767,0.5366652308539188,0.45496175748143564,0.29548538506537586,0.6694808782547694,0.4007830429729275,0.16399415349793306,0.30414798418414446,0.5365924014348605,0.46036807193523194,0.3168797051590579,0.35717508430678824,0.5632980595947878,0.08842121362222667,0.6472466682253611,0.45560765651155066,0.3051036778760655,0.2812590466277247,0.3340267895360297,0.6269883004870163,0.33544581868654255,0.22426156596219274,0.35698247147154766,0.2399529630796429,0.5202104392218185,0.4514281009035001,0.210021382419107,0.0696087359068959,0.2133656723367483,0.37368495778108757,0.41075391695644903,-0.06241990674326832,-0.18426893091154384,0.18340405713687738,-0.03655792307729961,0.09099726775182321,-0.17982304508714833,-0.10122332369476786,-0.09236581125061284,-0.09177981527386674,-0.02106695021938978,-0.016697314278250875,0.09470172534810183
0.4157941866909971,0.5114704070412304,0.6907081042252597,0.43002908179648885,0.32008092543614397,0.37446265861992306,0.4666507881494566,0.3212212191917099,0.5897434118143164,0.30743688531626623,0.3320241394588324,0.4138666502578848,0.45876068110059887,0.38008864849309026,0.14024272745336006,0.6230127724894831,0.39296721474100116,0.5397686834667806,0.49455058441941246,0.226196902947305,0.4007830429729275,0.7515647572098728,0.34864408317195605,0.34254008999037233,0.20409326245528453,0.3587895824510367,0.3450715269030729,0.2660305986394677,0.4773835261668703,0.007169605942078802,0.3955094246967151,0.45333313453119617,0.207609217220603,0.38256161208440453,0.3081051865425837,0.5540366226860459,0.3802880898287591,0.21766095189086035,0.4176494021816596,0.1794975876744445,0.3812958789362642,0.3649053845792011,0.23451053901134558,0.08325498014121915,-0.04661239689924059,0.4186647061283347,0.34730065053954884,-0.12356177356707518,0.3334035071933975,0.15041571405363874,-0.14345506203417166,0.09669211108543223,-0.150856721114474,-0.14160625125277645,-0.020856106310096385,-0.003956014666737109,0.0009128214043447056,-0.09386955799505618,-0.047523241589184716
0.1327486845696674,-0.7651905214483781,0.3672286303708218,0.43183526282591705,0.23537699939833284,0.21900186221093365,0.29240050293465886,0.21142559181526144,0.29858393779366343,0.27356761715044176,0.1963138447912122,0.2573949892287128,0.12742912863004266,0.19664387907357223,0.16100279318488045,0.31087023792208707,0.1594241916722738,0.4950648255909394,-0.038129335390691584,0.06683192252583894,0.16399415349793306,0.34864408317195605,1.4874082706978335,0.3968863329751136,0.21259036210528798,0.09788435465454799,0.09850517841741945,-0.17173250091727071,0.48154275378514677,0.02595256089485131,-0.2598653774773414,0.17561146756632784,0.05603363039715863,0.3790367889754164,-0.25548848401846547,0.5796768997543508,0.3386569526224404,0.08118752702353775,0.3645387830141158,0.18357317188585168,0.1815984474867684,0.16635644281676423,0.12855784438193368,0.08822020036850606,-0.11329447395782391,0.43756219991946116,0.3158819821825072,-0.11421721687490097,0.00449037899418509,0.11270410930641481,0.2064512421733283,0.09509566801500585,-0.030194203351195336,-0.13280373587273264,-0.01542448783838462,0.02437564257269982,-0.05736734104750503,-0.14805955453882583,0.0026140552339988916
0.21072652112089535,0.2707903508145496,0.48302439364473454,0.4018624321428586,0.21643326183691838,0.42836660826672085,0.32692163901486715,0.28102288931414354,0.34786035469075266,0.25601889216427237,0.2921072557494267,0.30139105197011745,0.3536315580951465,0.34453747259896383,0.23916619717364734,0.3243075920672343,0.2982102071583039,0.3429604772265918,0.30381243063963775,0.2660831571035596,0.30414798418414446,0.34254008999037233,0.3968863329751136,1.0222651616436316,0.5269287226217036,0.21470865916323673,0.23501992510181977,0.1561465139904853,0.4503943299599927,0.16331459607030635,0.5267179905945698,0.3678021189425573,0.11857666335252717,0.22378387949669176,0.19200063723744812,0.4866818661290009,0.19065670515341565,0.16333793942911082,0.3162892111903934,0.13944655258023878,0.24668459675484466,0.2790431682747731,0.06331372499410344,0.06627832092468108,-0.014105363022554605,0.28551620350063345,0.3097240614500464,-0.06378909804362237,0.13674128692907989,0.03893300502959118,-0.1228638780048974,0.17804697292020524,0.005990028770350863,-0.10501602889733805,0.19614718070630935,-0.004712084086788588,0.2646388184182723,-0.5643967138550489,0.26378641361075084
0.47434953617660564,0.17179055176877409,0.7749600050199503,0.41706937191038773,0.043665519869140274,0.7738762145968523,0.3492473181942317,0.40395339985427764,0.17151514320685454,0.3256757385110963,0.2614663026400008,0.39216670469665277,0.5017893866821659,0.43311859230539973,0.36176416174013976,0.29106266984281987,0.5825093703029957,0.5842853492305943,0.8853881489900136,-0.015846341010607376,0.5365924014348605,0.20409326245528453,0.21259036210528798,0.5269287226217036,4.167807615684714,0.3710065780472583,0.27712782315952744,0.21620941486930653,1.5156971974743,-0.23553887481549435,0.7677512288854327,0.5280868314904137,0.13923832828248953,0.5528816300256838,0.33893069349474175,0.6700702263805789,0.07003622045968956,0.25184730818506873,0.2685968404126946,0.25101809390750923,0.4254634898575501,0.35814683526542346,0.3128207616873939,0.04484435022851014,0.8431372737723882,0.7730162160241851,0.30174266734158195,-0.16896139596536472,-1.779994336672406,-1.1512077332917179,1.3599168166943079,0.3321030133892495,0.07051290941900222,-0.287835156351415,-0.1096364396844891,-0.26492011728488607,0.1472271777408392,-0.06881610915979308,0.15768064887412503
0.44538094628189706,0.6522724539359781,0.6551745958648904,0.4649196528895845,0.3638223283852479,0.5309663525839899,0.4131590980402435,0.45938798280400966,0.43135534769267886,0.23069812888273025,0.4116564320641314,0.451191509068151,0.3983759759692271,0.41873024186639185,0.2557379831572217,0.27970590727715705,0.35344961427600974,0.5185620115119484,0.3010337661183417,0.33313505680149225,0.46036807193523194,0.3587895824510367,0.09788435465454799,0.21470865916323673,0.3710065780472583,1.4458209223002165,0.2845550993061776,0.2618728213885208,0.1269587602056571,-0.3238533247142631,0.5823999304155908,0.5217385887387122,0.2265927866267736,0.41369167255730993,0.14784944119760018,0.3700614276277432,0.020129373882455063,0.2385887860792512,-0.2717236056509568,0.14915237665113207,0.21807002739253895,0.3907667872836747,0.17978092825950417,0.00047340385773805057,-0.038450407979156304,0.3697612476062019,0.14020212742403063,-0.019607043139845935,-0.038883390768729736,0.02304146130865805,0.008495764651492568,0.26154105167393665,-0.3079058221412972,-0.09955586953472471,-0.14415217301560268,-0.07494390283568349,-0.06479451514423677,0.20711513247116478,-0.14198235726247227
0.3641631123639121,0.724422005664644,0.5161075603932577,0.3741688439027368,0.2763327582967094,0.3747521056270989,0.34635582540173937,0.3192864066657957,0.3090972293888416,0.22462071505151424,0.335467530006811,0.3890446384894252,0.4112113285436665,0.36263189969043225,0.2989680095489519,0.40749249940459653,0.4312907321419322,0.24202895433080762,0.3058639252334957,0.4912748159278793,0.3168797051590579,0.3450715269030729,0.09850517841741945,0.23501992510181977,0.27712782315952744,0.2845550993061776,0.7521559924391777,0.3052856321654487,0.32718831359886025,0.2012429618904647,0.29595738027790136,0.4343760096816326,0.2557192807634529,0.3167533596972735,0.34604853261568935,0.47922717680260213,0.4033416385756968,0.2756404824249352,0.41083213449275885,0.21332167074876598,0.4132089031567236,0.35802571006731737,0.3594505078970914,0.07568074735450703,0.15539815152176994,0.29324977929871554,0.2969925899888412,-0.011355902021547038,0.27611769569815164,0.19156905193118082,-0.30917802064812355,0.0754095873575639,-0.0023483066416923348,-0.07636013033457363,-0.035932254261766126,-0.05434966227418709,0.08554552939638672,-0.04022275102109773,-0.0017004590057354155
0.2906275395352788,0.7471011385346421,0.4434655567619792,0.11419592590527076,0.1308385789309879,0.16745020417594003,0.21191348031767496,0.18285573314087208,0.2696681136263816,0.1969008542793006,0.14822760059614218,0.167166181058078,0.25305426223379723,0.22464639808980702,0.20378538516432496,0.3052512778685074,0.41702668760622374,0.2410096962567825,0.4696465922963697,0.17765262694030629,0.35717508430678824,0.2660305986394677,-0.17173250091727071,0.1561465139904853,0.21620941486930653,0.2618728213885208,0.3052856321654487,1.4461380897596727,-0.06572538645858725,-0.006122778092130123,0.35430738117775973,0.3608014195276386,0.6995556802192328,0.003886924495951566,1.1290063500219292,0.3680492567113471,0.4162899856222521,0.15800959229900752,0.23171043131691194,0.3131276588658434,0.4019895222724694,0.3381672110587015,0.3810126573506359,0.1222147365809938,0.36701032148465057,-0.05029655543482162,0.19429893977682042,0.03371677857152197,0.08852547025110055,0.46067427511316844,-0.24305424602745904,0.7492851351823283,-1.1219806354113546,0.0372457984060621,0.3121252344697803,-0.041877708569805806,0.23764417302629084,-0.2800573298330627,0.23394313842457579
0.4862837671257329,0.5244632534110086,0.844395725217621,0.457139772865601,0.24454326442234062,0.7692705856713817,0.3918852925567172,0.4295703988406193,0.38487843013794804,0.39920945740220354,0.4385710049681128,0.3953379594303993,0.6093835190866161,0.43421005203002094,0.4897577925784918,0.4948789563984706,0.5155738691247334,0.5566100195930949,0.5706640979970529,0.5452841828115004,0.5632980595947878,0.4773835261668703,0.48154275378514677,0.4503943299599927,1.5156971974743,0.1269587602056571,0.32718831359886025,-0.06572538645858725,3.666103455615449,0.5062423749336765,0.12697688780709718,0.3808337335638406,0.12613321979579814,0.36253619223161826,0.06769377149223561,0.7245915893380175,0.8690844436429227,0.2780534272841898,0.614718995631863,0.31556331155706757,1.1165571596866974,0.46091933358286596,0.42708074603412216,-0.012376191301416702,0.521177845032887,1.1307601035695904,0.6722040761961249,-0.07816107145677977,0.18174528402298118,-0.2664180285758796,0.4662588382779538,-0.3977519786191961,0.3618493202800327,-0.1010604735600945,-0.20484392813719826,-0.1471917953731708,-0.3085638074965339,0.1708843868187068,0.17267229143113
0.045209895441097984,0.5777734691325848,-0.26795508003157625,-0.07280732627575484,0.0810414760653148,-0.09164933341593068,-0.014434057696504297,-0.08536233826263506,-0.050433039026319036,0.12431115684668538,0.03918386794746272,-0.0476259330259073,0.12180600904554671,0.10762701284891703,0.3394418945820339,0.08839355133059565,0.12372296101689605,-0.4553429487245865,0.18478145866713164,0.6684845539989449,0.08842121362222667,0.007169605942078802,0.02595256089485131,0.16331459607030635,-0.23553887481549435,-0.3238533247142631,0.2012429618904647,-0.006122778092130123,0.5062423749336765,3.8751506885801943,-0.10183714992053193,-0.06988149811977144,0.5326339718838944,-0.07953570431735094,0.034240864594951535,0.11655374356473615,1.8071259796939922,0.3687284276222659,0.9028901608334003,0.11352090937511437,0.7151202490032499,0.24414689388569363,0.7656295062002808,0.12789317177768392,0.8307874255562088,0.19157128832271517,1.490567788686713,0.17399474467960388,1.057811540050344,0.2637505283965898,-0.7638614954947287,-0.7349822090032896,0.9079445891319563,0.05178596232725259,0.17600033489689035,-0.08037722408341987,-0.14055809197614957,0.44858032471388604,-0.24227922777657615
0.521950956059372,0.9937672887946302,0.5462589972589919,0.5112808925741074,0.3825674047556746,0.5309553015619051,0.43019152959652357,0.3526121633043935,0.3547254837917231,0.2271457232036838,0.49325272277169496,0.47910695408251786,0.4609389927778933,0.44553399775558733,0.360861595638486,0.366492589971932,0.3863620984880103,0.9593736435415988,0.413520658354871,0.4556288330838198,0.6472466682253611,0.3955094246967151,-0.2598653774773414,0.5267179905945698,0.7677512288854327,0.5823999304155908,0.29595738027790136,0.35430738117775973,0.12697688780709718,-0.10183714992053193,2.9834253490874634,0.548994402554057,0.01343789080576885,0.16253776424051303,0.33242282926584565,0.7213935104302737,-0.19243869350792578,0.24966251018994354,0.0691796609595918,0.15400861547684655,0.5590962862497002,0.428387233511826,-0.10805719948853658,0.04012631044055989,0.14772591318369493,0.27267900685662805,0.5180716969581999,-0.11329274064787184,-0.652066923837898,-0.06776994275092901,0.010093638396198763,0.2534800446053696,-0.4087148068198051,-0.029969522532058895,-0.013267854867153915,-0.030599972072846794,0.429865210342871,-0.3325332967808935,-0.07522678673719947
0.5601128866927804,0.8018670237226677,0.6988260446629656,0.4945454745818038,0.32778062612116143,0.5260016968156315,0.4167016760315055,0.4251564201106042,0.40718201128296116,0.295345059275784,0.4081499215012451,0.46896821193309174,0.48896026216545385,0.5754924280426557,0.36035187967692495,0.4498710056277178,0.4018724772522045,0.4903490317528984,0.4181454803528163,0.4009245587431123,0.45560765651155066,0.45333313453119617,0.17561146756632784,0.3678021189425573,0.5280868314904137,0.5217385887387122,0.4343760096816326,0.3608014195276386,0.3808337335638406,-0.06988149811977144,0.548994402554057,0.954376787959093,0.14389356655946017,0.2697868242049873,0.34640950203278886,0.6302916520966986,0.1515978285171286,0.24655381024852843,0.30884672512112754,0.25132655358334544,0.4490452691938528,0.42549484711116725,0.030548499504345187,0.06255665884021457,0.17558070135596876,0.46481856826434814,0.32217769326421286,-0.07126284138257274,-0.04901626162954799,0.17035667128080448,-0.008430406056577798,0.18158859888914514,-0.3433918443999868,-0.06025751647478167,0.028820309470097446,-0.1684418276782099,0.7157170264966868,-0.38100962461648286,-0.057887795575101965
0.18582761503381193,0.5055908654066601,0.34898539851434257,0.20244817834632484,0.11623010963046,-0.05989782055555682,0.16601310321531554,0.15303938558759808,0.23644479650051603,0.17341872129872848,0.06166645874631284,0.08224245636931428,0.14223377071925955,0.16610409427926004,0.16136340350099806,0.1854702800025122,0.27429159550449916,0.11577062157773231,0.41294321636196796,0.08767262177917143,0.3051036778760655,0.207609217220603,0.05603363039715863,0.11857666335252717,0.13923832828248953,0.2265927866267736,0.2557192807634529,0.6995556802192328,0.12613321979579814,0.5326339718838944,0.01343789080576885,0.14389356655946017,1.6215563981299839,-0.03392693303170602,-0.15692785909593507,0.10055040648843545,0.8618601006426648,0.1208432966821004,0.1778780123450345,-0.01643467733767602,-0.08082334808803938,0.2675742833939534,0.3553384817260022,0.12264098981246416,0.1446515641273228,0.012848803004099381,0.4380671274448976,0.061889523853749594,0.2877654916186125,0.36542688615239954,-0.28367351305142174,0.28514065275169487,-0.14956345980678004,-0.20000626435147745,0.13542056253159987,-0.133655422376438,-0.103771974025692,0.04516626371753995,0.2384164792901033
-0.13065168080347656,0.24995253748277693,0.43405608995809647,0.5898481725194474,0.35171367831830963,0.43440039328859176,0.39275771989362146,0.38488002092830526,0.3076375727525772,0.2504538012094427,0.34237328442703413,0.41289362221232473,0.4061214890948393,0.2676856972074035,0.17023453784334971,0.3718194537280865,0.3815830694824424,0.5633686216149852,0.22022059800798055,0.5021150913980469,0.2812590466277247,0.38256161208440453,0.3790367889754164,0.22378387949669176,0.5528816300256838,0.41369167255730993,0.3167533596972735,0.003886924495951566,0.36253619223161826,-0.07953570431735094,0.16253776424051303,0.2697868242049873,-0.03392693303170602,2.094884882517588,0.26028572733270056,0.28703921308117725,0.5017189615341466,0.3197142554973482,0.3221548567139046,0.0009417975261240281,0.23855072281709108,0.3143991641446264,0.5450741121671082,0.08189744584012995,-0.20016885931736372,0.45487184909126677,0.3176406076774083,0.015674866062028524,0.747467406536281,-0.29134973590068797,-0.05880390264128257,0.13169378502501936,0.17823538791066637,-0.19027595730522368,-0.2522356145092408,-0.004645271791990943,-0.3898742681941925,0.1118809836567133,0.16310954819453333
