3.2695275813870266,0.3249773811207208,1.0150118941252666,0.3887606638109338,0.4996931193369275,0.4492364823831177,0.42852940307097614,0.6579850403477185,0.3205953528525614,0.5259533795281901,0.373734131765494,0.3875657866572392,0.22317844636163234,0.38379831781580387,0.5209029133767835,0.36190574218572985,0.43910340647347446,0.3920059288052753,0.30297645755124075,0.21958034699523699,0.3408052999910954,0.3525616208412707,-0.0020081215387601835,-0.11854940450214581,0.2234662332431652,0.6614263551206946,0.3011109684950401,-0.37309184210787477,-0.16418175583294212,0.4626809376860033,0.31112713968619976,0.24978376283445863,0.06555492286928512,-0.35595068055251344,0.19675956195622643,0.28917698489571614,0.10804581377435403,0.6892431986029669,0.3032690804669598,0.45607691973131176,0.5745985494805556,0.08786181034408982,0.4070969469875808,0.749831858128237,0.11518375243360039,0.5840075852104157,0.4220627712629816,0.07545882382059485,0.346142213930131
0.3249773811207208,2.650473977837764,0.2835718023021775,-0.18889503958763354,0.014043303808022878,0.4009960246485809,-0.00674579975677563,0.3344192726205903,0.130318168943542,0.13342196202418546,0.10590230770551051,0.07125127950158343,0.045251137391310585,0.029712765553241583,0.102854547959753,0.0563155066565839,0.05451731096611725,0.3133012929360851,0.008274248988187011,0.11223974645527061,0.28864804122037224,0.12149308277637784,-0.04377156773317411,0.036884936430038505,0.31753567257388904,0.012895091157655648,0.21187037257935468,0.17935149525346686,0.534833232214936,0.10467543946329665,0.1959244048264426,0.04882363945768306,0.21433780036236336,0.1451309280761316,0.18844428298092483,0.06967411544651901,0.5466563374525797,0.16001542019126913,0.30289828079117503,0.11703427038037234,0.038472233547502704,0.127773017837477,0.2467458150295586,-0.032576213619546907,0.3851731529858312,0.20557340131357024,0.2268493138306638,0.017385629996450012,0.0777661360292754
1.0150118941252666,0.2835718023021775,2.9419801473975564,0.3462305177811275,-0.1979178805310661,0.557312697931689,0.41058164782996603,0.5990782442897333,0.5713482227232484,0.7149975283801792,0.4643730439007647,0.4200085889816481,0.28093847624412116,0.5027728404963799,0.6712857196423146,0.40287100546451116,0.5408028637455204,0.5348592820563508,0.2163946315803002,0.4772823298346633,0.4549251495696793,0.496146519326303,0.41914548361663534,0.39987381895883656,0.4151998808464093,0.5680245490417705,0.391868020639623,0.5859249985404811,0.4807102214042388,0.4991329686065856,0.40007372646847594,0.43734532140580135,0.3569266457651798,0.4147763335618581,0.6174566017648628,0.35157897261997917,0.3382555459885906,0.35177544010706313,0.4892891250104768,0.4913875856994134,0.533629838273075,0.34165165748393506,0.5751628530485957,0.2743017496510607,0.4269406180559227,0.6291507868760633,0.5495742963926357,0.06502263717059846,0.7024920719513268
0.3887606638109338,-0.18889503958763354,0.3462305177811275,1.2759539869727927,0.3711082618073376,0.33884985220935276,0.2596980862482255,0.28665270324078895,0.161961997843353,0.24739613751873668,0.26697589952252226,0.3372765286412409,0.17266644445925683,0.2887299539019188,0.267641360399752,0.3121575489454769,0.270174765459208,0.20786329328608003,0.21153697299210367,0.19489667376359446,0.18921466176629595,0.25116874627923685,0.17469739042453158,0.18664000924677798,0.20038214586217956,0.2945409650324994,0.17595322989008524,0.10267823974080925,0.14316483795568927,0.15221842888222292,0.1935841839234583,0.27353351144355054,0.10196924529557096,0.23052714693334667,-0.12271324649136338,0.2228818421721427,0.1089712743051892,0.2894434805952356,0.1832485409020943,0.10042845513582667,0.2466340534984203,0.08149892891653861,0.20395824369294266,0.49586886508121764,-0.14238124679134434,0.30779491179805346,0.17632814046914191,0.019005818697886562,0.15465538154714636
0.4996931193369275,0.014043303808022878,-0.1979178805310661,0.3711082618073376,1.0982152054674441,0.20712001813980066,0.3183933268135021,0.28024061254748855,0.10432579551327312,0.23559593231584755,0.22822964806553023,0.31822729018914464,0.17441731078705228,0.26094103469291835,0.2820305908227796,0.295654305352025,0.22045563124525439,0.1936992260935256,0.39008128265012404,0.21044202030396542,0.15263278941967112,0.20684121509542852,0.12989777293409482,0.1410003013125421,0.12228028346619087,0.30433678259927077,0.17535390558084568,-0.0015041706799057593,0.12230421330955632,0.0994134443682368,0.1967982562151809,0.24068929905956563,0.05781319140373472,0.17891842778138498,-0.12472754354690159,0.22682377740095008,0.11347035167438127,0.29593895363448586,0.09578280916317955,0.07042210385223745,0.25089161669805815,0.11919385956755334,0.10336399605114972,0.2529079643020147,-0.10951530155959859,0.2907728218236738,0.14577696544050747,0.015585408846202449,0.14907170207345202
0.4492364823831177,0.4009960246485809,0.557312697931689,0.33884985220935276,0.20712001813980066,0.8437864277870658,0.07642433380868212,0.5995081722657813,0.28083964266867456,0.23545664154443244,0.3117717881645582,0.2859328207848329,0.18541929347363414,0.2960822518125973,0.29180087899231305,0.27227251467976316,0.3292476728797443,0.2754846344033148,0.3490620822326802,0.39602529183647217,0.28920213564064845,0.30531284703148714,0.23749844062663975,0.2527668627147451,0.3187148376606929,0.2889547359145955,0.2567249531395324,0.29112255362863154,0.43421077424121,0.23440133941686694,0.2284737241292749,0.29138855834783955,0.13871327969167807,0.34160229195599745,0.19912752605725603,0.20004792179257705,0.26123975068186495,0.3173856105413723,0.3792440530581,0.2662433956603141,0.15959501925698044,0.16121430388292346,0.3523089167935318,0.30386076059511585,0.2587408453320245,0.3395602206383812,0.28783834812388787,0.017995281314143016,0.28917425368946276
0.42852940307097614,-0.00674579975677563,0.41058164782996603,0.2596980862482255,0.3183933268135021,0.07642433380868212,0.6843166186038302,0.1031326372478177,0.3375853400415748,0.2946425326528702,0.3044196161408245,0.4390878367004278,0.188653709611714,0.3329498606874958,0.31061670114753553,0.3118819768517826,0.3057532805508542,0.21427074006977945,0.15949272597088585,0.2420336039552842,0.2556328170794285,0.32248564592086987,0.1947550287393376,0.23801983982962777,0.22689970374789425,0.34203580846402437,0.23913751237509492,0.12171214063639298,0.21798248514846072,0.21057601127688122,0.2282820748149426,0.3125049805904051,0.1692741682587503,0.23829401278285958,0.17672801156975146,0.24246108194478777,0.11896383868512779,0.28859113848145934,0.23355550209665626,0.2098057133926269,0.3205404453136552,0.15215037874098183,0.222883557672115,0.21113014815461378,0.05225065917230127,0.355373788455305,0.21247039470750623,0.027113386728635513,0.4546102575627088
0.6579850403477185,0.3344192726205903,0.5990782442897333,0.28665270324078895,0.28024061254748855,0.5995081722657813,0.1031326372478177,0.9974264313157984,0.12966229626332304,0.4479612632050047,0.3065660346238669,0.1950364204766722,0.19892872351976917,0.3295320670895949,0.31580627380398196,0.2827005686559326,0.36852735644127643,0.3097743908112332,0.30358668330607896,0.3844663314927036,0.24174878109621295,0.2406103241189343,0.17473898439840238,0.20819857345542073,0.28998382977671033,0.32798868350316046,0.24865459257667222,0.2674790787390688,0.36290121171480694,0.2316567141982164,0.21191849545469063,0.26831505008632967,0.11928999571422072,0.29876744166907837,0.3076849248188622,0.15658851029398352,0.2731552785927516,0.2837294585659281,0.3959314758686561,0.27836016607439634,0.22075381071669084,0.1532143513030653,0.3432837230232315,0.20775462309266504,0.32590068737650485,0.31476593591468105,0.3043235172399681,0.03446527670789244,0.3229814220116574
0.3205953528525614,0.130318168943542,0.5713482227232484,0.161961997843353,0.10432579551327312,0.28083964266867456,0.3375853400415748,0.12966229626332304,0.7471243243800456,0.12791913127887747,0.24380138824269126,0.24286563749045648,0.15605439672287869,0.2890660116333978,0.21827033098381862,0.21938817710446096,0.26149516104034465,0.18498675265066863,0.1350972133873992,0.19192719282147658,0.2772236003509453,0.4432184004913524,0.16174258218624543,0.23572132166087714,0.14779382215462314,0.37156495030836506,0.19586487131221192,0.22389364585821825,0.19984723944539948,0.18392921950614372,0.28872454626492905,0.2940162541860262,0.19101812557658496,0.23961445463265432,0.200889055697931,0.1990460831933517,0.09426235570192121,0.2756316867691824,0.23329121785793341,0.1830220984198008,0.2270420838188739,0.163443365895398,0.21586501811788944,0.27618263922305913,-0.00445012256639644,0.33496554331234,0.1941236959133342,0.010195804014554177,0.5587859820588527
0.5259533795281901,0.13342196202418546,0.7149975283801792,0.24739613751873668,0.23559593231584755,0.23545664154443244,0.2946425326528702,0.4479612632050047,0.12791913127887747,0.9668343770397021,0.19286180695769964,0.20945530129545098,0.16658999774964958,0.3790963229450207,0.42057080866231766,0.29406418162076947,0.33029612008286835,0.40832035051943805,0.1859077585030882,0.272157576533541,0.2651398081949723,0.25182345360681546,0.15884459410705115,0.23487907526084106,0.278998167319582,0.3676504395279561,0.23738951389276022,0.20089142709423527,0.2656037184688195,0.33901179501424467,0.31217164512060136,0.2891215850397094,0.20406595936793687,0.2761808370562464,0.27907356387506416,0.23280876966643166,0.259216774668385,0.3122949755912108,0.23074113813368197,0.2469150753530457,0.39728251846372925,0.1728996674451443,0.3772787401220432,0.22753074406450724,0.2585859129974521,0.429436026961574,0.39797227973230853,0.05358335826721268,0.3607967478239663
0.373734131765494,0.10590230770551051,0.4643730439007647,0.26697589952252226,0.22822964806553023,0.3117717881645582,0.3044196161408245,0.3065660346238669,0.24380138824269126,0.19286180695769964,0.5417968771786635,0.3591068773562224,0.2487970446745108,0.27636418403824853,0.34811392068640945,0.2986579774882866,0.31707374186873366,0.25326769023113355,0.19409369586847994,0.3175095455636645,0.24337291420815946,0.27586711550039295,0.27794177985863716,0.23617902089210663,0.23533574779286315,0.3254530629901007,0.26721501068307507,0.2713470274949666,0.3127094971246345,0.20393221999556393,0.1892868328362806,0.2852691038423054,0.13548897573091315,0.281995255109843,0.2696695165488966,0.20993238068296502,0.1613399437414016,0.23906224599799053,0.303152327231123,0.2583793833146553,0.2695491146453463,0.190930324715614,0.2519719891293793,0.1058045153462699,0.2018066995890165,0.327423059323315,0.24510569444158867,0.024295849007955683,0.33790761048719137
0.3875657866572392,0.07125127950158343,0.4200085889816481,0.3372765286412409,0.31822729018914464,0.2859328207848329,0.4390878367004278,0.1950364204766722,0.24286563749045648,0.20945530129545098,0.3591068773562224,0.7308064130938033,0.18798673527796045,0.28407412535190046,0.34925669348337846,0.3013298582856671,0.2845292864997407,0.19535354497214236,0.2205074777564985,0.30830159124059875,0.23152634879784384,0.26754234022138046,0.28282234170135173,0.23529079987739634,0.28923061506181846,0.30126032684865683,0.30207315847403493,0.14032805064560022,0.31081835659390356,0.23091895088947895,0.11701870767309636,0.31225275866348445,0.10594320509428105,0.279054392278602,0.24661194976823547,0.25777175581834244,0.11410145591531196,0.2557471959595811,0.3241632103340442,0.27301674625623923,0.3000919105581067,0.15666492980485755,0.24494952753998034,0.15770043793533733,0.15335771075030125,0.3418938056039579,0.23218558574756434,0.025593567277409784,0.39727481491373995
0.22317844636163234,0.045251137391310585,0.28093847624412116,0.17266644445925683,0.17441731078705228,0.18541929347363414,0.188653709611714,0.19892872351976917,0.15605439672287869,0.16658999774964958,0.2487970446745108,0.18798673527796045,0.4236147237363612,0.2314782114102924,0.12259220694970517,0.24953388706643267,0.20293136476553056,0.1702138982411305,0.15832784790174928,0.14000379892810555,0.16825506915326646,0.2279068316962103,0.20869070432216547,0.18413569625704806,0.1711670364600337,0.2089153550422969,0.206144712988997,0.20906996299819933,0.20245121482735978,0.1570110321246975,0.11659187734008057,0.22572157326325984,0.11681763773238983,0.1849046367497798,0.19007779355904877,0.15003798862216622,0.08200686222712503,0.15671582839625323,0.1935846360358627,0.16738760697390018,0.1861283235004247,0.1233031251641537,0.17021130133127252,0.1178865861525436,0.0694417833290114,0.2279258781256185,0.17159393869297374,0.01312216250919568,0.2838970563946117
0.38379831781580387,0.029712765553241583,0.5027728404963799,0.2887299539019188,0.26094103469291835,0.2960822518125973,0.3329498606874958,0.3295320670895949,0.2890660116333978,0.3790963229450207,0.27636418403824853,0.28407412535190046,0.2314782114102924,0.7424082411720143,0.3721967924590437,0.4882666302120111,0.38119691174326864,0.37504237793548184,0.2216799796255409,0.1963405909567641,0.302735074314597,0.4098676694808868,0.2759509259404632,0.3020283239525783,0.22705595113427465,0.5839205893213567,0.20889951085517694,0.27592967408074454,0.24271018996077717,0.26836070820341995,0.32539025849972963,0.49288276116197177,0.19732458752841212,0.3258535092180102,0.3100932576553926,0.29064321952691485,0.07477331072801535,0.3632107336630407,0.09376799338309276,0.21373971330825958,0.4468053953925592,0.21545921402920204,0.32392412592481684,0.32092929639037665,0.026768635373527194,0.4813599345651594,0.34187924909338036,0.04245917068912311,0.574855661186563
0.5209029133767835,0.102854547959753,0.6712857196423146,0.267641360399752,0.2820305908227796,0.29180087899231305,0.31061670114753553,0.31580627380398196,0.21827033098381862,0.42057080866231766,0.34811392068640945,0.34925669348337846,0.12259220694970517,0.3721967924590437,1.312066601951145,0.3515138296031554,0.5078727853475181,0.48774633137515105,0.2531871618230474,0.3608318950599587,0.30801401731184086,0.26241915252959586,0.2911610186982563,0.30239897963628193,0.435334859782157,0.5285993639407742,0.26699879756643197,0.32819562400561386,0.36536890944375394,0.4214555561038347,0.32978691866204113,0.3415337917677408,0.18662101755423932,0.40591024712333357,0.3509275800581792,0.3489352134794651,0.3009462086956266,0.2938002435664126,0.19418257325697613,0.24172767597390638,0.6071027610121502,0.3173323078137608,0.39602562080761167,0.18494443158825905,0.1928570012483561,0.6003774982455504,0.45954456835709256,0.07317755715158458,0.3246968971375995
0.36190574218572985,0.0563155066565839,0.40287100546451116,0.3121575489454769,0.295654305352025,0.27227251467976316,0.3118819768517826,0.2827005686559326,0.21938817710446096,0.29406418162076947,0.2986579774882866,0.3013298582856671,0.24953388706643267,0.4882666302120111,0.3515138296031554,0.7632655946196226,0.41914457087529244,0.31683976990389223,0.2224591954810313,0.1828083980659104,0.27141928347327876,0.4639971768139968,0.25005426523242,0.2635139233554754,0.23264185749087504,0.43673283027771853,0.2704931765168228,0.3269903183088759,0.2401986858722266,0.2947017109755139,0.2728140316343519,0.4139873589059813,0.15469351576287543,0.3087363629344111,0.3677131925693252,0.28695306005735144,0.12511032506298675,0.3315777264066041,0.1936760499355793,0.23106752841420775,0.4078457015634417,0.23553503977707713,0.30679134387868107,0.3599481586634099,0.0009816280501105073,0.4500551950411674,0.3153561544141967,0.022535950390657197,0.4585926798519505
0.43910340647347446,0.05451731096611725,0.5408028637455204,0.270174765459208,0.22045563124525439,0.3292476728797443,0.3057532805508542,0.36852735644127643,0.26149516104034465,0.33029612008286835,0.31707374186873366,0.2845292864997407,0.20293136476553056,0.38119691174326864,0.5078727853475181,0.41914457087529244,0.9838032800060307,0.3255766060628209,0.2178612381198465,0.3586055078718121,0.32501816382785753,0.35210844473661723,0.2324046331836492,0.267233640957383,0.4371296562189651,0.3713502406787931,0.2883825388191689,0.2798764852220483,0.394100802733977,0.2693401124368557,0.2922621314156663,0.3417690884680155,0.15920723232014425,0.3708677750247587,0.31816205412611953,0.25547820114870584,0.35358088386972153,0.4012697307685945,0.38000325805927004,0.2536061082202471,0.36058803955092533,0.21116366293426742,0.3800315126780671,0.2558006931560598,0.2845239843681095,0.44688699622112255,0.32164249827184765,0.03652623285892201,0.38385523642105607
0.3920059288052753,0.3133012929360851,0.5348592820563508,0.20786329328608003,0.1936992260935256,0.2754846344033148,0.21427074006977945,0.3097743908112332,0.18498675265066863,0.40832035051943805,0.25326769023113355,0.19535354497214236,0.1702138982411305,0.37504237793548184,0.48774633137515105,0.31683976990389223,0.3255766060628209,0.9511412243456941,0.16120754644867644,-0.0020647834092123655,0.3064033001256224,0.3080036414626143,0.5534340474962187,0.2877796171197585,0.23367382179322962,0.6157328875863607,0.13227068955092566,0.424495170162821,0.27241100813480135,0.15582780937982202,0.40713161747861776,0.2990479218794921,0.37212009722105954,0.282036696730282,0.29510727121780633,0.21939526079089658,0.1788976061490872,0.20257191412810827,-0.019096379259415052,0.23762597868430205,0.38834772221962904,0.1910104239574855,0.3993270382674989,0.11583543359252602,0.20246462701741658,0.5002117526559878,0.5331591131107782,0.04491345810698742,0.2882055517323042
0.30297645755124075,0.008274248988187011,0.2163946315803002,0.21153697299210367,0.39008128265012404,0.3490620822326802,0.15949272597088585,0.30358668330607896,0.1350972133873992,0.1859077585030882,0.19409369586847994,0.2205074777564985,0.15832784790174928,0.2216799796255409,0.2531871618230474,0.2224591954810313,0.2178612381198465,0.16120754644867644,0.6854227789850317,0.28241792601992016,0.15805307937499474,0.19203815064275964,0.08905291041223304,0.14946336840833413,0.13462213490378236,0.21325340680957236,0.1565780782710123,0.18991623507721603,0.20335250755219558,0.14646635075677958,0.17418808827195176,0.2029267385696151,0.07545143996985264,0.1966576604506656,0.03906975121902207,0.20192698804790463,0.11676255654684481,0.24036687880678229,0.15169851511007648,0.10068213289688609,0.19921669773378006,0.1261659255090766,0.18061196140749214,0.1441469447478899,0.1421358801118466,0.2709170152936424,0.1669079970110936,0.008191457088858382,0.05643918397966908
0.21958034699523699,0.11223974645527061,0.4772823298346633,0.19489667376359446,0.21044202030396542,0.39602529183647217,0.2420336039552842,0.3844663314927036,0.19192719282147658,0.272157576533541,0.3175095455636645,0.30830159124059875,0.14000379892810555,0.1963405909567641,0.3608318950599587,0.1828083980659104,0.3586055078718121,-0.0020647834092123655,0.28241792601992016,1.6618903524924047,0.2184240333915562,0.09129853844360915,0.18289423041484584,0.2235916340509849,0.10176540374845129,0.27894040920075586,0.4418287039853965,0.4615730335082847,0.8316814410907412,0.34979450868067924,0.23343900092911468,0.26355999325741586,0.07821105750676154,0.4734651936726004,0.32773083399737035,0.17189575265293988,0.4694392332442226,0.4458043298942838,0.3977979986189255,0.6302870041868993,0.3712785361847536,0.1503733741004633,0.6418075587703997,-0.45388377544958025,1.3380629429528117,0.23901664663155692,0.2593301383440543,0.06758506460371748,0.5892739056100254
0.3408052999910954,0.28864804122037224,0.4549251495696793,0.18921466176629595,0.15263278941967112,0.28920213564064845,0.2556328170794285,0.24174878109621295,0.2772236003509453,0.2651398081949723,0.24337291420815946,0.23152634879784384,0.16825506915326646,0.302735074314597,0.30801401731184086,0.27141928347327876,0.32501816382785753,0.3064033001256224,0.15805307937499474,0.2184240333915562,0.5681643437586613,0.29316781901725314,0.11221989710686037,0.25779126555605075,0.33439167989671065,0.253661165661938,0.2004412932751071,0.2615386104559804,0.30252457607834454,0.3200356698791346,0.4324788397011703,0.2833773820021159,0.3488866004133203,0.2313490599981095,0.3118094410481677,0.2865038547299567,0.2868535928194606,0.35189141838572185,0.40092465915542735,0.2956775610995213,0.28268899935072717,0.22788207114338982,0.34748797974128365,0.33403287634427925,0.21003910256866545,0.4705492533659442,0.33334067883660223,0.0468592122731729,0.30577848078647707
0.3525616208412707,0.12149308277637784,0.496146519326303,0.25116874627923685,0.20684121509542852,0.30531284703148714,0.32248564592086987,0.2406103241189343,0.4432184004913524,0.25182345360681546,0.27586711550039295,0.26754234022138046,0.2279068316962103,0.4098676694808868,0.26241915252959586,0.4639971768139968,0.35210844473661723,0.3080036414626143,0.19203815064275964,0.09129853844360915,0.29316781901725314,0.7280689328504454,0.2798087366524178,0.26808994713428125,0.21491167419395457,0.3757759601000792,0.22274444995573858,0.2212367394753981,0.24063888722525095,0.2761916072424064,0.3202959954257692,0.3861363349819404,0.20416822364637383,0.29363908106266956,0.2920218249845607,0.2689139818359732,0.12580153056753113,0.37553773051670636,0.2613626957692918,0.19494998403408856,0.3036004065899224,0.22845758562221613,0.2650302664456797,0.46681249175307366,-0.12229761218207845,0.462556526660296,0.2966586492853131,-0.016085777462429274,0.616688905563823
-0.0020081215387601835,-0.04377156773317411,0.41914548361663534,0.17469739042453158,0.12989777293409482,0.23749844062663975,0.1947550287393376,0.17473898439840238,0.16174258218624543,0.15884459410705115,0.27794177985863716,0.28282234170135173,0.20869070432216547,0.2759509259404632,0.2911610186982563,0.25005426523242,0.2324046331836492,0.5534340474962187,0.08905291041223304,0.18289423041484584,0.11221989710686037,0.2798087366524178,2.2235364831766558,0.4624887400702982,0.3563562454338704,0.11443825120938599,0.28384916421738077,0.3259601017281758,0.5747310607992616,0.3714455631943408,-0.31941802013192394,0.22965559159878235,0.26886601928747317,0.4552962450354117,0.3940849283087914,0.10688602389721345,0.2546057683681082,-0.018555355381599112,0.3593475423686622,0.6804041119849071,0.2159079615829197,0.1745631335389665,0.36286539261023626,-0.12428134038805867,0.1551637531759125,0.27071733662321223,0.4622720555968004,0.03818142744507255,0.6594092498754772
-0.11854940450214581,0.036884936430038505,0.39987381895883656,0.18664000924677798,0.1410003013125421,0.2527668627147451,0.23801983982962777,0.20819857345542073,0.23572132166087714,0.23487907526084106,0.23617902089210663,0.23529079987739634,0.18413569625704806,0.3020283239525783,0.30239897963628193,0.2635139233554754,0.267233640957383,0.2877796171197585,0.14946336840833413,0.2235916340509849,0.25779126555605075,0.26808994713428125,0.4624887400702982,0.8235092462942659,0.44996258453086696,0.08876516277613174,0.20948889052274566,0.6348382455177781,0.27465203980996866,0.5753502565896801,0.26908328780134244,0.3012251571416353,0.6369963397633553,0.23012870717134623,0.4015176440638705,0.15207731768566385,0.3787011197466022,0.19424213459759052,0.4051289336881502,0.26944311453000647,0.16148902234137702,0.2723122907382274,0.34504888327834,0.22615831746794327,0.04586949170141398,0.4466843287250523,0.4499855705576735,0.07447109851202677,0.6096290310567928
0.2234662332431652,0.31753567257388904,0.4151998808464093,0.20038214586217956,0.12228028346619087,0.3187148376606929,0.22689970374789425,0.28998382977671033,0.14779382215462314,0.278998167319582,0.23533574779286315,0.28923061506181846,0.1711670364600337,0.22705595113427465,0.435334859782157,0.23264185749087504,0.4371296562189651,0.23367382179322962,0.13462213490378236,0.10176540374845129,0.33439167989671065,0.21491167419395457,0.3563562454338704,0.44996258453086696,2.849433134242374,-0.18513594068764738,0.3181529572203479,-0.6033546009928453,0.9549144365287034,1.0177581031994516,-0.010443382049910412,0.2688580844041486,-0.06526443511399788,0.7521881623706315,0.5274324401663567,0.4340225020784079,0.7079841248618434,0.6389855533161497,0.9434597331018729,0.14138277673320906,0.46316961448619137,0.26443976704790173,0.7391776573506207,0.8084437711827992,0.5455022908030853,0.8936032920518729,0.6192012921903473,0.058401050740244036,-0.33226975805806214
0.6614263551206946,0.012895091157655648,0.5680245490417705,0.2945409650324994,0.30433678259927077,0.2889547359145955,0.34203580846402437,0.32798868350316046,0.37156495030836506,0.3676504395279561,0.3254530629901007,0.30126032684865683,0.2089153550422969,0.5839205893213567,0.5285993639407742,0.43673283027771853,0.3713502406787931,0.6157328875863607,0.21325340680957236,0.27894040920075586,0.253661165661938,0.3757759601000792,0.11443825120938599,0.08876516277613174,-0.18513594068764738,2.038457839655572,0.26670046411286985,0.18037802763253177,-0.18656996721086558,0.008611173071419103,0.5231153174526082,0.5689819699405407,-0.13039602758430902,0.3392862624625996,0.3072720778557117,0.5005610029337954,-0.6366119105343722,0.4423760265779436,-1.0065859534371917,0.2190468438843385,1.0844116607731933,0.22654964691284557,0.4365363332151918,0.13418171237219081,0.10864927079767174,0.6132930874650319,0.29621573106299987,0.06405756731059606,0.390154623030392
0.3011109684950401,0.21187037257935468,0.391868020639623,0.17595322989008524,0.17535390558084568,0.2567249531395324,0.23913751237509492,0.24865459257667222,0.19586487131221192,0.23738951389276022,0.26721501068307507,0.30207315847403493,0.206144712988997,0.20889951085517694,0.26699879756643197,0.2704931765168228,0.2883825388191689,0.13227068955092566,0.1565780782710123,0.4418287039853965,0.2004412932751071,0.22274444995573858,0.28384916421738077,0.20948889052274566,0.3181529572203479,0.26670046411286985,0.7154150317437232,0.1967020413120517,0.3083329130271832,0.32800169999761436,0.10917947945417333,0.27069648143957076,0.08061931580442898,0.2861780851922593,0.3080156291320906,0.31430966632236124,0.23994598655928884,0.3188437217016612,0.2686276791475205,0.30015029571910495,0.3933353269906699,0.20914034876876963,0.4085103656808427,-0.08883921053602507,0.5500230234931551,0.3373864206128567,0.25449159655143805,0.02880631090020942,0.30646804360631397
-0.37309184210787477,0.17935149525346686,0.5859249985404811,0.10267823974080925,-0.0015041706799057593,0.29112255362863154,0.12171214063639298,0.2674790787390688,0.22389364585821825,0.20089142709423527,0.2713470274949666,0.14032805064560022,0.20906996299819933,0.27592967408074454,0.32819562400561386,0.3269903183088759,0.2798764852220483,0.424495170162821,0.18991623507721603,0.4615730335082847,0.2615386104559804,0.2212367394753981,0.3259601017281758,0.6348382455177781,-0.6033546009928453,0.18037802763253177,0.1967020413120517,5.2464532737742315,-0.1781182058724221,-0.005483986447437438,0.547831621606365,0.28830718637514186,1.5160339231792364,0.10872907753921875,0.5136943992299238,-0.06595902736829239,0.7157660786931226,-0.42807698084117934,0.1069596939223579,0.14540320238059581,0.19544540175445096,0.9805147232686467,-0.05013194170439748,-0.6788533142008482,-0.2779355269737442,0.17658021128940588,0.24496739644971313,0.15755273723894406,0.7935901743483542
-0.16418175583294212,0.534833232214936,0.4807102214042388,0.14316483795568927,0.12230421330955632,0.43421077424121,0.21798248514846072,0.36290121171480694,0.19984723944539948,0.2656037184688195,0.3127094971246345,0.31081835659390356,0.20245121482735978,0.24271018996077717,0.36536890944375394,0.2401986858722266,0.394100802733977,0.27241100813480135,0.20335250755219558,0.8316814410907412,0.30252457607834454,0.24063888722525095,0.5747310607992616,0.27465203980996866,0.9549144365287034,-0.18656996721086558,0.3083329130271832,-0.1781182058724221,3.295861441723857,-0.10231908829168418,-0.1520874939191287,0.317173593340492,-0.10544897801897596,0.950573749819996,0.3720665925445745,0.2747468802530593,-0.4440700401702383,-0.3296563358910938,0.5615984487728599,0.4173134429911893,0.23815281190315574,-0.1931252793515076,0.13329600906512365,-0.9535487120057179,0.750574569950237,0.29643152233982967,0.12732247198273922,-0.10696509171098798,0.6442475327824909
0.4626809376860033,0.10467543946329665,0.4991329686065856,0.15221842888222292,0.0994134443682368,0.23440133941686694,0.21057601127688122,0.2316567141982164,0.18392921950614372,0.33901179501424467,0.20393221999556393,0.23091895088947895,0.1570110321246975,0.26836070820341995,0.4214555561038347,0.2947017109755139,0.2693401124368557,0.15582780937982202,0.14646635075677958,0.34979450868067924,0.3200356698791346,0.2761916072424064,0.3714455631943408,0.5753502565896801,1.0177581031994516,0.008611173071419103,0.32800169999761436,-0.005483986447437438,-0.10231908829168418,3.3007981129328634,0.1496845385345315,0.21373343579840248,-0.03891066878547685,0.2386624937020708,0.8406850046812833,0.7263117913847097,0.9003914965699389,0.9590513562174381,0.9666842479763025,0.5907253209465586,1.3245428393096847,0.5303024605495982,1.2721797343649968,1.1216783445159426,0.9699250374494849,0.9660666189834703,1.6108194898472168,0.1980109995641161,0.6428533770285212
0.31112713968619976,0.1959244048264426,0.40007372646847594,0.1935841839234583,0.1967982562151809,0.2284737241292749,0.2282820748149426,0.21191849545469063,0.28872454626492905,0.31217164512060136,0.1892868328362806,0.11701870767309636,0.11659187734008057,0.32539025849972963,0.32978691866204113,0.2728140316343519,0.2922621314156663,0.40713161747861776,0.17418808827195176,0.23343900092911468,0.4324788397011703,0.3202959954257692,-0.31941802013192394,0.26908328780134244,-0.010443382049910412,0.5231153174526082,0.10917947945417333,0.547831621606365,-0.1520874939191287,0.1496845385345315,1.705812109097623,0.2649195836891913,0.5705967115969294,0.13839889353441862,0.12696818764644674,0.33356785598801786,0.182200304680234,0.5153988830454913,-0.09461250227628576,0.005415265522802556,0.25263680302763875,0.32159986309490407,0.3563777147222579,0.5075155215371975,0.17982279406907342,0.6544054404834674,0.29842329368605586,0.0556602188137862,-0.03905847818629458
0.24978376283445863,0.04882363945768306,0.43734532140580135,0.27353351144355054,0.24068929905956563,0.29138855834783955,0.3125049805904051,0.26831505008632967,0.2940162541860262,0.2891215850397094,0.2852691038423054,0.31225275866348445,0.22572157326325984,0.49288276116197177,0.3415337917677408,0.4139873589059813,0.3417690884680155,0.2990479218794921,0.2029267385696151,0.26355999325741586,0.2833773820021159,0.3861363349819404,0.22965559159878235,0.3012251571416353,0.2688580844041486,0.5689819699405407,0.27069648143957076,0.28830718637514186,0.317173593340492,0.21373343579840248,0.2649195836891913,0.696132444211908,0.11903215563296836,0.41277941129420725,0.24636444236681096,0.3359436047740797,-0.06397257594149507,0.3991526434826056,0.07082415285171557,0.16694517716386123,0.47057890686665665,0.20376444169950084,0.3108097817883956,0.24092286770507051,0.11861492779678366,0.48644408638523634,0.27415752493469775,0.02976574942133981,0.45970421676772855
0.06555492286928512,0.21433780036236336,0.3569266457651798,0.10196924529557096,0.05781319140373472,0.13871327969167807,0.1692741682587503,0.11928999571422072,0.19101812557658496,0.20406595936793687,0.13548897573091315,0.10594320509428105,0.11681763773238983,0.19732458752841212,0.18662101755423932,0.15469351576287543,0.15920723232014425,0.37212009722105954,0.07545143996985264,0.07821105750676154,0.3488866004133203,0.20416822364637383,0.26886601928747317,0.6369963397633553,-0.06526443511399788,-0.13039602758430902,0.08061931580442898,1.5160339231792364,-0.10544897801897596,-0.03891066878547685,0.5705967115969294,0.11903215563296836,2.321500244306703,-0.3467206534628802,0.09612486614318597,-0.3959805364018079,0.7072029834307924,-0.19764497276471607,0.36480639515878654,0.19263441679671905,-0.631713596836329,0.22520283115859505,0.0612071731777858,0.2021680148112148,-0.8936288578689393,0.3568690306532675,0.26542561832034456,0.15055545946441304,1.0581676598303733
-0.35595068055251344,0.1451309280761316,0.4147763335618581,0.23052714693334667,0.17891842778138498,0.34160229195599745,0.23829401278285958,0.29876744166907837,0.23961445463265432,0.2761808370562464,0.281995255109843,0.279054392278602,0.1849046367497798,0.3258535092180102,0.40591024712333357,0.3087363629344111,0.3708677750247587,0.282036696730282,0.1966576604506656,0.4734651936726004,0.2313490599981095,0.29363908106266956,0.4552962450354117,0.23012870717134623,0.7521881623706315,0.3392862624625996,0.2861780851922593,0.10872907753921875,0.950573749819996,0.2386624937020708,0.13839889353441862,0.41277941129420725,-0.3467206534628802,1.3914321302731762,0.39275147373034314,0.3752333913056115,0.3291870150457081,0.2061522629527053,0.21318469909109722,0.045304538708327145,0.5786635464138522,0.22993462301064158,0.5297673601208792,0.18123624963359958,0.4595222793835649,0.34509151738322996,0.27401267778459726,0.004870623138663084,0.09634713878561992
0.19675956195622643,0.18844428298092483,0.6174566017648628,-0.12271324649136338,-0.12472754354690159,0.19912752605725603,0.17672801156975146,0.3076849248188622,0.200889055697931,0.27907356387506416,0.2696695165488966,0.24661194976823547,0.19007779355904877,0.3100932576553926,0.3509275800581792,0.3677131925693252,0.31816205412611953,0.29510727121780633,0.03906975121902207,0.32773083399737035,0.3118094410481677,0.2920218249845607,0.3940849283087914,0.4015176440638705,0.5274324401663567,0.3072720778557117,0.3080156291320906,0.5136943992299238,0.3720665925445745,0.8406850046812833,0.12696818764644674,0.24636444236681096,0.09612486614318597,0.39275147373034314,2.543411040451758,0.03374890106856828,0.19909024401833578,0.08039226966869459,0.4724711936166485,0.8903742631164699,0.33492845956885486,0.5821939529483008,0.6985922388465443,-0.14642841765464254,1.010114647877265,0.43417646771561624,0.6289434761362442,0.10067527826126853,0.6256828435219388
0.28917698489571614,0.06967411544651901,0.35157897261997917,0.2228818421721427,0.22682377740095008,0.20004792179257705,0.24246108194478777,0.15658851029398352,0.1990460831933517,0.23280876966643166,0.20993238068296502,0.25777175581834244,0.15003798862216622,0.29064321952691485,0.3489352134794651,0.28695306005735144,0.25547820114870584,0.21939526079089658,0.20192698804790463,0.17189575265293988,0.2865038547299567,0.2689139818359732,0.10688602389721345,0.15207731768566385,0.4340225020784079,0.5005610029337954,0.31430966632236124,-0.06595902736829239,0.2747468802530593,0.7263117913847097,0.33356785598801786,0.3359436047740797,-0.3959805364018079,0.3752333913056115,0.03374890106856828,2.024224392161229,-0.16355316805783796,0.4466473240508818,-0.034503399121087276,0.07527762127222888,1.2709017096972426,0.2584679473351331,0.19435694912562584,0.09891192009140665,0.4800346171260245,1.064573734208104,0.39829906470768484,-0.1363513182099173,-0.9586459626688345
0.10804581377435403,0.5466563374525797,0.3382555459885906,0.1089712743051892,0.11347035167438127,0.26123975068186495,0.11896383868512779,0.2731552785927516,0.09426235570192121,0.259216774668385,0.1613399437414016,0.11410145591531196,0.08200686222712503,0.07477331072801535,0.3009462086956266,0.12511032506298675,0.35358088386972153,0.1788976061490872,0.11676255654684481,0.4694392332442226,0.2868535928194606,0.12580153056753113,0.2546057683681082,0.3787011197466022,0.7079841248618434,-0.6366119105343722,0.23994598655928884,0.7157660786931226,-0.4440700401702383,0.9003914965699389,0.182200304680234,-0.06397257594149507,0.7072029834307924,0.3291870150457081,0.19909024401833578,-0.16355316805783796,3.269371355707916,0.9131891634395557,1.0861802592679983,0.07244342949596083,-0.050471591880943655,0.6906971452171667,0.8674039526500701,0.6868553868741274,0.7843777360707729,0.2972416141083292,0.6086792819311999,0.20641853572607918,0.029829953392639254
0.6892431986029669,0.16001542019126913,0.35177544010706313,0.2894434805952356,0.29593895363448586,0.3173856105413723,0.28859113848145934,0.2837294585659281,0.2756316867691824,0.3122949755912108,0.23906224599799053,0.2557471959595811,0.15671582839625323,0.3632107336630407,0.2938002435664126,0.3315777264066041,0.4012697307685945,0.20257191412810827,0.24036687880678229,0.4458043298942838,0.35189141838572185,0.37553773051670636,-0.018555355381599112,0.19424213459759052,0.6389855533161497,0.4423760265779436,0.3188437217016612,-0.42807698084117934,-0.3296563358910938,0.9590513562174381,0.5153988830454913,0.3991526434826056,-0.19764497276471607,0.2061522629527053,0.08039226966869459,0.4466473240508818,0.9131891634395557,2.3363706719512884,0.2532441708086052,0.14934097201657212,0.6572445420897128,0.6377647920628681,1.084245188469202,0.9898933778098792,1.63955258617897,0.654826273952105,0.6096944887517988,0.1342964921225354,-0.4243726904434926
0.3032690804669598,0.30289828079117503,0.4892891250104768,0.1832485409020943,0.09578280916317955,0.3792440530581,0.23355550209665626,0.3959314758686561,0.23329121785793341,0.23074113813368197,0.303152327231123,0.3241632103340442,0.1935846360358627,0.09376799338309276,0.19418257325697613,0.1936760499355793,0.38000325805927004,-0.019096379259415052,0.15169851511007648,0.3977979986189255,0.40092465915542735,0.2613626957692918,0.3593475423686622,0.4051289336881502,0.9434597331018729,-1.0065859534371917,0.2686276791475205,0.1069596939223579,0.5615984487728599,0.9666842479763025,-0.09461250227628576,0.07082415285171557,0.36480639515878654,0.21318469909109722,0.4724711936166485,-0.034503399121087276,1.0861802592679983,0.2532441708086052,2.5418811250328184,0.5431048768059082,-0.3174666417618475,0.10078960827926375,0.3790030299582621,0.5604615115714476,0.6434903769698209,0.19197536051690725,0.5172088473074433,0.04759025716401303,0.8441721038464733
0.45607691973131176,0.11703427038037234,0.4913875856994134,0.10042845513582667,0.07042210385223745,0.2662433956603141,0.2098057133926269,0.27836016607439634,0.1830220984198008,0.2469150753530457,0.2583793833146553,0.27301674625623923,0.16738760697390018,0.21373971330825958,0.24172767597390638,0.23106752841420775,0.2536061082202471,0.23762597868430205,0.10068213289688609,0.6302870041868993,0.2956775610995213,0.19494998403408856,0.6804041119849071,0.26944311453000647,0.14138277673320906,0.2190468438843385,0.30015029571910495,0.14540320238059581,0.4173134429911893,0.5907253209465586,0.005415265522802556,0.16694517716386123,0.19263441679671905,0.045304538708327145,0.8903742631164699,0.07527762127222888,0.07244342949596083,0.14934097201657212,0.5431048768059082,1.9269690719516184,0.20999450616686705,-0.003419992670203894,0.4835629209368362,0.09113018565028497,0.2598019277121064,0.3656716062939972,0.46788609843229556,0.10570879622474261,1.0832004246591491
0.5745985494805556,0.038472233547502704,0.533629838273075,0.2466340534984203,0.25089161669805815,0.15959501925698044,0.3205404453136552,0.22075381071669084,0.2270420838188739,0.39728251846372925,0.2695491146453463,0.3000919105581067,0.1861283235004247,0.4468053953925592,0.6071027610121502,0.4078457015634417,0.36058803955092533,0.38834772221962904,0.19921669773378006,0.3712785361847536,0.28268899935072717,0.3036004065899224,0.2159079615829197,0.16148902234137702,0.46316961448619137,1.0844116607731933,0.3933353269906699,0.19544540175445096,0.23815281190315574,1.3245428393096847,0.25263680302763875,0.47057890686665665,-0.631713596836329,0.5786635464138522,0.33492845956885486,1.2709017096972426,-0.050471591880943655,0.6572445420897128,-0.3174666417618475,0.20999450616686705,3.52505985277541,0.34373753480203406,0.6338651997559371,0.4372266116135789,0.3420632291895509,1.3069492732366623,0.8756596631361148,0.23177533352462562,-0.012990419263056427
