3.2659977920692453,0.29273507926852144,1.0238036711123946,0.37847993933441854,0.46621497903725145,0.429558407551701,0.4220230640718478,0.580461458957444,0.33197863220455986,0.45456974516163035,0.3871518094330372,0.4197934967724854,0.22646474998660776,0.3828893707554838,0.5398007273229711,0.37554694329934674,0.4269533085870759,0.4329163180339346,0.2855348561170765,0.12207651668850943,0.367501132498498,0.3550224602531031,-0.035793502316631594,-0.1403578555754196,0.16387248930656984,0.6988513852720317,0.2986474695592818,-0.31949679614522114,-0.1600773930655411,0.27535059605247736,0.3210179228949612,0.26730205450252237,0.14858976421891934,-0.4006885044864886,0.14165622092158045,0.19424384656408164,-0.040993808949848026,0.5534761274465781,0.23875035640019046,0.4070221176668413,0.44878708856745775,0.02427276760244067,0.2785945336543792,0.6650522205062446,-0.14061354803984444,0.5386995659351185,0.3591903104916467,0.07223402126458273,0.5118547704460772
0.29273507926852144,2.621096066104169,0.2702760552334088,-0.21164264245213404,-0.01196364337571027,0.38453394701123034,-0.031092629461213977,0.2931453458792765,0.12114048898316085,0.08267767764500844,0.10291970132900048,0.09305252822810599,0.03878610463200742,0.021582299076557895,0.11362328416491345,0.05560138146303005,0.03722479490768406,0.32278952863774957,0.0011674812577169742,0.08875883276018295,0.26418037824602186,0.11747379392249266,-0.036095753201109713,0.051335006922444956,0.3121704638768237,0.03709460642049163,0.2090239235991138,0.22784821443794562,0.5400240408753608,0.09829753223162194,0.2012059554424597,0.05611112316948141,0.24842995907040646,0.12602097444607596,0.18028192800542497,0.05785062906140726,0.4760427549093409,0.11503289762655595,0.2649411511747092,0.09585699084422125,0.03976412170248314,0.12163321129261408,0.21968287439253678,-0.057122998214615334,0.3620365276741452,0.20700544618936292,0.22837295986372033,0.01588774075105621,0.08866897966524533
1.0238036711123946,0.2702760552334088,3.003957262989832,0.3310129087073212,-0.22855676419290455,0.5384383925165496,0.38970582000431075,0.5836371822528348,0.6050591792390232,0.7508065831353437,0.492159214452443,0.45359666174361024,0.2564592865367775,0.4879015202781632,0.6628909918827895,0.38769424575481226,0.5154933366343123,0.5442598315354704,0.19830832914136115,0.46036490666073854,0.43638158106301667,0.49701829757865446,0.40733434406247704,0.3939735300485505,0.3846978736081071,0.5944214616444756,0.39669786628003517,0.6078670608631077,0.47850060424080354,0.4882147215053001,0.40786035019029104,0.43877361505532364,0.3758973462819998,0.40196517469923926,0.6383091810346949,0.3493012894575831,0.29661852225565355,0.31937213600236875,0.4815313292883048,0.4862802251047092,0.5325613906206842,0.3364797698043988,0.5464963878650344,0.23489303200167067,0.4192294172886031,0.6265519847020783,0.5527035670288047,0.0639230909637043,0.7419004707075759
0.37847993933441854,-0.21164264245213404,0.3310129087073212,1.2469862647936867,0.33897670777844696,0.32364075005967863,0.25811201540671946,0.26111156542961356,0.15178075206720676,0.22693145417370095,0.275576280939019,0.3536508647444217,0.17629466936858013,0.2982231186428974,0.2916488783893699,0.32665893721052064,0.2783057051256276,0.21847495651492405,0.2014639377375782,0.18055925223649566,0.18609446620042022,0.2523208124857631,0.17458169496952233,0.17500326193976973,0.20378655971696102,0.3063241293685734,0.18190338224144012,0.10439233433422915,0.13924596511315962,0.14301388890133024,0.18044230028598038,0.28011999252112735,0.09765266625011082,0.23072876405713505,-0.09431190410492801,0.22707691094092555,0.10673453751586487,0.2815786853831118,0.18522223431431947,0.1051717894725558,0.25444719381493885,0.0839409267316548,0.19495277174253206,0.46856265451663076,-0.16093949428822374,0.3078064100572566,0.17874323200290967,0.01917776743940483,0.17376050469055243
0.46621497903725145,-0.01196364337571027,-0.22855676419290455,0.33897670777844696,1.0715055665207571,0.19164370079920912,0.33779476073918896,0.2620541765988399,0.09402863321518046,0.20764878399268677,0.23491105513792113,0.3274975380148526,0.18987970115621547,0.27678530405860413,0.3169066957840412,0.3139630840140349,0.23696578969306148,0.2077918409730493,0.3825236151191748,0.20223971265972843,0.14683790277071834,0.21171078676008845,0.14850327084801518,0.14637336727977102,0.13694820949090442,0.3198219709534848,0.1812628515339195,0.021075706751808074,0.1316813470552266,0.09356545624927697,0.18670706114998403,0.25276009180506903,0.06656223435938194,0.18969161640863874,-0.09442096111365073,0.23525984528629088,0.11406740401839156,0.2833615331132242,0.1006699508018573,0.0752813608269507,0.2649259075477399,0.12561267050801977,0.08623848871343244,0.2246859415080118,-0.12463770862653019,0.2951086851408706,0.14993199499641657,0.014501210689295553,0.16888177539703617
0.429558407551701,0.38453394701123034,0.5384383925165496,0.32364075005967863,0.19164370079920912,0.8295790135095457,0.07828617431794557,0.5715018873012495,0.26406023183047955,0.19761451492001508,0.3195838823031011,0.3120414385737229,0.19082494366161487,0.29525958127263047,0.3265580121082503,0.28162738484748606,0.3311286272589623,0.28250251404073967,0.34264278465393705,0.3791030343602509,0.27481975771991035,0.2990580811194506,0.22871555233677276,0.2496742929292216,0.3148637720962212,0.3073308651992758,0.2580720666340051,0.29407457311339685,0.4238987897993722,0.22979319785149593,0.21892160976033637,0.29557548572928033,0.13048820199101807,0.33686252146395923,0.21075515178275497,0.20732942113908115,0.24338166926577923,0.3046771854036245,0.373115151224769,0.25739318714917564,0.17318905911050989,0.16566483276151228,0.3453450230838721,0.28807003717594815,0.26169570645635337,0.34301147898157525,0.291310125214538,0.018635720893307412,0.28765040542163717
0.4220230640718478,-0.031092629461213977,0.38970582000431075,0.25811201540671946,0.33779476073918896,0.07828617431794557,0.7504281506288776,0.11397041767018891,0.3397483822576576,0.30602533710205865,0.3283803963489759,0.4474898525043514,0.19449732851049503,0.3518849959501903,0.35263805344750104,0.34090543952460434,0.34082085850133165,0.24261327077732225,0.17056929408238433,0.26168112027775176,0.2636524218954312,0.33702742271399366,0.23203532602999083,0.25816864010471174,0.24701115097292767,0.37455663431204833,0.25010091270100837,0.12743022115071737,0.23521857153389486,0.2212924389699932,0.2382563874285086,0.3348005261069561,0.176166777631467,0.2725194354011554,0.19500149030508396,0.26025942458203744,0.14196387525243484,0.3106013530152421,0.2533381670681745,0.22770150402409375,0.3551841066227814,0.16953540785066384,0.24574819442832577,0.21808507621716886,0.07855333662062271,0.37859620095950863,0.2320667482356756,0.0309079910908897,0.4793848202703097
0.580461458957444,0.2931453458792765,0.5836371822528348,0.26111156542961356,0.2620541765988399,0.5715018873012495,0.11397041767018891,0.971354373509842,0.124950190740646,0.41472557131918,0.32698866780168756,0.23192663889587986,0.21511472545892352,0.3358828158952877,0.37082691955354113,0.30161469064966756,0.3765499308793419,0.33747862765162695,0.29675380236590204,0.3697480044675189,0.22581252345103275,0.2433528863993386,0.2103979934911743,0.2296672517384854,0.29187579503886596,0.37022446707714357,0.26136005933033446,0.3290029183793636,0.3857017834154811,0.21311528399923052,0.20743545432445643,0.2884458012684436,0.14436060807447926,0.3139521618529293,0.3465679084220509,0.16799856394161541,0.2353641760033282,0.23610951027512198,0.38813724884733997,0.27644859019663304,0.23651372780244437,0.15905226063551461,0.301571524844546,0.14501818559123467,0.29076310852348153,0.3201985533671579,0.30937571085079774,0.031250955563038446,0.3588569463092922
0.33197863220455986,0.12114048898316085,0.6050591792390232,0.15178075206720676,0.09402863321518046,0.26406023183047955,0.3397483822576576,0.124950190740646,0.7628366107513237,0.15466694273629722,0.25701774867577337,0.2584591554407392,0.14801733269118264,0.2911573525426893,0.2582682009665931,0.23213950324806853,0.2746847298682892,0.21417583996362177,0.12971060280827565,0.19729496808099492,0.28000386006080463,0.4535614689703106,0.18675153861860547,0.24220725356026088,0.15269112355072334,0.40918275287003464,0.2021189625712117,0.22981656742757064,0.20239810820396287,0.2089649504694212,0.2973764591388583,0.3085404938464834,0.1964170805991874,0.25971894044174854,0.2303895820397025,0.21301273256466444,0.10183314157571412,0.288490397851797,0.2409946639362691,0.19827405075226504,0.26985470016025015,0.18194286480873811,0.24943125648366685,0.2778037017341358,0.03450387632797676,0.3607033499417896,0.22390456662989233,0.01608563595031579,0.5823116131534095
0.45456974516163035,0.08267767764500844,0.7508065831353437,0.22693145417370095,0.20764878399268677,0.19761451492001508,0.30602533710205865,0.41472557131918,0.15466694273629722,1.0352125858331476,0.24119830433152725,0.2443637269295553,0.17135660768234914,0.4064246925440187,0.45870317779823766,0.3175614632593039,0.3416482382143942,0.44009833519078595,0.16983821298972324,0.2693906979264281,0.2635045383392115,0.26974926965719037,0.20707383899901474,0.25650522373586554,0.27429756606262234,0.41433915084000134,0.2579493427310617,0.2669701573494694,0.29935435374342234,0.33951309277680874,0.324455540504095,0.3192252096646179,0.24316698147712545,0.3029386903981478,0.3357945505288411,0.2467521949363465,0.2266479603674882,0.2756499317145464,0.21949902530389823,0.2618975407498404,0.4241339463374163,0.18252721475800704,0.3493410958289387,0.16359966638552376,0.2163499284443395,0.44603069846062227,0.41366128879706815,0.05268085514694573,0.4352913607244343
0.3871518094330372,0.10291970132900048,0.492159214452443,0.275576280939019,0.23491105513792113,0.3195838823031011,0.3283803963489759,0.32698866780168756,0.25701774867577337,0.24119830433152725,0.5744174257904133,0.367853668212839,0.23717967810240667,0.28935517213837686,0.35921897207730624,0.3090237043695237,0.32834898058140594,0.2685464344486432,0.19663860646203313,0.3324462267978501,0.2419111812803783,0.28491772094059786,0.2947053326127691,0.24904597498642253,0.23963574743928784,0.35033857711339056,0.2738965181825356,0.27577749749133135,0.31902166250739583,0.21568019858014922,0.2014876403422725,0.29643920390374473,0.13879105901534997,0.29811269084763503,0.28576653576437316,0.22625727625349878,0.1747571108573762,0.25600272077400943,0.315322526693884,0.26960234335859323,0.295089661867966,0.20477161942488442,0.2648472574035374,0.11244147017259831,0.23717351466090264,0.3450826788483782,0.2595799435566284,0.026189477279569863,0.34050809684102623
0.4197934967724854,0.09305252822810599,0.45359666174361024,0.3536508647444217,0.3274975380148526,0.3120414385737229,0.4474898525043514,0.23192663889587986,0.2584591554407392,0.2443637269295553,0.367853668212839,0.7073800624665803,0.17549881028607411,0.28863792792953324,0.35620421336847186,0.3117141907242537,0.29956929620923484,0.21554231274647143,0.22802996702807218,0.31177516886403395,0.23093873527996364,0.2781417466483648,0.287914086163195,0.24274256634413777,0.2887282076307615,0.324535033081303,0.30318403071389993,0.15070317928469412,0.3158071623339922,0.22301676948088775,0.13361884457090437,0.3169963097069796,0.11610326220576359,0.28623102778279513,0.24468852169161795,0.2632188544838088,0.1287701595038397,0.26469232385553676,0.33132038155787796,0.27458777794306644,0.3068279353459829,0.16053821818919684,0.24107338225176536,0.17099710153342906,0.1544954791633487,0.349991117113442,0.23802046886483805,0.025580056601102123,0.40837568104500627
0.22646474998660776,0.03878610463200742,0.2564592865367775,0.17629466936858013,0.18987970115621547,0.19082494366161487,0.19449732851049503,0.21511472545892352,0.14801733269118264,0.17135660768234914,0.23717967810240667,0.17549881028607411,0.4353199071507596,0.2423651919626334,0.12911561275407699,0.2615811830960362,0.21810370938128482,0.1684314406533812,0.16694438723849753,0.14679027701153088,0.16304434640405832,0.2295607778169848,0.2134965498604071,0.1842067674064229,0.17857520644901562,0.21220804314946531,0.2049697840622954,0.19042887516964027,0.19330938822432997,0.17482747233100773,0.1163317441724705,0.22835956575282298,0.10266134211024967,0.19163931040346469,0.19130356058301154,0.1612530224661173,0.10314621760446471,0.18340141771989266,0.19491842095307071,0.17061543329309647,0.20769411409242794,0.13470666559845815,0.19611862907018893,0.14497272457672383,0.10336308147178376,0.2385561903848861,0.17830592771350692,0.01584168427442872,0.26114158089400474
0.3828893707554838,0.021582299076557895,0.4879015202781632,0.2982231186428974,0.27678530405860413,0.29525958127263047,0.3518849959501903,0.3358828158952877,0.2911573525426893,0.4064246925440187,0.28935517213837686,0.28863792792953324,0.2423651919626334,0.772957856111851,0.40840361838749656,0.506221115237342,0.4104571236628895,0.37816377177381716,0.22146640450691035,0.21478282583491773,0.2953977198145461,0.4163652086350225,0.2818180243961578,0.2957756574412824,0.22618433482937814,0.5965954949430134,0.21319124759094046,0.286400715516953,0.2619760590535745,0.29694383279166403,0.3345381262933621,0.5084685782767461,0.2058448192438682,0.3442866410077063,0.3233395773628897,0.3004613865733017,0.08687729437604093,0.37402009532939323,0.08558945556141621,0.21783771101855492,0.4732201496943708,0.22552777369211077,0.34001067280576286,0.32239129212933937,0.024808395594783914,0.4952553881868409,0.35487304450834767,0.04635790702870038,0.6093590005101825
0.5398007273229711,0.11362328416491345,0.6628909918827895,0.2916488783893699,0.3169066957840412,0.3265580121082503,0.35263805344750104,0.37082691955354113,0.2582682009665931,0.45870317779823766,0.35921897207730624,0.35620421336847186,0.12911561275407699,0.40840361838749656,1.2692321367698913,0.3317831702037148,0.49463581984255345,0.45058061162786084,0.25214436468621254,0.37187134250366866,0.2892954510442327,0.26822510836388935,0.2656283470787927,0.30131991279276255,0.41862833826698764,0.5139899399820631,0.26146313301150803,0.32679905674554427,0.3851592760536915,0.4069748683031133,0.3336087719027112,0.34701226574079674,0.18837943673460356,0.4121379184146877,0.33600915427055483,0.3517113095054024,0.2931736423194228,0.2853357398040253,0.1947342053894345,0.22742559594012002,0.5816550843446125,0.3040727425628283,0.35022221520633007,0.18056766336680913,0.147021706353512,0.5815078971856672,0.43127246902187916,0.06612176307143962,0.33755583213235557
0.37554694329934674,0.05560138146303005,0.38769424575481226,0.32665893721052064,0.3139630840140349,0.28162738484748606,0.34090543952460434,0.30161469064966756,0.23213950324806853,0.3175614632593039,0.3090237043695237,0.3117141907242537,0.2615811830960362,0.506221115237342,0.3317831702037148,0.7467056870607172,0.4044053431356873,0.2887178899441612,0.21704901040449728,0.18965262985602385,0.25647935227911056,0.46055558792285994,0.2346319488394875,0.2556314137816133,0.22099911702392303,0.42389333210708,0.26895551882034585,0.3005726440833993,0.2351861224736203,0.30215477965221826,0.2693952867671014,0.41471151227817105,0.14740033123379637,0.3069572323933931,0.35384556601694234,0.2832804741111527,0.1250906074072412,0.33939663441554585,0.19486432550217467,0.2274589252158846,0.4050116489333117,0.23270471651797417,0.3080089993775454,0.37657885803395763,-0.004940861326107089,0.44053085386731977,0.30432743549993624,0.024304133096380628,0.4767727162933362
0.4269533085870759,0.03722479490768406,0.5154933366343123,0.2783057051256276,0.23696578969306148,0.3311286272589623,0.34082085850133165,0.3765499308793419,0.2746847298682892,0.3416482382143942,0.32834898058140594,0.29956929620923484,0.21810370938128482,0.4104571236628895,0.49463581984255345,0.4044053431356873,0.9682593383708388,0.29586831467201635,0.21670855338829206,0.372711821805692,0.3128758206859084,0.34909823445491667,0.23495419186214134,0.27526618501792893,0.4348664127289198,0.3554740545592809,0.2859977997154211,0.2545779654763268,0.3867374379199108,0.2785576830548802,0.28650942571505605,0.3430004883192346,0.14317754507690855,0.37310159462000714,0.3081213679514495,0.25746806261141486,0.3513731467835435,0.41367596385443817,0.37644448445274803,0.25397666892450554,0.36781915492414735,0.21628974150465705,0.3897232855970353,0.2719499895048465,0.30556406753779347,0.44526649000414203,0.3128364676544573,0.03859084198060677,0.38016117559135937
0.4329163180339346,0.32278952863774957,0.5442598315354704,0.21847495651492405,0.2077918409730493,0.28250251404073967,0.24261327077732225,0.33747862765162695,0.21417583996362177,0.44009833519078595,0.2685464344486432,0.21554231274647143,0.1684314406533812,0.37816377177381716,0.45058061162786084,0.2887178899441612,0.29586831467201635,0.9012490480974673,0.15239665332490435,0.004643443494884266,0.29152818773310085,0.30329445079566164,0.4968558371779508,0.2528813043088767,0.20268948569751316,0.5909251901384701,0.1301121819716157,0.365124273065231,0.2390202252640021,0.18198526345702884,0.3933642459141753,0.29051432250256043,0.3371282891464558,0.2669518293455097,0.2842573228063629,0.2230360855562902,0.19510217352403608,0.2319690210659781,0.007675735598558622,0.23837201768496974,0.3900725387668508,0.18925463641798373,0.41255116732232167,0.1414109916366065,0.21533019763894387,0.4847398892915866,0.5234265735198566,0.04651825126339292,0.29467582745838117
0.2855348561170765,0.0011674812577169742,0.19830832914136115,0.2014639377375782,0.3825236151191748,0.34264278465393705,0.17056929408238433,0.29675380236590204,0.12971060280827565,0.16983821298972324,0.19663860646203313,0.22802996702807218,0.16694438723849753,0.22146640450691035,0.25214436468621254,0.21704901040449728,0.21670855338829206,0.15239665332490435,0.6832338969940502,0.28766114529799425,0.14896164610558343,0.18861721429955278,0.08218736102469534,0.14689424833514111,0.13079414541373813,0.20692815086622388,0.155586346011987,0.19577676702259206,0.20592746871119255,0.14327346005266942,0.1655901745354088,0.20080737886317668,0.07832749154736643,0.193000441058466,0.040130534428524996,0.20218655755636733,0.1153516575503344,0.23155889259652798,0.15765854754361458,0.09955768899764131,0.19520495890702297,0.12338029890231554,0.17010258367361772,0.12735678917368215,0.14388967929569146,0.2642390042619522,0.16194971333709407,0.007024850710539596,0.06273033646088641
0.12207651668850943,0.08875883276018295,0.46036490666073854,0.18055925223649566,0.20223971265972843,0.3791030343602509,0.26168112027775176,0.3697480044675189,0.19729496808099492,0.2693906979264281,0.3324462267978501,0.31177516886403395,0.14679027701153088,0.21478282583491773,0.37187134250366866,0.18965262985602385,0.372711821805692,0.004643443494884266,0.28766114529799425,1.6933492234261605,0.21539575983663484,0.10226013788542956,0.2310419854214014,0.2774833947493177,0.10949837007520707,0.28006909191608753,0.44251497551413566,0.568890934113526,0.8902509451396768,0.3520895436200712,0.25605913722912976,0.27884687203915137,0.14686642092237398,0.4981533004543027,0.33971282424011867,0.18391785290080476,0.4431684487231879,0.39589432004533703,0.3749264152196669,0.6222728307103353,0.3663394868003831,0.15546542354414172,0.60092192480057,-0.5150293771665359,1.3161700054448593,0.24173674738176973,0.2598897189613549,0.05902016738819801,0.6137975672482751
0.367501132498498,0.26418037824602186,0.43638158106301667,0.18609446620042022,0.14683790277071834,0.27481975771991035,0.2636524218954312,0.22581252345103275,0.28000386006080463,0.2635045383392115,0.2419111812803783,0.23093873527996364,0.16304434640405832,0.2953977198145461,0.2892954510442327,0.25647935227911056,0.3128758206859084,0.29152818773310085,0.14896164610558343,0.21539575983663484,0.5830161543861475,0.2891089477825383,0.10263305280162152,0.2413625520421053,0.3408553270696495,0.24176187595231474,0.19770834349218097,0.1344506819608511,0.22841181405766303,0.3647054684968472,0.4230269477144097,0.26993008863866846,0.29478968480751644,0.20551132104410663,0.28554832221879684,0.2617868216918425,0.3001324004251852,0.4280403317067224,0.4198936928163499,0.3190934089669693,0.31698041060973914,0.24507731522315418,0.47311987719488047,0.4366241176919643,0.3457656313121222,0.496264421855915,0.36050621298921176,0.06937555302800749,0.31403366101616487
0.3550224602531031,0.11747379392249266,0.49701829757865446,0.2523208124857631,0.21171078676008845,0.2990580811194506,0.33702742271399366,0.2433528863993386,0.4535614689703106,0.26974926965719037,0.28491772094059786,0.2781417466483648,0.2295607778169848,0.4163652086350225,0.26822510836388935,0.46055558792285994,0.34909823445491667,0.30329445079566164,0.18861721429955278,0.10226013788542956,0.2891089477825383,0.7311091064468875,0.2871409227852174,0.2706292074023664,0.21164360098868001,0.3809364909048565,0.22459063947828278,0.21734057245936414,0.2404975362085051,0.2952514615026097,0.3237886505693991,0.39301291895372675,0.21063643776105384,0.3007643567436828,0.2922099929651246,0.2722548593104815,0.13045411613466085,0.38530599317994807,0.26417689418847506,0.20089456228226849,0.3209433306395375,0.23567400150942633,0.2824554362926191,0.47620602887146257,-0.11198302588136111,0.4698496170493697,0.3045577446161072,-0.012064959171226106,0.6371573113562088
-0.035793502316631594,-0.036095753201109713,0.40733434406247704,0.17458169496952233,0.14850327084801518,0.22871555233677276,0.23203532602999083,0.2103979934911743,0.18675153861860547,0.20707383899901474,0.2947053326127691,0.287914086163195,0.2134965498604071,0.2818180243961578,0.2656283470787927,0.2346319488394875,0.23495419186214134,0.4968558371779508,0.08218736102469534,0.2310419854214014,0.10263305280162152,0.2871409227852174,2.2586404772080257,0.5156043492498292,0.39282775884142485,0.06464107657900235,0.28871069879911937,0.31410611645846637,0.5429829883804675,0.4347124875936043,-0.33772660886078937,0.21546964248867329,0.23258815514572287,0.4715082597967421,0.39812324393122744,0.18070304949319782,0.37277376176840504,0.05834308840420728,0.4102565059518509,0.7043327932417185,0.2700575759531615,0.21312126587313357,0.35105220038307033,-0.10250618282781633,0.2283560657336852,0.2787626981157953,0.4617906818369307,0.03212439817861529,0.5847975179079056
-0.1403578555754196,0.051335006922444956,0.3939735300485505,0.17500326193976973,0.14637336727977102,0.2496742929292216,0.25816864010471174,0.2296672517384854,0.24220725356026088,0.25650522373586554,0.24904597498642253,0.24274256634413777,0.1842067674064229,0.2957756574412824,0.30131991279276255,0.2556314137816133,0.27526618501792893,0.2528813043088767,0.14689424833514111,0.2774833947493177,0.2413625520421053,0.2706292074023664,0.5156043492498292,0.8395839082489533,0.5150199635647291,0.046976186506543643,0.22729003262994382,0.6030066461618196,0.2763608793608805,0.6705345577187442,0.22041423397340337,0.2844468404376063,0.5616786464112288,0.2742776488206926,0.4829017667578938,0.250033799932474,0.5163326046631993,0.2727248336600357,0.483536778754301,0.31921605874270476,0.24449539837322043,0.31791945848170405,0.36080384470850424,0.21485787856390207,0.1720657778967341,0.46540499276471164,0.47449506897029287,0.06754354739687417,0.5092023814681376
0.16387248930656984,0.3121704638768237,0.3846978736081071,0.20378655971696102,0.13694820949090442,0.3148637720962212,0.24701115097292767,0.29187579503886596,0.15269112355072334,0.27429756606262234,0.23963574743928784,0.2887282076307615,0.17857520644901562,0.22618433482937814,0.41862833826698764,0.22099911702392303,0.4348664127289198,0.20268948569751316,0.13079414541373813,0.10949837007520707,0.3408553270696495,0.21164360098868001,0.39282775884142485,0.5150199635647291,2.878259277687954,-0.22941006477271406,0.31578726632333215,-0.6264439213823884,0.9430871255387646,0.9808046104122455,-0.023241365392305778,0.24947932091480196,-0.0986592658178063,0.7542843951922158,0.5029377357790694,0.45217268678139116,0.7456518517113073,0.6493715687678381,0.9567270098738913,0.14822801809516217,0.44036123723104176,0.26082241518951244,0.6988831268727618,0.7886718451366014,0.5124537474919395,0.886603661179329,0.5879091461346433,0.0539256758042035,-0.3584134601542381
0.6988513852720317,0.03709460642049163,0.5944214616444756,0.3063241293685734,0.3198219709534848,0.3073308651992758,0.37455663431204833,0.37022446707714357,0.40918275287003464,0.41433915084000134,0.35033857711339056,0.324535033081303,0.21220804314946531,0.5965954949430134,0.5139899399820631,0.42389333210708,0.3554740545592809,0.5909251901384701,0.20692815086622388,0.28006909191608753,0.24176187595231474,0.3809364909048565,0.06464107657900235,0.046976186506543643,-0.22941006477271406,2.0516650235719176,0.2688799211791975,0.19327331468034195,-0.1486332729160185,-0.01654696185330998,0.5158626992288511,0.5820677290600704,-0.11849519232844269,0.34917454923641,0.30068998255659124,0.48536312680633886,-0.6700953497507065,0.39880291085262537,-1.0074807783045863,0.2011293683903899,1.03340446392414,0.1974249117156885,0.40304345920631984,0.08233069323358051,-0.01644869711821026,0.5781432670092999,0.270434631675312,0.05811749872443477,0.49395510606037774
0.2986474695592818,0.2090239235991138,0.39669786628003517,0.18190338224144012,0.1812628515339195,0.2580720666340051,0.25010091270100837,0.26136005933033446,0.2021189625712117,0.2579493427310617,0.2738965181825356,0.30318403071389993,0.2049697840622954,0.21319124759094046,0.26146313301150803,0.26895551882034585,0.2859977997154211,0.1301121819716157,0.155586346011987,0.44251497551413566,0.19770834349218097,0.22459063947828278,0.28871069879911937,0.22729003262994382,0.31578726632333215,0.2688799211791975,0.713497189126627,0.18312777528038562,0.29096295878215755,0.32948540897625267,0.11687932628573958,0.26996952096866367,0.0807138997114731,0.28313145909015053,0.29878932237272454,0.3187571752242374,0.24754590471239749,0.33167779887606813,0.2714468926356287,0.30048717855504914,0.39963973947729214,0.21602425264616532,0.41969066327416793,-0.06760059540539802,0.5707117804308505,0.3437014596463857,0.2562824555949957,0.0309817045028114,0.30261649893518555
-0.31949679614522114,0.22784821443794562,0.6078670608631077,0.10439233433422915,0.021075706751808074,0.29407457311339685,0.12743022115071737,0.3290029183793636,0.22981656742757064,0.2669701573494694,0.27577749749133135,0.15070317928469412,0.19042887516964027,0.286400715516953,0.32679905674554427,0.3005726440833993,0.2545779654763268,0.365124273065231,0.19577676702259206,0.568890934113526,0.1344506819608511,0.21734057245936414,0.31410611645846637,0.6030066461618196,-0.6264439213823884,0.19327331468034195,0.18312777528038562,5.284301794291188,-0.18709074252911068,0.2885920785012118,0.5565326095361652,0.3022526589019025,1.531226562089695,0.1196160460237445,0.5701815772964417,0.07262809110409008,0.8367542703679868,-0.3107343240274675,0.16052307640540717,0.1605393969037363,0.39052512627768066,1.0609890605128631,0.011386160795046826,-0.6247249562153536,0.014161257173677742,0.23343025940209375,0.3504387757536506,0.16055706254666083,0.6854598400316115
-0.1600773930655411,0.5400240408753608,0.47850060424080354,0.13924596511315962,0.1316813470552266,0.4238987897993722,0.23521857153389486,0.3857017834154811,0.20239810820396287,0.29935435374342234,0.31902166250739583,0.3158071623339922,0.19330938822432997,0.2619760590535745,0.3851592760536915,0.2351861224736203,0.3867374379199108,0.2390202252640021,0.20592746871119255,0.8902509451396768,0.22841181405766303,0.2404975362085051,0.5429829883804675,0.2763608793608805,0.9430871255387646,-0.1486332729160185,0.29096295878215755,-0.18709074252911068,3.2736680471046258,0.12708241700474412,-0.11341087399546368,0.33116882299804606,-0.13777338192721808,0.9694235711952555,0.42048452770904765,0.3613064211003528,-0.410745097890139,-0.23106813251914463,0.546889887572318,0.40301052005431676,0.3922030340154226,-0.11052849233615901,0.28144476631983645,-0.8435528462013429,1.032402350524767,0.3551750045136389,0.21452380061853107,-0.10035518279580345,0.5270367795954345
0.27535059605247736,0.09829753223162194,0.4882147215053001,0.14301388890133024,0.09356545624927697,0.22979319785149593,0.2212924389699932,0.21311528399923052,0.2089649504694212,0.33951309277680874,0.21568019858014922,0.22301676948088775,0.17482747233100773,0.29694383279166403,0.4069748683031133,0.30215477965221826,0.2785576830548802,0.18198526345702884,0.14327346005266942,0.3520895436200712,0.3647054684968472,0.2952514615026097,0.4347124875936043,0.6705345577187442,0.9808046104122455,-0.01654696185330998,0.32948540897625267,0.2885920785012118,0.12708241700474412,3.083226899810726,0.19732701009753872,0.24687469979171725,0.16674406983442605,0.28156218396424576,0.8146158122017211,0.6546617488978878,0.7322713987192632,0.6804142546544815,0.8824651590147241,0.5383546179311475,1.1087816682774414,0.41994758351556377,0.949292078479251,0.8085209411552234,0.5334199349156277,0.8834883064798793,1.51293210399761,0.16517639137867926,0.9283825959088812
0.3210179228949612,0.2012059554424597,0.40786035019029104,0.18044230028598038,0.18670706114998403,0.21892160976033637,0.2382563874285086,0.20743545432445643,0.2973764591388583,0.324455540504095,0.2014876403422725,0.13361884457090437,0.1163317441724705,0.3345381262933621,0.3336087719027112,0.2693952867671014,0.28650942571505605,0.3933642459141753,0.1655901745354088,0.25605913722912976,0.4230269477144097,0.3237886505693991,-0.33772660886078937,0.22041423397340337,-0.023241365392305778,0.5158626992288511,0.11687932628573958,0.5565326095361652,-0.11341087399546368,0.19732701009753872,1.6968911944666856,0.2791156467414706,0.5888109932047647,0.1576418528751528,0.17594945119339298,0.34573424455182755,0.18626144264548183,0.5043088214107561,-0.0707163259715765,0.02289769277287906,0.2676216604200161,0.31737709774765044,0.3607568488896173,0.4636199264596634,0.1583873879358016,0.6548960833393331,0.3136476822542291,0.055073584326242306,0.008690555718569878
0.26730205450252237,0.05611112316948141,0.43877361505532364,0.28011999252112735,0.25276009180506903,0.29557548572928033,0.3348005261069561,0.2884458012684436,0.3085404938464834,0.3192252096646179,0.29643920390374473,0.3169963097069796,0.22835956575282298,0.5084685782767461,0.34701226574079674,0.41471151227817105,0.3430004883192346,0.29051432250256043,0.20080737886317668,0.27884687203915137,0.26993008863866846,0.39301291895372675,0.21546964248867329,0.2844468404376063,0.24947932091480196,0.5820677290600704,0.26996952096866367,0.3022526589019025,0.33116882299804606,0.24687469979171725,0.2791156467414706,0.7131697574443919,0.14906445760751702,0.42056764580415723,0.24391737913401781,0.3363916419881068,-0.065059649825231,0.4031911445886671,0.07061604395390748,0.1625097059625877,0.4803498404818963,0.20586245572028114,0.3197549980017628,0.24837207409523232,0.10647831485729928,0.4914119200026539,0.28448092639424494,0.03224382890144113,0.5021801691295482
0.14858976421891934,0.24842995907040646,0.3758973462819998,0.09765266625011082,0.06656223435938194,0.13048820199101807,0.176166777631467,0.14436060807447926,0.1964170805991874,0.24316698147712545,0.13879105901534997,0.11610326220576359,0.10266134211024967,0.2058448192438682,0.18837943673460356,0.14740033123379637,0.14317754507690855,0.3371282891464558,0.07832749154736643,0.14686642092237398,0.29478968480751644,0.21063643776105384,0.23258815514572287,0.5616786464112288,-0.0986592658178063,-0.11849519232844269,0.0807138997114731,1.531226562089695,-0.13777338192721808,0.16674406983442605,0.5888109932047647,0.14906445760751702,2.380312690259665,-0.3491879447131066,0.12690729171691237,-0.33096154497224334,0.8009767465828048,-0.09673659462520715,0.41691159495676117,0.22350842154184636,-0.48983345159883135,0.27698569065410733,0.13024059329643797,0.27325677272369847,-0.7696562983701294,0.39478313692002076,0.33901589738122057,0.15767165785909554,0.9919306184454547
-0.4006885044864886,0.12602097444607596,0.40196517469923926,0.23072876405713505,0.18969161640863874,0.33686252146395923,0.2725194354011554,0.3139521618529293,0.25971894044174854,0.3029386903981478,0.29811269084763503,0.28623102778279513,0.19163931040346469,0.3442866410077063,0.4121379184146877,0.3069572323933931,0.37310159462000714,0.2669518293455097,0.193000441058466,0.4981533004543027,0.20551132104410663,0.3007643567436828,0.4715082597967421,0.2742776488206926,0.7542843951922158,0.34917454923641,0.28313145909015053,0.1196160460237445,0.9694235711952555,0.28156218396424576,0.1576418528751528,0.42056764580415723,-0.3491879447131066,1.4135983397580785,0.4025359709626476,0.397320234490578,0.32422394114376163,0.21346359553751348,0.20741114497317,0.04183200628803793,0.6093940932258954,0.24353216327824612,0.5551331916203581,0.19322669442702814,0.4989084110885056,0.362351795942429,0.284784433413987,0.0059392688398150935,0.08443328284073966
0.14165622092158045,0.18028192800542497,0.6383091810346949,-0.09431190410492801,-0.09442096111365073,0.21075515178275497,0.19500149030508396,0.3465679084220509,0.2303895820397025,0.3357945505288411,0.28576653576437316,0.24468852169161795,0.19130356058301154,0.3233395773628897,0.33600915427055483,0.35384556601694234,0.3081213679514495,0.2842573228063629,0.040130534428524996,0.33971282424011867,0.28554832221879684,0.2922099929651246,0.39812324393122744,0.4829017667578938,0.5029377357790694,0.30068998255659124,0.29878932237272454,0.5701815772964417,0.42048452770904765,0.8146158122017211,0.17594945119339298,0.24391737913401781,0.12690729171691237,0.4025359709626476,2.5328162483749312,0.03340703330908204,0.15071475831191017,0.02590177330801155,0.4483690907370026,0.8682981354641481,0.3104982121397674,0.5625821057412497,0.6227945040323917,-0.18274492030271677,0.9772553767868654,0.4298392423583153,0.6088266678638663,0.09374455589314187,0.6504616029602671
0.19424384656408164,0.05785062906140726,0.3493012894575831,0.22707691094092555,0.23525984528629088,0.20732942113908115,0.26025942458203744,0.16799856394161541,0.21301273256466444,0.2467521949363465,0.22625727625349878,0.2632188544838088,0.1612530224661173,0.3004613865733017,0.3517113095054024,0.2832804741111527,0.25746806261141486,0.2230360855562902,0.20218655755636733,0.18391785290080476,0.2617868216918425,0.2722548593104815,0.18070304949319782,0.250033799932474,0.45217268678139116,0.48536312680633886,0.3187571752242374,0.07262809110409008,0.3613064211003528,0.6546617488978878,0.34573424455182755,0.3363916419881068,-0.33096154497224334,0.397320234490578,0.03340703330908204,2.0370370444540145,-0.1910401500987815,0.35355947250747666,-0.04776188954839489,0.06817498726720354,1.2352236232732323,0.23654885794559716,0.04789982567205907,-0.01577350156317083,0.34315916564739823,1.043491805879771,0.3571711399447435,-0.15505159710255123,-0.9240857530864909
-0.040993808949848026,0.4760427549093409,0.29661852225565355,0.10673453751586487,0.11406740401839156,0.24338166926577923,0.14196387525243484,0.2353641760033282,0.10183314157571412,0.2266479603674882,0.1747571108573762,0.1287701595038397,0.10314621760446471,0.08687729437604093,0.2931736423194228,0.1250906074072412,0.3513731467835435,0.19510217352403608,0.1153516575503344,0.4431684487231879,0.3001324004251852,0.13045411613466085,0.37277376176840504,0.5163326046631993,0.7456518517113073,-0.6700953497507065,0.24754590471239749,0.8367542703679868,-0.410745097890139,0.7322713987192632,0.18626144264548183,-0.065059649825231,0.8009767465828048,0.32422394114376163,0.15071475831191017,-0.1910401500987815,3.2108554273857597,0.8002118514164684,1.0605110794944008,0.0681618530171608,-0.11835863033912102,0.6510076035886054,0.6718513596044071,0.5893741419642666,0.600608074024835,0.27922041115503915,0.5344801522358037,0.19350958772797158,0.03655035811873543
0.5534761274465781,0.11503289762655595,0.31937213600236875,0.2815786853831118,0.2833615331132242,0.3046771854036245,0.3106013530152421,0.23610951027512198,0.288490397851797,0.2756499317145464,0.25600272077400943,0.26469232385553676,0.18340141771989266,0.37402009532939323,0.2853357398040253,0.33939663441554585,0.41367596385443817,0.2319690210659781,0.23155889259652798,0.39589432004533703,0.4280403317067224,0.38530599317994807,0.05834308840420728,0.2727248336600357,0.6493715687678381,0.39880291085262537,0.33167779887606813,-0.3107343240274675,-0.23106813251914463,0.6804142546544815,0.5043088214107561,0.4031911445886671,-0.09673659462520715,0.21346359553751348,0.02590177330801155,0.35355947250747666,0.8002118514164684,2.143819557417093,0.21438520813275289,0.13212719376133497,0.44959494629545527,0.5393364160639786,0.8492650943594775,0.7830142081235553,1.2579628597220178,0.5867555163116528,0.49502072760934346,0.11658500679363253,-0.22872849268061962
0.23875035640019046,0.2649411511747092,0.4815313292883048,0.18522223431431947,0.1006699508018573,0.373115151224769,0.2533381670681745,0.38813724884733997,0.2409946639362691,0.21949902530389823,0.315322526693884,0.33132038155787796,0.19491842095307071,0.08558945556141621,0.1947342053894345,0.19486432550217467,0.37644448445274803,0.007675735598558622,0.15765854754361458,0.3749264152196669,0.4198936928163499,0.26417689418847506,0.4102565059518509,0.483536778754301,0.9567270098738913,-1.0074807783045863,0.2714468926356287,0.16052307640540717,0.546889887572318,0.8824651590147241,-0.0707163259715765,0.07061604395390748,0.41691159495676117,0.20741114497317,0.4483690907370026,-0.04776188954839489,1.0605110794944008,0.21438520813275289,2.5375108052179645,0.5381751405156746,-0.33476577004516117,0.103928326921557,0.29911275646923513,0.5542874816979044,0.6123962960656133,0.19018650230385725,0.4917819176475623,0.043701439589221965,0.8337012520609312
0.4070221176668413,0.09585699084422125,0.4862802251047092,0.1051717894725558,0.0752813608269507,0.25739318714917564,0.22770150402409375,0.27644859019663304,0.19827405075226504,0.2618975407498404,0.26960234335859323,0.27458777794306644,0.17061543329309647,0.21783771101855492,0.22742559594012002,0.2274589252158846,0.25397666892450554,0.23837201768496974,0.09955768899764131,0.6222728307103353,0.3190934089669693,0.20089456228226849,0.7043327932417185,0.31921605874270476,0.14822801809516217,0.2011293683903899,0.30048717855504914,0.1605393969037363,0.40301052005431676,0.5383546179311475,0.02289769277287906,0.1625097059625877,0.22350842154184636,0.04183200628803793,0.8682981354641481,0.06817498726720354,0.0681618530171608,0.13212719376133497,0.5381751405156746,1.9180736047443114,0.18207385094508297,-0.0014250935382881988,0.431140387505073,0.09195888127516202,0.2653775357544418,0.3632979409017014,0.4490492112179853,0.10379570351228475,1.1083158185223805
0.44878708856745775,0.03976412170248314,0.5325613906206842,0.25444719381493885,0.2649259075477399,0.17318905911050989,0.3551841066227814,0.23651372780244437,0.26985470016025015,0.4241339463374163,0.295089661867966,0.3068279353459829,0.20769411409242794,0.4732201496943708,0.5816550843446125,0.4050116489333117,0.36781915492414735,0.3900725387668508,0.19520495890702297,0.3663394868003831,0.31698041060973914,0.3209433306395375,0.2700575759531615,0.24449539837322043,0.44036123723104176,1.03340446392414,0.39963973947729214,0.39052512627768066,0.3922030340154226,1.1087816682774414,0.2676216604200161,0.4803498404818963,-0.48983345159883135,0.6093940932258954,0.3104982121397674,1.2352236232732323,-0.11835863033912102,0.44959494629545527,-0.33476577004516117,0.18207385094508297,3.3421192182832633,0.25642247374108423,0.3211888722513033,0.18633711377221543,-0.056912537380225725,1.2168994710204275,0.7701170239200182,0.19984202396111922,0.2410227122899932
