0.7059224087890528,0.26334402326965645,0.27670344334716346,0.03518453964574529,0.2395370585869646,0.0970434006210593,0.18740531828263332,0.0803865893999675,0.13390576915185087,0.1305054946919217,0.10362680964054599,0.119505346897704,0.12053006258549878,0.12505665858939244,0.09912016477432699,0.10135514823682053,0.08421780139807929,0.13059574104059224,0.15153542128306233,0.06838548490318698,0.14277694795598042,0.1702905462966964,0.06760175942589648,0.08719883235846272,0.12285802812248707,0.07384346907548796,0.17907238245634965,0.08982830373906175,0.12149667814818697,0.11046342491345545,0.14238719125619118,0.12241899771311665,0.14137533221665027,-0.028830655855278928,0.035953223806529835,0.16411179887459254,0.09987693720597188,0.22841627307893825,0.11684577602275525,0.03718077780270896,0.1300811209302613,0.13572866492969174,0.23637442434929296,0.09293327674447634,0.10840086772420075,0.24078852360080977,0.14653392780110377,-0.20011068843724364,0.15881362806356808
0.26334402326965645,3.9322131073141278,0.19216410584250115,-0.40447126485271817,0.10024644943047666,0.28739474684016586,0.07138515398181432,0.11091082207055604,0.1013917096108405,0.18553192495074836,0.016454335041875934,0.07913247759799677,0.07380741844512093,-0.04807361863044827,0.0387431214719529,-0.03447035978882385,-0.0048165034822262,0.11437773496159089,0.055226706430561226,0.23931270606326666,0.2936745593750162,0.03281771807845117,-0.11902475204971039,0.01348001134619803,0.10800733593781765,0.21036458496740143,0.21320869643865184,0.1336529559315612,0.44142850206307127,0.12330808476344315,0.17192823684729122,0.08535778524694708,0.10974112624544821,0.029248469801770056,0.13962699527555647,0.04174846306670245,0.667303953714899,0.3325622505460554,0.06293328946388249,0.127173009783388,0.3001232220761767,0.274861493954634,0.4663481641146445,0.023088468739206225,0.32883255132744255,0.22515975590221418,0.2086231879559975,-0.05418832524634195,0.22743002088181566
0.27670344334716346,0.19216410584250115,2.4227208121645667,0.31105446125686687,0.007800122298753814,0.19090609655609148,0.2006166549246114,0.5846541085408309,0.5006083583721093,0.31923179306963223,0.41493194543801154,0.3407503504964515,0.33946625228605243,0.21886264213291495,0.39614127137963134,0.16772971006008874,0.32431280484315356,0.3551825573855694,0.21818119978589146,0.23756900789218696,0.33126832298526354,0.27608351534346376,0.18903660022682503,0.2247761020755633,0.3157760300892211,0.2563731665773521,0.45953260360823045,0.34890930717415375,0.297075906079521,-0.3629227661870298,0.33528148622833087,0.2963398366409497,0.358268255341632,0.29169381592847626,0.3140677170867556,0.5556741145649389,0.26744163130305565,0.2799126536706072,0.3428503553024829,-0.3951793866342864,0.27612082967898177,0.33810008138392106,0.37362302307437506,0.08498995476170397,0.01680342320015486,0.6501641717113872,0.11846242313818175,-0.5714671787115866,0.1023905658697761
0.03518453964574529,-0.40447126485271817,0.31105446125686687,1.830121692634991,0.16814137353002007,0.220903290882485,0.41191585325139063,0.3573485142847879,0.22182731795788174,0.30820856256182844,0.3449416755476344,0.38049089514189394,0.3286751089559811,0.35577581630449323,0.24424007103007223,0.3011321896570614,0.299541393180436,0.3103256446790218,0.15518850019472985,0.20218936474442745,0.24492621150186977,0.32085092160094936,0.3017083972779561,0.24333407989648514,0.31744997984554946,0.29527666455584445,0.3076682531548307,0.08102409363795197,0.17880297612717352,0.2143194301978575,0.2515262047379549,0.30669228822020417,0.15410675970706644,0.4568884912734707,0.0011531840522674868,0.322904110986956,0.21182502898651034,0.39504937076027935,0.2928339445947906,0.06779529966087108,0.4065117581290367,0.23776190045984932,0.24213771893543298,0.5641662545458711,-0.12299483110884925,0.2514980623765067,0.28477076878540397,-0.19969141473863175,0.5083033104639699
0.2395370585869646,0.10024644943047666,0.007800122298753814,0.16814137353002007,1.3895566908999508,0.33010381985231413,0.14904187215130096,0.2178894140121103,0.2196089775485818,0.16019023436014393,0.15691547380313073,0.13826745467069895,0.19971534572513008,0.16873449384714082,0.10185742182343141,0.23649533132822392,0.20898704588899147,0.2297258211155551,0.6048763230110038,0.24934935019243284,0.1880774202704609,0.32682233139807465,0.18495719252330817,0.15426941615931236,0.15157807658950284,0.21917745114987525,0.35190163189676166,0.049752520785047126,0.12561696663974362,0.3068108252664918,0.24349727165448162,0.23728104763698205,0.1393089344484141,0.38019594406463425,-0.054939439323471395,0.21122088482231824,0.3142145743680495,0.38469426031576404,0.18369534515491942,0.06270768950434061,0.19475492784670229,0.19257996041535697,0.45844539167487736,0.21933524927785678,0.07953611852824191,0.22621795562615443,0.29136344505055745,-0.14693619486931817,0.3308768697081829
0.0970434006210593,0.28739474684016586,0.19090609655609148,0.220903290882485,0.33010381985231413,1.0163739567743957,0.10935088472432612,0.21937920409911674,0.1652599018749458,0.2139806571253672,0.2190835933943365,0.18414069250175577,0.24061465923241254,0.1548365332524331,0.1398953348585967,0.1979302756838071,0.3392887815292237,0.25413531206164813,0.561285742410098,0.38761305257079043,0.26096111222066526,0.47037760568892295,0.22361243656008417,0.20705729727006278,0.22930673089765954,0.223843533570692,0.38264145239147096,0.03343870196140894,0.41777215327000733,0.1814260368823077,0.24488535702909078,0.2887613099007221,-0.0469878254783699,0.37465236153860176,0.08161128784959308,0.17878120435127742,0.20090747377930745,0.4245829111731775,0.26862202339050456,0.15741273970639558,-0.0029623894838718638,0.2694951971713004,0.5568290767904353,0.3382488841119449,0.40264085606890637,0.16255847444992882,0.26666444133231265,-0.03970337166912343,0.1121516433246281
0.18740531828263332,0.07138515398181432,0.2006166549246114,0.41191585325139063,0.14904187215130096,0.10935088472432612,0.695711389367787,0.09843309858541605,0.32569125103826274,0.24792782238121777,0.23048171887924257,0.2846961634632479,0.24303519116159578,0.1379065328277471,0.15711228958881315,0.15271216334281662,0.20606834241641064,0.2418150610809539,0.13313694811825727,0.13364593571378308,0.22344354946931957,0.2976055419564523,0.2198962153505591,0.18558727718709422,0.20238047374003282,0.2687822963379946,0.2585798349933092,0.09447381689659196,0.13143823348538858,0.18134266282819034,0.20467709797323566,0.2438213338356481,0.1936864773195923,0.2990154541309726,-0.00214142596125965,0.22146857261196898,0.16922501409228047,0.2670723714951804,0.19422351440070645,0.052566822336169695,0.27608490766949567,0.22076588900801963,0.2869129900361521,0.20949199523656556,-0.08516638344757739,0.2621136154261876,0.2523388991650019,-0.18715379278944938,0.44401500931289495
0.0803865893999675,0.11091082207055604,0.5846541085408309,0.3573485142847879,0.2178894140121103,0.21937920409911674,0.09843309858541605,1.291279694925107,0.10871607063406384,0.2935575291803832,0.43993636836658273,0.28146495986756226,0.38410502379259015,0.25328641157588283,0.23855679271745006,0.21219253613934577,0.4061908981097569,0.32521036456442287,0.21718435151841672,0.3485908323770004,0.24079002505146774,0.21549336274353117,0.22107365243924001,0.18070162104751664,0.33552084080971134,0.2761272026002474,0.3911223028056921,0.37192067319666944,0.2709011048811005,0.08127041451255977,0.2561689311620027,0.2450909965112151,0.2696475243948397,0.38120315301169466,0.4673005269808083,0.26125578970076196,0.35015813812059116,0.1690175926970838,0.5176474925549289,0.007336589721355839,0.3034499386174885,0.246816535876048,0.3676464773022725,0.11413962971591637,-0.05731230132903618,0.3766522494744904,0.2696265192772167,-0.2389351143233533,0.4729322526488775
0.13390576915185087,0.1013917096108405,0.5006083583721093,0.22182731795788174,0.2196089775485818,0.1652599018749458,0.32569125103826274,0.10871607063406384,0.7736773129037368,0.1654882003827397,0.17996210087226588,0.14835344235207387,0.22029245889222157,0.23955478779181305,0.122251508424356,0.11861783702276836,0.17981327769562527,0.23768695302779644,0.13855626192256557,0.052185465571272446,0.25629528797106665,0.26268080144209577,0.1639460726712253,0.18244398027726985,0.15780063034254135,0.3957023470612995,0.3869089104709276,0.16257970249040443,-0.04210068469053752,0.20724330392341328,0.24421773390425164,0.25098178740466603,0.3046307754794041,0.08302159787629444,0.01877875656011908,0.23287783731663705,0.11664148352693039,0.33658726697804825,0.15799162064951697,0.017668794361481225,0.22362032812342336,0.2524442534774779,0.4292535354376717,0.143489256511906,0.023269647707536666,0.3652548763918909,0.26736577565309866,-0.29805942238707034,0.6260371805655521
0.1305054946919217,0.18553192495074836,0.31923179306963223,0.30820856256182844,0.16019023436014393,0.2139806571253672,0.24792782238121777,0.2935575291803832,0.1654882003827397,0.5694819137679953,0.23279826807393064,0.24895631789867217,0.27062117471882974,0.1582206349988941,0.2354450257602803,0.18381217757204366,0.26845003176633503,0.272382784853246,0.1909325282395415,0.13683143849648302,0.18731762598617535,0.3037374538223479,0.29176731556122865,0.20920772478885455,0.2533899036825815,0.180272521037927,0.2560772029615358,0.15167187052671316,0.28313014783783635,0.19572775763069217,0.20530194985096778,0.21188606450984243,0.10456294146686096,0.43520503374169955,0.19322757651182498,0.2932265726026673,0.23923660509799788,0.18621655681492197,0.26108069299602404,-0.010844994840147042,0.31597239822094386,0.19110297652385058,0.2182849046224414,0.17998511125201871,-0.13884945311982055,0.3123211566161465,0.2728660302383812,-0.21985421067481734,0.3299652299088594
0.10362680964054599,0.016454335041875934,0.41493194543801154,0.3449416755476344,0.15691547380313073,0.2190835933943365,0.23048171887924257,0.43993636836658273,0.17996210087226588,0.23279826807393064,0.5037596615902313,0.3291659503617103,0.33967656661311274,0.1828033890126936,0.2881892313995425,0.20118482964581952,0.3116518928070327,0.2826897624345732,0.18013307796824854,0.28437806422925205,0.2500374106626339,0.22510893136730642,0.18603129363804496,0.19544044627515159,0.2592821307264103,0.2393537149734053,0.35454210868781466,0.28562462642906983,0.22150219959908837,0.14655464871869836,0.26879657363123605,0.2510068676261631,0.2659801410273067,0.25931367781622366,0.3020126743973237,0.25754383944497805,0.23972999598584183,0.23137217392698622,0.35988863604437327,0.0433166892183137,0.2374132693450357,0.2514095453014616,0.3814685708597918,0.10889564714801299,0.0015105282388063448,0.36014482506261425,0.26985797807961825,-0.22653600222234987,0.43275960603601216
0.119505346897704,0.07913247759799677,0.3407503504964515,0.38049089514189394,0.13826745467069895,0.18414069250175577,0.2846961634632479,0.28146495986756226,0.14835344235207387,0.24895631789867217,0.3291659503617103,0.7181565590407829,0.3044905937897092,0.2111842448979186,0.24605300063550398,0.24932845030758863,0.23627240970984656,0.1884127868523993,0.15932945597223383,0.20071052983821297,0.20332105739530962,0.20087373299932673,0.12934233776174994,0.16521334612348834,0.2764763624980863,0.27273982407779357,0.2981333499233172,0.1699868636702492,0.12427342838968235,0.11480993392400667,0.20451200817808096,0.30571509897202176,0.2330609242970276,0.23601285938227531,0.11096107257086348,0.2371038845822693,0.14208770494081077,0.255139197956867,0.24911024916481772,0.0400043486455106,0.16322510860592065,0.20137281561376266,0.3139205425370402,0.1624891648192677,-0.0008995041275538113,0.28163341359566935,0.20050521709617136,-0.16722082769933538,0.32748144953093294
0.12053006258549878,0.07380741844512093,0.33946625228605243,0.3286751089559811,0.19971534572513008,0.24061465923241254,0.24303519116159578,0.38410502379259015,0.22029245889222157,0.27062117471882974,0.33967656661311274,0.3044905937897092,0.5605098619574252,0.21990807047534694,0.17280189607136934,0.2311602227065367,0.28954498379689475,0.2783343535487338,0.21961694468264698,0.18009020483470325,0.25375556634420676,0.36649626235115385,0.22191101430257248,0.20654448261710584,0.25466656995144504,0.23288507769295133,0.3397762698076872,0.278236468711798,0.254781183394841,0.16311308529855145,0.2414248412857107,0.3013070578793468,0.2794912757210994,0.2861765447302943,0.2781655111182985,0.24605135322475272,0.19279184261197588,0.22483895742505855,0.3603552520174098,0.05515536394978303,0.24528978574834925,0.2536692422572541,0.3990526943609074,0.17137165353633527,-0.05426379843620517,0.36526682637569896,0.2800845799654574,-0.2487035799798235,0.4510423964509347
0.12505665858939244,-0.04807361863044827,0.21886264213291495,0.35577581630449323,0.16873449384714082,0.1548365332524331,0.1379065328277471,0.25328641157588283,0.23955478779181305,0.1582206349988941,0.1828033890126936,0.2111842448979186,0.21990807047534694,0.5942631992076599,0.13362436298777855,0.30241065215494933,0.17871340577311276,0.12743901612399033,0.1370443935802256,0.16046504382388696,0.17378063550451217,0.19185551450707844,0.1246243603857164,0.15959567000796937,0.20413369801228337,0.23838513599336275,0.283247948703851,0.14522625129412797,0.13814228119561672,0.20072966718466045,0.17792107289123377,0.20810394924292677,0.12656147239519908,0.12963471024889722,0.16331977183923596,0.2642766514724544,0.14247913175992877,0.25378908889046525,0.15951099889473533,0.0799223199611997,0.2887232459405365,0.1692309890170368,0.3050365175282221,0.17031658277358191,-0.013716690803171602,0.30501169679566326,0.1929107456742191,-0.25045744557251787,0.4427665973321982
0.09912016477432699,0.0387431214719529,0.39614127137963134,0.24424007103007223,0.10185742182343141,0.1398953348585967,0.15711228958881315,0.23855679271745006,0.122251508424356,0.2354450257602803,0.2881892313995425,0.24605300063550398,0.17280189607136934,0.13362436298777855,0.7128977828742201,0.19174295801208907,0.25001134347160825,0.2606334200480283,0.1135257827000835,0.26392785367131355,0.22210738230307234,0.05069185846552075,0.11619924479478433,0.14454188755419722,0.25620454436840095,0.14677173567931082,0.3836591839685558,0.2284280639013108,0.2032955248214642,0.15065825776743694,0.24235812012382252,0.16188128602362992,0.22833319017328282,0.2172883503137202,0.22425614268056399,0.2876792902080821,0.26484514386820546,0.13499198519962216,0.2787088600257195,-0.002973006361802736,0.22698933368693744,0.22403242307968274,0.3287102999905228,0.030148903773261182,0.012722110264666865,0.3212625602771342,0.2311304381778396,-0.21405198437391798,0.34743709627116515
0.10135514823682053,-0.03447035978882385,0.16772971006008874,0.3011321896570614,0.23649533132822392,0.1979302756838071,0.15271216334281662,0.21219253613934577,0.11861783702276836,0.18381217757204366,0.20118482964581952,0.24932845030758863,0.2311602227065367,0.30241065215494933,0.19174295801208907,0.6981949493261436,0.2796879582294013,0.20202341544464036,0.2152532461434888,0.17162247926000432,0.1996836457161252,0.26548941327364034,0.12220722307313353,0.15999275901003154,0.24787173137932839,0.1767635993945959,0.39458809806650424,0.2590923592254527,0.22554132879053743,0.18961257177265192,0.20056334753737584,0.2681507608951811,0.20064531062562901,0.21221242695550763,0.30974617529631143,0.27314606433163646,0.19397635550581024,0.19192472162732668,0.2518900833974658,0.11872873791052807,0.25995495922720163,0.1953491731782644,0.4121312606225527,0.12390057995756325,0.004019185901791556,0.3019190346608487,0.2267302994014782,-0.21555670172324845,0.3795036806237433
0.08421780139807929,-0.0048165034822262,0.32431280484315356,0.299541393180436,0.20898704588899147,0.3392887815292237,0.20606834241641064,0.4061908981097569,0.17981327769562527,0.26845003176633503,0.3116518928070327,0.23627240970984656,0.28954498379689475,0.17871340577311276,0.25001134347160825,0.2796879582294013,0.7739670130393492,0.28902354638410915,0.2890669256825767,0.35881278659270466,0.31919029205233856,0.38785027518026893,0.18371059808004822,0.21033432216210707,0.32662313743181626,0.1460065402278317,0.6381674110716502,0.4552045082001716,0.25208016820614343,0.3081205104189123,0.33033124016157966,0.27531531100357026,0.4474098562888806,0.28745704533936156,0.42625753073394085,0.28416347428123573,0.5208064540611886,0.3944887283230943,0.40871935629039674,0.04518818208281601,0.2517246843460725,0.3401907031637896,0.7345460823606371,0.17531488600892975,0.1909814535145252,0.3988773218243273,0.3850338137778419,-0.2393475496063264,0.48256476632308637
0.13059574104059224,0.11437773496159089,0.3551825573855694,0.3103256446790218,0.2297258211155551,0.25413531206164813,0.2418150610809539,0.32521036456442287,0.23768695302779644,0.272382784853246,0.2826897624345732,0.1884127868523993,0.2783343535487338,0.12743901612399033,0.2606334200480283,0.20202341544464036,0.28902354638410915,0.896010827974625,0.2293297772302401,0.18007423543465872,0.35462547566637515,0.2655136472708441,0.5648414270731359,0.18296805600864605,0.3426842517192367,0.26338087037998814,0.5493871224395359,0.24767575025517433,0.4422443965796675,0.16137379541278432,0.38226707819781375,0.2351239176245176,0.2619407533349871,0.34150592540746233,0.22739668821730766,0.42727467218531956,0.3453918002421826,0.26020648281247594,0.2953711288900513,0.1486490781599114,0.5108048944202298,0.3563367573806703,0.5167273586649455,0.10854439518877297,-0.0960664246560086,0.6000293617681091,0.5226879541016713,-0.4329084478802063,0.5476479205994716
0.15153542128306233,0.055226706430561226,0.21818119978589146,0.15518850019472985,0.6048763230110038,0.561285742410098,0.13313694811825727,0.21718435151841672,0.13855626192256557,0.1909325282395415,0.18013307796824854,0.15932945597223383,0.21961694468264698,0.1370443935802256,0.1135257827000835,0.2152532461434888,0.2890669256825767,0.2293297772302401,0.9322425101590875,0.3481044261628701,0.22474265751111375,0.4394686904092613,0.10534830947414084,0.14934666380936917,0.1467308358685607,0.1478271714887668,0.42074863577004323,0.10938871203004902,0.20060353979215786,0.2809314063050702,0.283334694345943,0.2633484659285545,0.1241584320332795,0.3239472956979733,0.07230572327768092,0.24763056099766761,0.3077136278140446,0.4610955909393934,0.2393253146915286,0.053641125881250994,0.11387640616687558,0.22888767075193195,0.5666431394209329,0.25339876751813883,0.2869884989156091,0.251150566652655,0.2868301564682867,-0.16014442514543994,0.13555569410956997
0.06838548490318698,0.23931270606326666,0.23756900789218696,0.20218936474442745,0.24934935019243284,0.38761305257079043,0.13364593571378308,0.3485908323770004,0.052185465571272446,0.13683143849648302,0.28437806422925205,0.20071052983821297,0.18009020483470325,0.16046504382388696,0.26392785367131355,0.17162247926000432,0.35881278659270466,0.18007423543465872,0.3481044261628701,1.1512385984663764,0.12605524590797348,-0.02604532001971734,0.32987499987893953,0.2166496788880947,0.2387521694941494,0.178089333044884,0.21970549930521027,0.18925857315078468,0.6647370135557358,0.15062078064024773,0.1590899382378659,0.15748902573664875,0.03541420956405094,0.4136669199346198,0.30914371474119917,0.15810760473187974,0.46596272446715953,0.18656669441709034,0.25626347816883926,0.20583214442374137,0.3237217874265988,0.13277476506195451,0.28740727091526685,0.1045876180011391,-0.006872293286371364,0.29545942446976015,0.24088698893711674,-0.11668090318701768,0.48398246931586336
0.14277694795598042,0.2936745593750162,0.33126832298526354,0.24492621150186977,0.1880774202704609,0.26096111222066526,0.22344354946931957,0.24079002505146774,0.25629528797106665,0.18731762598617535,0.2500374106626339,0.20332105739530962,0.25375556634420676,0.17378063550451217,0.22210738230307234,0.1996836457161252,0.31919029205233856,0.35462547566637515,0.22474265751111375,0.12605524590797348,0.5482370580161506,0.277517001221779,0.1642507440873473,0.1662607754575268,0.2703701845023513,0.25820808654865424,0.5904093432837936,0.2759397997634994,0.13298034664938108,0.33150252256852997,0.3641222076490537,0.3004877829301314,0.38877575510333845,0.07619248731504781,0.16388636315995503,0.42179518769902075,0.2718229875795027,0.5072792394411231,0.3630325769724329,0.16933607055895863,0.3535011738210614,0.5384412694669619,0.7891778879831581,0.1725262111524171,0.32521882374874106,0.5226156932789054,0.4184789811770567,-0.37270029269913946,0.48733994714677087
0.1702905462966964,0.03281771807845117,0.27608351534346376,0.32085092160094936,0.32682233139807465,0.47037760568892295,0.2976055419564523,0.21549336274353117,0.26268080144209577,0.3037374538223479,0.22510893136730642,0.20087373299932673,0.36649626235115385,0.19185551450707844,0.05069185846552075,0.26548941327364034,0.38785027518026893,0.2655136472708441,0.4394686904092613,-0.02604532001971734,0.277517001221779,1.9967524832658206,0.1719742424798174,0.17927489923985643,0.22551868105408213,0.16472987513336865,0.6097736826977284,0.2857883187804005,0.20485195988282243,0.2947860672053418,0.3001629347308516,0.5356702463525618,0.3823616247670851,0.3981278041958815,0.20271428859665214,0.026739784957728028,0.28345826065822965,0.6301293505332572,0.375644522037159,-0.06125605750577948,0.0989990439618466,0.28823555268915857,0.9989261432727704,0.39726030377280325,0.3224885462210172,0.2613960902349775,0.3625295888010773,-0.27994293560261263,0.10536784398012773
0.06760175942589648,-0.11902475204971039,0.18903660022682503,0.3017083972779561,0.18495719252330817,0.22361243656008417,0.2198962153505591,0.22107365243924001,0.1639460726712253,0.29176731556122865,0.18603129363804496,0.12934233776174994,0.22191101430257248,0.1246243603857164,0.11619924479478433,0.12220722307313353,0.18371059808004822,0.5648414270731359,0.10534830947414084,0.32987499987893953,0.1642507440873473,0.1719742424798174,1.6341106278521953,0.4292815264367038,0.3983236598663619,0.10940319281129071,-0.24926589019303716,-0.0506715384644589,0.9342843555224754,-0.23242382803441994,-0.22806957807698866,0.13433850751777057,-0.11138464011860655,0.5450798392975181,0.010911233737022864,0.2378675455548925,-0.0858056456963366,-0.36071514411963673,0.18691337459379082,0.18271105656494727,0.3872300973603573,0.17209699878161058,-0.20626828029890312,0.04800060434378092,-0.652098576539336,0.35136504341389013,0.24705983760460862,-0.21936821509472634,0.41955614219344173
0.08719883235846272,0.01348001134619803,0.2247761020755633,0.24333407989648514,0.15426941615931236,0.20705729727006278,0.18558727718709422,0.18070162104751664,0.18244398027726985,0.20920772478885455,0.19544044627515159,0.16521334612348834,0.20654448261710584,0.15959567000796937,0.14454188755419722,0.15999275901003154,0.21033432216210707,0.18296805600864605,0.14934666380936917,0.2166496788880947,0.1662607754575268,0.17927489923985643,0.4292815264367038,0.6009378648861642,0.23660698384579926,0.17875518308690036,-0.04234276486262087,0.1720142186874162,0.310732259282089,0.29520086465247364,0.24138674810453065,0.18074304008133826,0.14896301630162828,0.3250626994462756,0.18879877854469135,0.33509778832163456,0.10673766485684093,0.11206130355034095,0.22271070108919955,-0.04555624389704046,0.17466729152012328,0.1615488580382158,-0.038472446307680375,0.07308361114334619,-0.21568797257664252,0.3048683710020715,0.26603693850177945,-0.169911806605449,0.511050643986944
0.12285802812248707,0.10800733593781765,0.3157760300892211,0.31744997984554946,0.15157807658950284,0.22930673089765954,0.20238047374003282,0.33552084080971134,0.15780063034254135,0.2533899036825815,0.2592821307264103,0.2764763624980863,0.25466656995144504,0.20413369801228337,0.25620454436840095,0.24787173137932839,0.32662313743181626,0.3426842517192367,0.1467308358685607,0.2387521694941494,0.2703701845023513,0.22551868105408213,0.3983236598663619,0.23660698384579926,0.9367279182464467,0.1730219798204879,0.4796859359139919,0.23889124078587076,0.38511576240335743,0.3725931273054347,0.20462144296626528,0.23897516577590364,0.20542163727429621,0.3670203048124941,0.2756628579930473,0.4159094326805943,0.33676399788022965,0.3410083728507269,0.3825629363418051,0.0535697843407849,0.4393277033570607,0.27817209918070523,0.4599124396449537,0.25091586487208756,0.01634992230476097,0.558634979908098,0.3770457554689129,-0.43885353706806196,0.19597577951975748
0.07384346907548796,0.21036458496740143,0.2563731665773521,0.29527666455584445,0.21917745114987525,0.223843533570692,0.2687822963379946,0.2761272026002474,0.3957023470612995,0.180272521037927,0.2393537149734053,0.27273982407779357,0.23288507769295133,0.23838513599336275,0.14677173567931082,0.1767635993945959,0.1460065402278317,0.26338087037998814,0.1478271714887668,0.178089333044884,0.25820808654865424,0.16472987513336865,0.10940319281129071,0.17875518308690036,0.1730219798204879,1.6688253344040742,0.2705381009567129,-0.09433281752156199,-0.4939112931484666,0.2078650839408068,0.2831757528279015,0.4899905600328452,0.03915731512971578,0.1767589038513688,-0.1892728600748124,0.054235763688102755,-0.35255746543674615,0.46379153104542054,-0.37548023352615445,0.196558297782891,0.6255167261402722,0.2646060023818363,0.3962912546043263,0.11624968744522336,-0.3656588422841779,0.4372344728118679,0.29201025644141587,-0.40021193408694766,1.1553450888296708
0.17907238245634965,0.21320869643865184,0.45953260360823045,0.3076682531548307,0.35190163189676166,0.38264145239147096,0.2585798349933092,0.3911223028056921,0.3869089104709276,0.2560772029615358,0.35454210868781466,0.2981333499233172,0.3397762698076872,0.283247948703851,0.3836591839685558,0.39458809806650424,0.6381674110716502,0.5493871224395359,0.42074863577004323,0.21970549930521027,0.5904093432837936,0.6097736826977284,-0.24926589019303716,-0.04234276486262087,0.4796859359139919,0.2705381009567129,3.832808824898795,0.834664407660869,-0.43763267280975915,1.33148105118839,0.7645029599445983,0.5150747281145046,1.3765643566746368,0.08422509230838199,0.32268740294767906,1.1159721024107243,1.0069721386791581,0.8428755564428514,0.5732011199645867,-0.02710697631556515,0.5635555693518383,0.6288916380779904,2.6784678711631162,0.03759027431694954,0.2878848068819722,1.1021906698736965,0.7720309236228277,-1.1305034570902215,2.2053202249399293
0.08982830373906175,0.1336529559315612,0.34890930717415375,0.08102409363795197,0.049752520785047126,0.03343870196140894,0.09447381689659196,0.37192067319666944,0.16257970249040443,0.15167187052671316,0.28562462642906983,0.1699868636702492,0.278236468711798,0.14522625129412797,0.2284280639013108,0.2590923592254527,0.4552045082001716,0.24767575025517433,0.10938871203004902,0.18925857315078468,0.2759397997634994,0.2857883187804005,-0.0506715384644589,0.1720142186874162,0.23889124078587076,-0.09433281752156199,0.834664407660869,1.709118655628576,-0.1735603539472681,0.4338242668582079,0.44640882844395147,0.18473327513295204,1.3199015957983564,-0.03136588499262481,1.7582607518152458,-0.015688978988587298,0.970914265627003,0.3329102239618043,0.5668067322487179,-0.1673647730196299,0.02187341513951534,0.24037324123602516,1.0132913324902741,-0.021153654095063215,0.18531943268963827,0.3105172041922769,0.4330460980113676,0.1087706699191113,0.7139290947794903
0.12149667814818697,0.44142850206307127,0.297075906079521,0.17880297612717352,0.12561696663974362,0.41777215327000733,0.13143823348538858,0.2709011048811005,-0.04210068469053752,0.28313014783783635,0.22150219959908837,0.12427342838968235,0.254781183394841,0.13814228119561672,0.2032955248214642,0.22554132879053743,0.25208016820614343,0.4422443965796675,0.20060353979215786,0.6647370135557358,0.13298034664938108,0.20485195988282243,0.9342843555224754,0.310732259282089,0.38511576240335743,-0.4939112931484666,-0.43763267280975915,-0.1735603539472681,3.2024531626074877,-0.8720609650368394,-0.19545790130362056,0.0477968252861736,-0.6592006113968277,0.7920783818734562,0.2762242241800986,0.8046186105565218,-0.6819136042486396,-0.7953029949396353,0.3510056894142845,0.29167026422648,0.8773205227337106,0.13129583383889618,-1.0615740510393992,-0.32512260917243624,-1.262055553038228,0.5332821648832371,-0.10284116180188169,-0.582405783096093,0.27160880364380885
0.11046342491345545,0.12330808476344315,-0.3629227661870298,0.2143194301978575,0.3068108252664918,0.1814260368823077,0.18134266282819034,0.08127041451255977,0.20724330392341328,0.19572775763069217,0.14655464871869836,0.11480993392400667,0.16311308529855145,0.20072966718466045,0.15065825776743694,0.18961257177265192,0.3081205104189123,0.16137379541278432,0.2809314063050702,0.15062078064024773,0.33150252256852997,0.2947860672053418,-0.23242382803441994,0.29520086465247364,0.3725931273054347,0.2078650839408068,1.33148105118839,0.4338242668582079,-0.8720609650368394,4.747193650881126,0.8942836171142499,0.30839318018139855,0.6614638225881961,-0.06009176343227102,0.2536774138806114,0.6749589053463482,0.9763248146982275,1.5013214770986343,0.7948137097362878,0.1568323331512782,0.91593689354787,0.361732382191235,1.7608778846862279,0.5260830188628307,1.320457586190503,1.609544908785109,2.015971753018905,-1.638078076396687,1.9815013113752267
0.14238719125619118,0.17192823684729122,0.33528148622833087,0.2515262047379549,0.24349727165448162,0.24488535702909078,0.20467709797323566,0.2561689311620027,0.24421773390425164,0.20530194985096778,0.26879657363123605,0.20451200817808096,0.2414248412857107,0.17792107289123377,0.24235812012382252,0.20056334753737584,0.33033124016157966,0.38226707819781375,0.283334694345943,0.1590899382378659,0.3641222076490537,0.3001629347308516,-0.22806957807698866,0.24138674810453065,0.20462144296626528,0.2831757528279015,0.7645029599445983,0.44640882844395147,-0.19545790130362056,0.8942836171142499,1.179632897493814,0.24572495707165934,0.5037660747254752,0.24275900668669154,0.3789639466994419,0.7007786341640777,0.5826127881306028,0.7989129314473256,0.3916955778917454,-0.07936139931267569,0.3826899646493776,0.35130285789025406,0.6365380574216821,0.26827402254044885,0.29185583810690546,0.6859354362833562,0.5932510029186304,-0.47791439934715424,0.4841909867573782
0.12241899771311665,0.08535778524694708,0.2963398366409497,0.30669228822020417,0.23728104763698205,0.2887613099007221,0.2438213338356481,0.2450909965112151,0.25098178740466603,0.21188606450984243,0.2510068676261631,0.30571509897202176,0.3013070578793468,0.20810394924292677,0.16188128602362992,0.2681507608951811,0.27531531100357026,0.2351239176245176,0.2633484659285545,0.15748902573664875,0.3004877829301314,0.5356702463525618,0.13433850751777057,0.18074304008133826,0.23897516577590364,0.4899905600328452,0.5150747281145046,0.18473327513295204,0.0477968252861736,0.30839318018139855,0.24572495707165934,0.8870035453447521,0.39188068044982366,0.22499632757507396,-0.0088076460773229,0.2605102087501508,-0.003023961756938545,0.5375560588541624,0.16135836239508136,0.037756257555554014,0.21765753786626738,0.2983238063534975,0.6095071178760764,0.20044417995065603,0.021787050771621158,0.457457376658232,0.353261049150114,-0.39497585567955307,0.5425672939037605
0.14137533221665027,0.10974112624544821,0.358268255341632,0.15410675970706644,0.1393089344484141,-0.0469878254783699,0.1936864773195923,0.2696475243948397,0.3046307754794041,0.10456294146686096,0.2659801410273067,0.2330609242970276,0.2794912757210994,0.12656147239519908,0.22833319017328282,0.20064531062562901,0.4474098562888806,0.2619407533349871,0.1241584320332795,0.03541420956405094,0.38877575510333845,0.3823616247670851,-0.11138464011860655,0.14896301630162828,0.20542163727429621,0.03915731512971578,1.3765643566746368,1.3199015957983564,-0.6592006113968277,0.6614638225881961,0.5037660747254752,0.39188068044982366,2.3596602810026486,-0.3459929874163032,0.3196345261929507,-0.24969178596230013,1.0510647722213158,0.5633647063530773,0.4616319073379959,-0.3873700097396681,-0.6265127514408722,0.3527308318980091,1.5863837724306507,-0.01929612348478624,0.3126052073555645,0.16498653031447535,0.6250085944801739,0.08894275921090286,1.4432718324027067
-0.028830655855278928,0.029248469801770056,0.29169381592847626,0.4568884912734707,0.38019594406463425,0.37465236153860176,0.2990154541309726,0.38120315301169466,0.08302159787629444,0.43520503374169955,0.25931367781622366,0.23601285938227531,0.2861765447302943,0.12963471024889722,0.2172883503137202,0.21221242695550763,0.28745704533936156,0.34150592540746233,0.3239472956979733,0.4136669199346198,0.07619248731504781,0.3981278041958815,0.5450798392975181,0.3250626994462756,0.3670203048124941,0.1767589038513688,0.08422509230838199,-0.03136588499262481,0.7920783818734562,-0.06009176343227102,0.24275900668669154,0.22499632757507396,-0.3459929874163032,2.184545719198684,0.27677649905218976,0.3919422618466662,0.6697495170884683,-0.24448742513675872,0.3238612919114702,-0.4651910091416822,0.5148419934976246,0.09422985697884093,-0.36069449046171637,0.17074511305821505,-1.0558608568288461,-0.07516537021637094,0.16965666586657735,0.20046086606807628,0.10302631173662045
0.035953223806529835,0.13962699527555647,0.3140677170867556,0.0011531840522674868,-0.054939439323471395,0.08161128784959308,-0.00214142596125965,0.4673005269808083,0.01877875656011908,0.19322757651182498,0.3020126743973237,0.11096107257086348,0.2781655111182985,0.16331977183923596,0.22425614268056399,0.30974617529631143,0.42625753073394085,0.22739668821730766,0.07230572327768092,0.30914371474119917,0.16388636315995503,0.20271428859665214,0.010911233737022864,0.18879877854469135,0.2756628579930473,-0.1892728600748124,0.32268740294767906,1.7582607518152458,0.2762242241800986,0.2536774138806114,0.3789639466994419,-0.0088076460773229,0.3196345261929507,0.27677649905218976,3.3048627838790425,0.1051829904588686,0.8246117690992574,0.06397566188416733,0.6685256797226475,0.03268584514971204,0.5503842703265229,0.13995217725782988,0.507426239473108,-0.04287225435225446,0.11136491636602172,0.3962099060649198,0.2748086040229245,0.18327408212149693,0.03892745316646657
0.16411179887459254,0.04174846306670245,0.5556741145649389,0.322904110986956,0.21122088482231824,0.17878120435127742,0.22146857261196898,0.26125578970076196,0.23287783731663705,0.2932265726026673,0.25754383944497805,0.2371038845822693,0.24605135322475272,0.2642766514724544,0.2876792902080821,0.27314606433163646,0.28416347428123573,0.42727467218531956,0.24763056099766761,0.15810760473187974,0.42179518769902075,0.026739784957728028,0.2378675455548925,0.33509778832163456,0.4159094326805943,0.054235763688102755,1.1159721024107243,-0.015688978988587298,0.8046186105565218,0.6749589053463482,0.7007786341640777,0.2605102087501508,-0.24969178596230013,0.3919422618466662,0.1051829904588686,3.916168413988343,-0.35423657373337303,0.2355795919062447,0.4235262597945012,0.46502626096725697,1.3557321761899377,0.36580403038461157,-0.8808520613660296,0.03643561680657302,-1.0910614387401634,1.8905518865438353,0.1809254315464943,-1.3697971373075009,0.38750679395213533
0.09987693720597188,0.667303953714899,0.26744163130305565,0.21182502898651034,0.3142145743680495,0.20090747377930745,0.16922501409228047,0.35015813812059116,0.11664148352693039,0.23923660509799788,0.23972999598584183,0.14208770494081077,0.19279184261197588,0.14247913175992877,0.26484514386820546,0.19397635550581024,0.5208064540611886,0.3453918002421826,0.3077136278140446,0.46596272446715953,0.2718229875795027,0.28345826065822965,-0.0858056456963366,0.10673766485684093,0.33676399788022965,-0.35255746543674615,1.0069721386791581,0.970914265627003,-0.6819136042486396,0.9763248146982275,0.5826127881306028,-0.003023961756938545,1.0510647722213158,0.6697495170884683,0.8246117690992574,-0.35423657373337303,3.458475712653155,0.9480786404451292,0.5629841299443482,-0.3833683734638978,-0.010436991482011966,0.26380395292272574,1.7333137965817185,0.5618971391815438,1.2336543144692351,-0.06430377992850367,0.7380058864659716,0.6556895254480632,-0.0012305644473235102
0.22841627307893825,0.3325622505460554,0.2799126536706072,0.39504937076027935,0.38469426031576404,0.4245829111731775,0.2670723714951804,0.1690175926970838,0.33658726697804825,0.18621655681492197,0.23137217392698622,0.255139197956867,0.22483895742505855,0.25378908889046525,0.13499198519962216,0.19192472162732668,0.3944887283230943,0.26020648281247594,0.4610955909393934,0.18656669441709034,0.5072792394411231,0.6301293505332572,-0.36071514411963673,0.11206130355034095,0.3410083728507269,0.46379153104542054,0.8428755564428514,0.3329102239618043,-0.7953029949396353,1.5013214770986343,0.7989129314473256,0.5375560588541624,0.5633647063530773,-0.24448742513675872,0.06397566188416733,0.2355795919062447,0.9480786404451292,3.026607015262107,0.24331535592947223,0.40091165006447127,0.6841500902055245,0.49810111958231534,1.9614238344458883,1.5149625510432787,1.5455619949181043,0.9621956137232691,0.9706750121715519,-0.8255872350585173,0.44980100859467576
0.11684577602275525,0.06293328946388249,0.3428503553024829,0.2928339445947906,0.18369534515491942,0.26862202339050456,0.19422351440070645,0.5176474925549289,0.15799162064951697,0.26108069299602404,0.35988863604437327,0.24911024916481772,0.3603552520174098,0.15951099889473533,0.2787088600257195,0.2518900833974658,0.40871935629039674,0.2953711288900513,0.2393253146915286,0.25626347816883926,0.3630325769724329,0.375644522037159,0.18691337459379082,0.22271070108919955,0.3825629363418051,-0.37548023352615445,0.5732011199645867,0.5668067322487179,0.3510056894142845,0.7948137097362878,0.3916955778917454,0.16135836239508136,0.4616319073379959,0.3238612919114702,0.6685256797226475,0.4235262597945012,0.5629841299443482,0.24331535592947223,1.8379711745806924,0.1378094647633303,0.06416229766156464,0.3632808471813244,0.5514555017552802,0.2187345362071745,0.627005707239345,0.512321837521381,0.552904341486157,-0.46555066378485166,0.6632313200078196
0.03718077780270896,0.127173009783388,-0.3951793866342864,0.06779529966087108,0.06270768950434061,0.15741273970639558,0.052566822336169695,0.007336589721355839,0.017668794361481225,-0.010844994840147042,0.0433166892183137,0.0400043486455106,0.05515536394978303,0.0799223199611997,-0.002973006361802736,0.11872873791052807,0.04518818208281601,0.1486490781599114,0.053641125881250994,0.20583214442374137,0.16933607055895863,-0.06125605750577948,0.18271105656494727,-0.04555624389704046,0.0535697843407849,0.196558297782891,-0.02710697631556515,-0.1673647730196299,0.29167026422648,0.1568323331512782,-0.07936139931267569,0.037756257555554014,-0.3873700097396681,-0.4651910091416822,0.03268584514971204,0.46502626096725697,-0.3833683734638978,0.40091165006447127,0.1378094647633303,2.2412256988976837,0.518036175329323,0.10491105846003222,0.3196535914823857,0.3292553138734893,0.7745753858229981,0.7318822542826345,0.22108403061664633,0.19682039324785797,-0.007498033990330023
0.1300811209302613,0.3001232220761767,0.27612082967898177,0.4065117581290367,0.19475492784670229,-0.0029623894838718638,0.27608490766949567,0.3034499386174885,0.22362032812342336,0.31597239822094386,0.2374132693450357,0.16322510860592065,0.24528978574834925,0.2887232459405365,0.22698933368693744,0.25995495922720163,0.2517246843460725,0.5108048944202298,0.11387640616687558,0.3237217874265988,0.3535011738210614,0.0989990439618466,0.3872300973603573,0.17466729152012328,0.4393277033570607,0.6255167261402722,0.5635555693518383,0.02187341513951534,0.8773205227337106,0.91593689354787,0.3826899646493776,0.21765753786626738,-0.6265127514408722,0.5148419934976246,0.5503842703265229,1.3557321761899377,-0.010436991482011966,0.6841500902055245,0.06416229766156464,0.518036175329323,3.2157008789906802,0.36105570643507234,-0.36820490456727367,0.8132139773692055,-1.4336469286025821,1.657920175900821,0.7881813972971384,-1.9130641506548056,1.5610657425067629
