0.7042731157622526,0.25837860102739424,0.2724538721065928,0.03901681836235679,0.23536384182532213,0.09399990099940822,0.19399504341356252,0.08061068106273643,0.12125160017766495,0.13202353276529932,0.10146910968361457,0.1209967413033011,0.1213836048201644,0.12294787021339738,0.0989756657098551,0.10443419397187405,0.0830269703866988,0.13118413157570596,0.15006695782179527,0.06800159070902013,0.13991316548006208,0.16980712051166405,0.07018142071940804,0.08825876917028214,0.12254342172857043,0.06681118527631814,0.17003186040039706,0.09331790862578715,0.13187193674655626,0.09982762326147755,0.13956482304552975,0.12047189569371175,0.14065173086663937,-0.023072083022060496,0.036445065613697425,0.16070140839953095,0.0959909400268161,0.2137245783078947,0.11581330534838842,0.03204339190829154,0.13156008950952264,0.13144487614029288,0.2115393683344452,0.09841560151248119,0.09072319895796613,0.23062379003047107,0.14150755520142436,-0.18592145678062788,0.16227788361207374
0.25837860102739424,3.907247701089729,0.19276169992266592,-0.4087831203288556,0.08230910969056145,0.2761924544179059,0.05042413999907502,0.09098916747658733,0.08675061015238181,0.18301954497054473,0.0029066279005161,0.07356276213336208,0.0801998100852832,-0.050078171375933574,0.041590672918491896,-0.025967269847629957,-0.007118574780861902,0.12026158675073795,0.04440285084034976,0.23103811717266617,0.28977300067021483,0.04003219616228667,-0.10839749171681629,0.014688123874620424,0.10582805824018471,0.18494301662248286,0.1935213115377765,0.15325301788040652,0.45695374270172817,0.11687085672864474,0.16567762048413928,0.08147242545648044,0.12006594207965268,0.017467770267782765,0.14029474864177205,0.019892349556460923,0.6517236296510655,0.3058601360063168,0.06161736060659095,0.11836421266093117,0.2958577859451297,0.268156708887861,0.4320982247894178,0.04368657521651418,0.34304654056756706,0.21166025609729422,0.21024381520225668,-0.027238369041327887,0.2324315929490129
0.2724538721065928,0.19276169992266592,2.4608283073266115,0.3029631168837195,0.013293550258410405,0.193427169517803,0.17473944285915324,0.6027729209982992,0.5412952856611013,0.32931803531584747,0.409613975637352,0.3316448407426059,0.3473006763290902,0.2148707110269299,0.3761490317234419,0.15731531789957365,0.31305874821417073,0.3635477059659922,0.21498661331572178,0.2271437892898374,0.3202486063864733,0.28459131046936265,0.19521132215330936,0.22756719331562744,0.31645370193235983,0.27575515506719095,0.46116162314196485,0.35684430506546067,0.306534906560645,-0.3552424092717167,0.3421608317843041,0.2988985436421426,0.3633073897822456,0.29922445617212273,0.32391110297612674,0.5811528973161837,0.25292938281273325,0.2723845110239467,0.3528719982391299,-0.40705878291501985,0.2841603685884006,0.3288490684586597,0.33488325236335326,0.08068241798218861,0.006857728567507784,0.6658815039236141,0.12120115677526247,-0.5919665813331424,0.09933936953205352
0.03901681836235679,-0.4087831203288556,0.3029631168837195,1.8308946519266025,0.16507539891386663,0.21807747170769382,0.4338830092451751,0.3483625077283851,0.21934576048955037,0.30710781243119084,0.3501374717984072,0.3783409859003767,0.32596360668444424,0.34963695236617254,0.23788396296467973,0.3031743419785162,0.30027238453601746,0.3128819766177413,0.15516321029223737,0.19873679526896212,0.2538560036021654,0.3275029504732251,0.3016067502980094,0.24059524154068251,0.3139594574862777,0.3062891260566561,0.3165531258429511,0.07137435859108371,0.1589264886684802,0.20724413695107716,0.2512227140399656,0.30712153724007224,0.15316856242630714,0.44316629992067863,-0.01696933424403553,0.296897476807,0.2053781799809016,0.40973018245113874,0.28531281435219086,0.08425543972636274,0.41316369521959384,0.2518589936126044,0.3022621566795185,0.5800771224133452,-0.10479394552891982,0.2513523438363776,0.288256115399238,-0.20410173922970437,0.5196833261560668
0.23536384182532213,0.08230910969056145,0.013293550258410405,0.16507539891386663,1.3714746527980959,0.3113042502207455,0.12488517206747539,0.20074152713469115,0.2110402005175815,0.157320757719064,0.14903615103383272,0.15844795795839428,0.20348012504117494,0.17430507628970793,0.11122151669992997,0.2476220711008709,0.19819270343586345,0.21837952612302655,0.587384576598522,0.23292031796306537,0.18359946672168298,0.3172603831534301,0.16736171066870667,0.150208490041716,0.14982356938018418,0.21244719718713398,0.3281124699265358,0.046692790417935184,0.11307169499587921,0.28858075497527985,0.23563895232085638,0.23330780064484286,0.13204545589633543,0.3504011154441746,-0.05869505983088736,0.20036240320975843,0.2981485231020246,0.3811457797200331,0.17851992413359632,0.07188597039873214,0.20567243981556682,0.18183274002618446,0.41988673436390805,0.24949209067753741,0.08793741384865877,0.2159326783682066,0.277218386923322,-0.13061397269256125,0.31765382909163836
0.09399990099940822,0.2761924544179059,0.193427169517803,0.21807747170769382,0.3113042502207455,0.9868794093301724,0.09516929160455946,0.20781175396618726,0.15946227452671094,0.21194338083286132,0.2101615044466685,0.19046202213806707,0.23946980706500212,0.15881108354541976,0.14172393537007294,0.20322103084140347,0.32501231575289985,0.2467027599230997,0.5358085887889825,0.3675520416877836,0.2583398059769202,0.4575802433111945,0.21156851191602985,0.2013598194955483,0.22455606775916162,0.21058086899077189,0.3470141995413004,0.027584555864992196,0.4060087399613448,0.17059990776634776,0.23470911479173673,0.27943903480425647,-0.05906404310392801,0.34597000252833515,0.07377208564227435,0.1608938195633964,0.18613543887222309,0.41806629987045685,0.26336316010388344,0.1633287140508442,0.006862532964593977,0.2603739653331384,0.5145599528816438,0.37136979704040307,0.41449551539277085,0.1512278287864335,0.25885464164473176,-0.01743479991111869,0.10950105351073951
0.19399504341356252,0.05042413999907502,0.17473944285915324,0.4338830092451751,0.12488517206747539,0.09516929160455946,0.7589080612149962,0.08350505176376419,0.2709949590335869,0.23797809236579565,0.23494893900259503,0.2937671017071446,0.25373870769115936,0.12843101409566196,0.1536105893550105,0.17234579773239792,0.20606709845521856,0.24990740476051446,0.12709540549844445,0.1299097265505859,0.22735891101573982,0.3157647920694844,0.22234303258016194,0.18089453420090326,0.20681589616879476,0.2512171817739561,0.24620747557023587,0.08449617021072904,0.14893034470782338,0.16937629500524215,0.20249973662175405,0.24662483095323143,0.18988145949654234,0.29872892870259893,-0.01318750803779428,0.21234725101348326,0.16221820722446778,0.266552572741534,0.20164938140993033,0.06971161190073188,0.28946958675377793,0.22676603687936303,0.2910889907142686,0.23991740341219925,-0.06900723461593601,0.25479108243400644,0.2531203787244681,-0.17726194102761367,0.42114919160075265
0.08061068106273643,0.09098916747658733,0.6027729209982992,0.3483625077283851,0.20074152713469115,0.20781175396618726,0.08350505176376419,1.256175489671433,0.11230101746521373,0.29114277592854637,0.4267200421249122,0.2865149802741777,0.3891737148833565,0.24849791935555005,0.23715575433009117,0.21507676803335726,0.3928234971925581,0.3318863466158368,0.2022804864789826,0.34655336650955515,0.22286624573515207,0.2173204815597475,0.23190654700110538,0.18178747760322447,0.33404547738317586,0.29366032092845507,0.3822221665871455,0.37258120737633055,0.2799847194346062,0.06611457188185721,0.2549252663516653,0.24759999129582322,0.26484252613449466,0.38794586493496797,0.47400705225718615,0.2922988160547138,0.3241150955851407,0.14617669828044466,0.5121334435743153,0.001740038737993198,0.3159464812511386,0.22978704472615027,0.2971976656290455,0.10441387784321832,-0.0983182151283173,0.38308155148475176,0.25827425006498733,-0.24923228974504727,0.4623619091798297
0.12125160017766495,0.08675061015238181,0.5412952856611013,0.21934576048955037,0.2110402005175815,0.15946227452671094,0.2709949590335869,0.11230101746521373,0.7631568340950007,0.16765964183428786,0.1717248638005623,0.15686070250776457,0.24863301101388285,0.24087587971662663,0.1394523755584393,0.1525309721674886,0.18395207006827202,0.24509710675261404,0.13466726018005556,0.03719021232754227,0.2609140903519034,0.27356877152901254,0.15584729863915373,0.18209776251548215,0.16832979061136707,0.3781991269840473,0.39685626178450006,0.18848747250481376,-0.014145545966354582,0.19658263132024908,0.25189525335623436,0.25893115093922775,0.331088789197567,0.06875750281346857,0.047464829249802144,0.24636294658339802,0.10493439755006259,0.3153371102453987,0.1763182139006428,0.006034537358483598,0.23103510074741745,0.2572127619360797,0.40997826101618395,0.15491425358332375,0.016825048785687257,0.37726209407710365,0.26698202971239104,-0.3002793807039345,0.6336126777135794
0.13202353276529932,0.18301954497054473,0.32931803531584747,0.30710781243119084,0.157320757719064,0.21194338083286132,0.23797809236579565,0.29114277592854637,0.16765964183428786,0.5787817372290953,0.2290016843070524,0.24936478141773077,0.2756726456423875,0.15652668670953343,0.22919614602529145,0.1813230708348894,0.26233899770605806,0.2738280815016058,0.18723988276548784,0.13481531198626762,0.17631325915000473,0.3019004617962491,0.2983949322575616,0.20949763949425593,0.25081743899528897,0.19300106657211313,0.24753405471387985,0.1489953494536834,0.27684783679639985,0.19564044507067413,0.20323071363205794,0.21274791376988614,0.10099510764838293,0.4293323340012446,0.19162081000270847,0.302038302412751,0.22906165959907157,0.18674294033003502,0.2587724229231342,-0.006359988067882446,0.3220365463157171,0.18180967084864913,0.1966618728673398,0.18488517472780525,-0.1373259019585525,0.31830932835336334,0.27123353815834655,-0.22780661736104094,0.3194307424767855
0.10146910968361457,0.0029066279005161,0.409613975637352,0.3501374717984072,0.14903615103383272,0.2101615044466685,0.23494893900259503,0.4267200421249122,0.1717248638005623,0.2290016843070524,0.517181810747424,0.34302668938618514,0.31870079091058895,0.18173489912183513,0.28238396203598976,0.20599356270651628,0.3096291010785737,0.2764740109036532,0.17148841590721045,0.2917130758050413,0.23994001879771318,0.21369813164159698,0.182016705335681,0.1958009193283823,0.26112699397271805,0.23690455007379704,0.343756231730086,0.28321438415871325,0.22859422196384255,0.1477934497082679,0.2721512312644958,0.24680464881040748,0.2581181140854345,0.2629194444379234,0.3046924208631471,0.275843844366138,0.23455155266921188,0.22908678211917105,0.36244359021007533,0.046250113054065685,0.24930478535099723,0.2427481392549804,0.3355046079393164,0.11822675634728134,0.0026334149773066954,0.356393734464009,0.2644518866055184,-0.21805072536868494,0.4169270651204317
0.1209967413033011,0.07356276213336208,0.3316448407426059,0.3783409859003767,0.15844795795839428,0.19046202213806707,0.2937671017071446,0.2865149802741777,0.15686070250776457,0.24936478141773077,0.34302668938618514,0.703684576565433,0.28707115709985426,0.2020280985224613,0.214614840485344,0.2506093113438923,0.24299067372482686,0.1881506574151996,0.16915375104881328,0.2159343932971393,0.19738397287484175,0.19834483258675276,0.1410024628378949,0.1702308878641602,0.27026139706248353,0.29361430836118424,0.28820180379354843,0.16504951782968946,0.12257678227130676,0.1161344039230454,0.20407111933009553,0.306243931410119,0.22843146815815793,0.2526383181021487,0.1100494196157688,0.23726070324494228,0.1406478868772374,0.25407675748087355,0.24467939394921834,0.04183204580042422,0.17556857679097781,0.19792780139377655,0.2837113446712533,0.1723425497522698,-0.017647938927137657,0.2735125343110627,0.2012690538724925,-0.15393953523416784,0.3426487962376204
0.1213836048201644,0.0801998100852832,0.3473006763290902,0.32596360668444424,0.20348012504117494,0.23946980706500212,0.25373870769115936,0.3891737148833565,0.24863301101388285,0.2756726456423875,0.31870079091058895,0.28707115709985426,0.587004148214051,0.20966422237406232,0.1522341438476995,0.23009518972670542,0.28557876566489593,0.28176157120934153,0.22166607865103957,0.16242783914047276,0.25164907679481124,0.3841067760969509,0.22561175245085335,0.20863843177532582,0.2532554629309176,0.24021853556173609,0.33466026666525517,0.27686281636834076,0.2563510851219513,0.1696657054542936,0.2446223106662192,0.3066195094057542,0.2857332971252353,0.2822419153364761,0.27564423502821156,0.2573795887302847,0.18053408137006544,0.22735456769852186,0.37042212899219,0.05908736226355585,0.2584260281280327,0.2527811207932232,0.3756954381794345,0.19565601298648236,-0.05140417751037727,0.37061002325845815,0.28436468928291536,-0.25207812100932975,0.4581997617724212
0.12294787021339738,-0.050078171375933574,0.2148707110269299,0.34963695236617254,0.17430507628970793,0.15881108354541976,0.12843101409566196,0.24849791935555005,0.24087587971662663,0.15652668670953343,0.18173489912183513,0.2020280985224613,0.20966422237406232,0.5821933343490806,0.15131053665338376,0.29393037279380047,0.1820221185022977,0.12305962060270714,0.1398679239282942,0.17359865650508,0.16703091849052765,0.17445038683680084,0.1261997277518024,0.1621479481630919,0.19937683346650348,0.24365122097898445,0.27715875982845295,0.1491550686049948,0.13791744440007894,0.19685919139011201,0.1767594377463196,0.20189960308663724,0.1303389915295065,0.13100770200493023,0.16054803023020722,0.2618493947566314,0.14294707015055524,0.24039398414972607,0.1532480670041053,0.07526807426303044,0.2947723242709708,0.1646512812004187,0.2747757657084869,0.17215180657442775,-0.03114596803593523,0.2949311306375544,0.18795256584270909,-0.23489081246389093,0.45852048997050926
0.0989756657098551,0.041590672918491896,0.3761490317234419,0.23788396296467973,0.11122151669992997,0.14172393537007294,0.1536105893550105,0.23715575433009117,0.1394523755584393,0.22919614602529145,0.28238396203598976,0.214614840485344,0.1522341438476995,0.15131053665338376,0.7034756559427655,0.15582019600716449,0.24994118736577117,0.26035897218865195,0.11705461490700017,0.2746391767178869,0.21411931973622284,0.04031857945711861,0.11991500966260488,0.14444087313904988,0.2523093291793362,0.1379046373563443,0.380570247636094,0.2220699042595228,0.21185530290558907,0.17361004735193122,0.24874436552128099,0.14642981980387043,0.21529588456536705,0.22369494884520436,0.21842704053868622,0.30049733106144605,0.27753291018795606,0.14620413434068968,0.278538816218696,0.0008748231882290083,0.24201275993574461,0.21916704663708267,0.30472514390087213,0.048235518951270255,0.03893771397044203,0.31806441346148606,0.23914414706006265,-0.20643050675688204,0.34164161504414026
0.10443419397187405,-0.025967269847629957,0.15731531789957365,0.3031743419785162,0.2476220711008709,0.20322103084140347,0.17234579773239792,0.21507676803335726,0.1525309721674886,0.1813230708348894,0.20599356270651628,0.2506093113438923,0.23009518972670542,0.29393037279380047,0.15582019600716449,0.6838512256106436,0.2745810190416224,0.1820468140119978,0.22021649712009056,0.16741032147142612,0.1884600008879918,0.2634893247206481,0.11928934172273717,0.1627385261061773,0.23596619488036236,0.19481258585333272,0.3720054494289581,0.24705190948404823,0.1952345713682035,0.19791445194283674,0.19507430290179922,0.26776063003151174,0.19748350860009325,0.20252995526534406,0.28824915095302567,0.26458434128989666,0.18586185245569434,0.20643106255624166,0.24651535740977043,0.12722940987871076,0.26883654021559555,0.1866822109891484,0.38080644530082436,0.15400676166510838,0.017116128181155273,0.2867061947202672,0.221650976687177,-0.1967687671047764,0.3875125808970231
0.0830269703866988,-0.007118574780861902,0.31305874821417073,0.30027238453601746,0.19819270343586345,0.32501231575289985,0.20606709845521856,0.3928234971925581,0.18395207006827202,0.26233899770605806,0.3096291010785737,0.24299067372482686,0.28557876566489593,0.1820221185022977,0.24994118736577117,0.2745810190416224,0.7618858970125217,0.27142357520894944,0.2739755040331665,0.349048960573914,0.3052801050525585,0.3802785701854907,0.17742867436281712,0.20802218304671835,0.32545908059878637,0.12900025001400886,0.6149205944776215,0.44936184091653936,0.24858709081224148,0.31612243729709827,0.32414442918928715,0.26534459724955944,0.4339740423712143,0.2772333846859149,0.4199774946776732,0.2913721884013796,0.5144530426538878,0.39197478338535047,0.4138368369896074,0.05153491490611208,0.26648503476996677,0.3269902721280011,0.6792401862360513,0.20692781494695725,0.21785643376742705,0.38301668233689257,0.3776175426824784,-0.21731505530682313,0.45774209005034505
0.13118413157570596,0.12026158675073795,0.3635477059659922,0.3128819766177413,0.21837952612302655,0.2467027599230997,0.24990740476051446,0.3318863466158368,0.24509710675261404,0.2738280815016058,0.2764740109036532,0.1881506574151996,0.28176157120934153,0.12305962060270714,0.26035897218865195,0.1820468140119978,0.27142357520894944,0.8852739674419564,0.22206478103377333,0.169460854919865,0.33900563378360804,0.2650136597693875,0.5624088450866092,0.182634039690135,0.33903169284470414,0.24249548211289915,0.5286183569878254,0.24437255102218117,0.44134046473377936,0.15683906723798668,0.37923669669861143,0.2255844175103233,0.26027852483361164,0.34203103611112423,0.2167805808209221,0.434528117075815,0.3351736228777614,0.24881066419918005,0.30587545461520865,0.14064963763670285,0.5111344659696301,0.3399271569274006,0.4587736934108584,0.13622229483952672,-0.0851961414852173,0.5842531985138624,0.51250417189444,-0.4118242570693408,0.529748019453018
0.15006695782179527,0.04440285084034976,0.21498661331572178,0.15516321029223737,0.587384576598522,0.5358085887889825,0.12709540549844445,0.2022804864789826,0.13466726018005556,0.18723988276548784,0.17148841590721045,0.16915375104881328,0.22166607865103957,0.1398679239282942,0.11705461490700017,0.22021649712009056,0.2739755040331665,0.22206478103377333,0.9039276184711998,0.3358625022176515,0.21803952001682259,0.4236018928904353,0.09498698783789918,0.14736495485782242,0.14316473991904158,0.13662974667948838,0.38268173868462924,0.10596018868742242,0.1994650463610777,0.26242543506978405,0.2708290566869096,0.2541969256602061,0.1109726116788867,0.3025693967542683,0.0687738898000764,0.2318857145977719,0.2967483450742738,0.44742002833892697,0.23303839010039124,0.06105901521980644,0.1267580555420918,0.2101593960456545,0.5057495939694313,0.2820854937816218,0.2815227410485207,0.23472675559664327,0.27329897970727024,-0.13518147719828616,0.1306244636753459
0.06800159070902013,0.23103811717266617,0.2271437892898374,0.19873679526896212,0.23292031796306537,0.3675520416877836,0.1299097265505859,0.34655336650955515,0.03719021232754227,0.13481531198626762,0.2917130758050413,0.2159343932971393,0.16242783914047276,0.17359865650508,0.2746391767178869,0.16741032147142612,0.349048960573914,0.169460854919865,0.3358625022176515,1.162186095235203,0.09850919794973853,-0.053132867854106036,0.3257732314168022,0.2182876678553403,0.24346027707496012,0.1550738904864554,0.2133485682595182,0.20437544976408253,0.6913626890378745,0.1462022979959188,0.1577294840380713,0.14351806274099926,0.02497730867685137,0.43725950364955274,0.33337883661278334,0.21488886013443848,0.47137510881236855,0.1544156163711799,0.26300012293572156,0.19163739644973954,0.3389564926118036,0.09928961404900243,0.17676432401040432,0.07370765372465435,-0.07290023101014356,0.2911149821399858,0.22005781478712355,-0.11743299065967625,0.46540196082868757
0.13991316548006208,0.28977300067021483,0.3202486063864733,0.2538560036021654,0.18359946672168298,0.2583398059769202,0.22735891101573982,0.22286624573515207,0.2609140903519034,0.17631325915000473,0.23994001879771318,0.19738397287484175,0.25164907679481124,0.16703091849052765,0.21411931973622284,0.1884600008879918,0.3052801050525585,0.33900563378360804,0.21803952001682259,0.09850919794973853,0.5563167614743276,0.2809123825224721,0.14872503198872328,0.15806332486007682,0.25696317851782446,0.23316195818929134,0.5442912500775247,0.2488415670338286,0.09328480492089733,0.3364565942840937,0.3544338638038463,0.2898353472176209,0.37586008872555976,0.031244738847722154,0.11291799569455599,0.3410008621907729,0.25582778472849105,0.5339029821187463,0.3581080647085611,0.1907651366819993,0.34422420123978953,0.547976996504303,0.8270405043558752,0.2751842007478619,0.4600954751931351,0.48548135347666266,0.4264833786713988,-0.31086230922867686,0.4703653245928982
0.16980712051166405,0.04003219616228667,0.28459131046936265,0.3275029504732251,0.3172603831534301,0.4575802433111945,0.3157647920694844,0.2173204815597475,0.27356877152901254,0.3019004617962491,0.21369813164159698,0.19834483258675276,0.3841067760969509,0.17445038683680084,0.04031857945711861,0.2634893247206481,0.3802785701854907,0.2650136597693875,0.4236018928904353,-0.053132867854106036,0.2809123825224721,2.012891043250911,0.18434097553712597,0.18138539595954312,0.22680615360896506,0.158110614270585,0.5778106889186493,0.2708042548711474,0.20145642552767026,0.2902228989152615,0.2878615977252918,0.5383674287272893,0.38532681019437737,0.3807422717353991,0.18549886891936376,0.010601788179231235,0.2632766375705877,0.6198176126182103,0.3825090652053785,-0.060757828501424846,0.11430715428213238,0.28872846433386484,0.9502303909670662,0.4500434927643137,0.33691469628592974,0.241054727542586,0.3628221565007797,-0.2473158235371602,0.11380389369431039
0.07018142071940804,-0.10839749171681629,0.19521132215330936,0.3016067502980094,0.16736171066870667,0.21156851191602985,0.22234303258016194,0.23190654700110538,0.15584729863915373,0.2983949322575616,0.182016705335681,0.1410024628378949,0.22561175245085335,0.1261997277518024,0.11991500966260488,0.11928934172273717,0.17742867436281712,0.5624088450866092,0.09498698783789918,0.3257732314168022,0.14872503198872328,0.18434097553712597,1.6373388536066118,0.42750392515082786,0.4042255357435076,0.10300174789535987,-0.239530270093158,-0.05149381400904456,0.927658208991433,-0.20383603235318815,-0.2286517395680105,0.14010619329826804,-0.09574431318935236,0.543009190942934,0.01190178152715098,0.2691479465930867,-0.0794685024420663,-0.35034312969313847,0.2022209946586685,0.18208375686121314,0.38228586482323235,0.15862101541416473,-0.1852102364346764,0.03411927489464102,-0.6197951437121905,0.37320206393412897,0.2551574923124179,-0.2506929543957154,0.4068813417900062
0.08825876917028214,0.014688123874620424,0.22756719331562744,0.24059524154068251,0.150208490041716,0.2013598194955483,0.18089453420090326,0.18178747760322447,0.18209776251548215,0.20949763949425593,0.1958009193283823,0.1702308878641602,0.20863843177532582,0.1621479481630919,0.14444087313904988,0.1627385261061773,0.20802218304671835,0.182634039690135,0.14736495485782242,0.2182876678553403,0.15806332486007682,0.18138539595954312,0.42750392515082786,0.5983488851965836,0.24051897233205596,0.1851191910752043,-0.03746772047343806,0.17004819546626185,0.3059245663620457,0.3069500281290277,0.24563722466706595,0.18351136842543841,0.14390217335276284,0.3206767709742913,0.19305481580955827,0.3700837111442078,0.11493818475726683,0.13365528052817183,0.2324855855189585,-0.028896425399229108,0.191394153365165,0.15524513523570882,-0.04083048632025793,0.06202294991779607,-0.20140840409567695,0.32968105844393686,0.267104430600983,-0.20430104059760354,0.4742487505477816
0.12254342172857043,0.10582805824018471,0.31645370193235983,0.3139594574862777,0.14982356938018418,0.22455606775916162,0.20681589616879476,0.33404547738317586,0.16832979061136707,0.25081743899528897,0.26112699397271805,0.27026139706248353,0.2532554629309176,0.19937683346650348,0.2523093291793362,0.23596619488036236,0.32545908059878637,0.33903169284470414,0.14316473991904158,0.24346027707496012,0.25696317851782446,0.22680615360896506,0.4042255357435076,0.24051897233205596,0.9330934744973646,0.17055752085321693,0.47770414655239524,0.25020740189423707,0.39020483089895086,0.3799700357753591,0.20559325738539103,0.23735992992775837,0.21700310589266147,0.3731398334501095,0.27521738985927313,0.4278151656149622,0.3340406637952291,0.3293162851106373,0.38739589801917784,0.0451754343839295,0.4418622632582419,0.2662303837247833,0.42892367670954157,0.25013474877428055,0.007117341875129045,0.5546774757195062,0.3759556836915826,-0.4338756093500353,0.20667065311699845
0.06681118527631814,0.18494301662248286,0.27575515506719095,0.3062891260566561,0.21244719718713398,0.21058086899077189,0.2512171817739561,0.29366032092845507,0.3781991269840473,0.19300106657211313,0.23690455007379704,0.29361430836118424,0.24021853556173609,0.24365122097898445,0.1379046373563443,0.19481258585333272,0.12900025001400886,0.24249548211289915,0.13662974667948838,0.1550738904864554,0.23316195818929134,0.158110614270585,0.10300174789535987,0.1851191910752043,0.17055752085321693,1.657657405554038,0.23661021103750904,-0.09941452503367353,-0.46632707760688374,0.15996033541642116,0.272730345146315,0.48999151051605333,0.0508721157741038,0.19292798343535375,-0.1765149744596335,0.05715413476885219,-0.4032235726196876,0.39212601996781027,-0.3808437096470672,0.1523832433071489,0.6063682120157032,0.23777281133880657,0.2666066416347297,0.14282672709550892,-0.4648436429745343,0.3975308883435151,0.25617260986259743,-0.34587826032768715,1.1949121342342666
0.17003186040039706,0.1935213115377765,0.46116162314196485,0.3165531258429511,0.3281124699265358,0.3470141995413004,0.24620747557023587,0.3822221665871455,0.39685626178450006,0.24753405471387985,0.343756231730086,0.28820180379354843,0.33466026666525517,0.27715875982845295,0.380570247636094,0.3720054494289581,0.6149205944776215,0.5286183569878254,0.38268173868462924,0.2133485682595182,0.5442912500775247,0.5778106889186493,-0.239530270093158,-0.03746772047343806,0.47770414655239524,0.23661021103750904,3.7232265180657107,0.8336316026897351,-0.3865857669288505,1.3262852348280798,0.7521666984720325,0.49037873764229295,1.3647846795032323,0.07480129549649141,0.30742863880608107,1.159215674637063,0.9606693524257889,0.7814228895365595,0.5995577116353915,-0.031207946383516167,0.6550610775348583,0.5792028460634351,2.356229832504583,0.17170153756292697,0.25924355288786594,1.046243522898914,0.7504428771332197,-1.0271402818384558,2.222878041082018
0.09331790862578715,0.15325301788040652,0.35684430506546067,0.07137435859108371,0.046692790417935184,0.027584555864992196,0.08449617021072904,0.37258120737633055,0.18848747250481376,0.1489953494536834,0.28321438415871325,0.16504951782968946,0.27686281636834076,0.1491550686049948,0.2220699042595228,0.24705190948404823,0.44936184091653936,0.24437255102218117,0.10596018868742242,0.20437544976408253,0.2488415670338286,0.2708042548711474,-0.05149381400904456,0.17004819546626185,0.25020740189423707,-0.09941452503367353,0.8336316026897351,1.711576370147219,-0.15583448839189565,0.5084104530386334,0.4595865803704319,0.17262123058151171,1.2974044158982458,-0.03131661031116771,1.7862454869886017,0.11097151824686666,1.0137206786368855,0.36895876647026277,0.6051885382069111,-0.14634363358197716,0.09410725898844727,0.21534987824861096,0.9019312372743838,-0.01496378077349571,0.23127617653707827,0.35814065406760165,0.44542391196297165,0.06462087576907483,0.6397962182754178
0.13187193674655626,0.45695374270172817,0.306534906560645,0.1589264886684802,0.11307169499587921,0.4060087399613448,0.14893034470782338,0.2799847194346062,-0.014145545966354582,0.27684783679639985,0.22859422196384255,0.12257678227130676,0.2563510851219513,0.13791744440007894,0.21185530290558907,0.1952345713682035,0.24858709081224148,0.44134046473377936,0.1994650463610777,0.6913626890378745,0.09328480492089733,0.20145642552767026,0.927658208991433,0.3059245663620457,0.39020483089895086,-0.46632707760688374,-0.3865857669288505,-0.15583448839189565,3.184068601086402,-0.7827284565424886,-0.1780579886334126,0.05822658365010056,-0.6282859064530418,0.7947904308836515,0.28949694055281233,0.9221807783011804,-0.6453880350901627,-0.7491915659284543,0.37602917894284754,0.2912382539001779,0.8778772963998043,0.0957031611563431,-1.0309813274729558,-0.4139782644675626,-1.2177122478284084,0.6076337743496057,-0.08135557234971445,-0.6987371705943025,0.2500126902439763
0.09982762326147755,0.11687085672864474,-0.3552424092717167,0.20724413695107716,0.28858075497527985,0.17059990776634776,0.16937629500524215,0.06611457188185721,0.19658263132024908,0.19564044507067413,0.1477934497082679,0.1161344039230454,0.1696657054542936,0.19685919139011201,0.17361004735193122,0.19791445194283674,0.31612243729709827,0.15683906723798668,0.26242543506978405,0.1462022979959188,0.3364565942840937,0.2902228989152615,-0.20383603235318815,0.3069500281290277,0.3799700357753591,0.15996033541642116,1.3262852348280798,0.5084104530386334,-0.7827284565424886,4.666165878304279,0.8607251217039508,0.3213327526183696,0.7180695606175947,-0.016666093548479664,0.29239716253466835,0.6393064834889483,0.9365185755158614,1.350807870648401,0.7795972070847249,0.05655464883714093,0.8850685227795198,0.353475560010722,1.62159266056151,0.4604057505462449,1.1578295328963446,1.5259153000279007,1.974701389747689,-1.5470100007410545,2.047159040366076
0.13956482304552975,0.16567762048413928,0.3421608317843041,0.2512227140399656,0.23563895232085638,0.23470911479173673,0.20249973662175405,0.2549252663516653,0.25189525335623436,0.20323071363205794,0.2721512312644958,0.20407111933009553,0.2446223106662192,0.1767594377463196,0.24874436552128099,0.19507430290179922,0.32414442918928715,0.37923669669861143,0.2708290566869096,0.1577294840380713,0.3544338638038463,0.2878615977252918,-0.2286517395680105,0.24563722466706595,0.20559325738539103,0.272730345146315,0.7521666984720325,0.4595865803704319,-0.1780579886334126,0.8607251217039508,1.1807313672152802,0.23381664441598454,0.49217085767606344,0.25138243509141894,0.3929691356047368,0.7235785039080977,0.5795262212836167,0.7788631413839318,0.39630685026885526,-0.08075236994008705,0.40309327066919515,0.3397110499243007,0.5428092237793829,0.26694436095723406,0.2414304947174432,0.6778706676918106,0.5705807046094492,-0.4689213168450753,0.44496601762013716
0.12047189569371175,0.08147242545648044,0.2988985436421426,0.30712153724007224,0.23330780064484286,0.27943903480425647,0.24662483095323143,0.24759999129582322,0.25893115093922775,0.21274791376988614,0.24680464881040748,0.306243931410119,0.3066195094057542,0.20189960308663724,0.14642981980387043,0.26776063003151174,0.26534459724955944,0.2255844175103233,0.2541969256602061,0.14351806274099926,0.2898353472176209,0.5383674287272893,0.14010619329826804,0.18351136842543841,0.23735992992775837,0.48999151051605333,0.49037873764229295,0.17262123058151171,0.05822658365010056,0.3213327526183696,0.23381664441598454,0.8963050918173102,0.4074131142916728,0.22615239504168513,-0.015371855780292914,0.2557774093510564,-0.03283458975663269,0.5072065374891341,0.16233845987422296,0.014854406670156271,0.21381456440908886,0.28615711282203826,0.5382527490407057,0.2143160328612637,-0.0002939455083126715,0.43978406586922436,0.35173320556004395,-0.3752348961972071,0.5650917751257295
0.14065173086663937,0.12006594207965268,0.3633073897822456,0.15316856242630714,0.13204545589633543,-0.05906404310392801,0.18988145949654234,0.26484252613449466,0.331088789197567,0.10099510764838293,0.2581181140854345,0.22843146815815793,0.2857332971252353,0.1303389915295065,0.21529588456536705,0.19748350860009325,0.4339740423712143,0.26027852483361164,0.1109726116788867,0.02497730867685137,0.37586008872555976,0.38532681019437737,-0.09574431318935236,0.14390217335276284,0.21700310589266147,0.0508721157741038,1.3647846795032323,1.2974044158982458,-0.6282859064530418,0.7180695606175947,0.49217085767606344,0.4074131142916728,2.3695310663481655,-0.3485524777962194,0.32022847906396296,-0.20411083996564472,1.0192943620839436,0.5420028774387309,0.48218418540279867,-0.3993841469840633,-0.5655365427290812,0.34430532823439813,1.4852123228487846,0.0032837968529784564,0.33321027795833713,0.164197452011706,0.6398625414530739,0.08001626736215943,1.4406548115185889
-0.023072083022060496,0.017467770267782765,0.29922445617212273,0.44316629992067863,0.3504011154441746,0.34597000252833515,0.29872892870259893,0.38794586493496797,0.06875750281346857,0.4293323340012446,0.2629194444379234,0.2526383181021487,0.2822419153364761,0.13100770200493023,0.22369494884520436,0.20252995526534406,0.2772333846859149,0.34203103611112423,0.3025693967542683,0.43725950364955274,0.031244738847722154,0.3807422717353991,0.543009190942934,0.3206767709742913,0.3731398334501095,0.19292798343535375,0.07480129549649141,-0.03131661031116771,0.7947904308836515,-0.016666093548479664,0.25138243509141894,0.22615239504168513,-0.3485524777962194,2.1868904824198157,0.3132956662771086,0.49071497676371234,0.6917044527873834,-0.2207356105461632,0.34700557198419757,-0.4466657876811475,0.5294220291566313,0.05001966959214075,-0.4419265409491019,0.10991759295710053,-1.0255121405209728,-0.015491757749600158,0.17076081814186506,0.12186497847455471,-0.016320798603782456
0.036445065613697425,0.14029474864177205,0.32391110297612674,-0.01696933424403553,-0.05869505983088736,0.07377208564227435,-0.01318750803779428,0.47400705225718615,0.047464829249802144,0.19162081000270847,0.3046924208631471,0.1100494196157688,0.27564423502821156,0.16054803023020722,0.21842704053868622,0.28824915095302567,0.4199774946776732,0.2167805808209221,0.0687738898000764,0.33337883661278334,0.11291799569455599,0.18549886891936376,0.01190178152715098,0.19305481580955827,0.27521738985927313,-0.1765149744596335,0.30742863880608107,1.7862454869886017,0.28949694055281233,0.29239716253466835,0.3929691356047368,-0.015371855780292914,0.32022847906396296,0.3132956662771086,3.3411587495462585,0.20223263237814326,0.8500061947047942,0.05886655703272446,0.6930968102148379,0.023199579522499104,0.5660086998101223,0.0913297263538486,0.3657715161210416,-0.10601233587528341,0.1115114425598352,0.420233100443802,0.2690118261671091,0.14657866506649156,-0.05803042804703394
0.16070140839953095,0.019892349556460923,0.5811528973161837,0.296897476807,0.20036240320975843,0.1608938195633964,0.21234725101348326,0.2922988160547138,0.24636294658339802,0.302038302412751,0.275843844366138,0.23726070324494228,0.2573795887302847,0.2618493947566314,0.30049733106144605,0.26458434128989666,0.2913721884013796,0.434528117075815,0.2318857145977719,0.21488886013443848,0.3410008621907729,0.010601788179231235,0.2691479465930867,0.3700837111442078,0.4278151656149622,0.05715413476885219,1.159215674637063,0.11097151824686666,0.9221807783011804,0.6393064834889483,0.7235785039080977,0.2557774093510564,-0.20411083996564472,0.49071497676371234,0.20223263237814326,4.066697389958579,-0.3425351094747913,0.12757966871038498,0.4405764168244255,0.40393854039064053,1.3535981754568263,0.28229053000960663,-1.119304304283842,-0.16880249242812329,-1.3740984003937107,1.9401364532186847,0.1343987359407505,-1.4685236167818665,0.3633445867222348
0.0959909400268161,0.6517236296510655,0.25292938281273325,0.2053781799809016,0.2981485231020246,0.18613543887222309,0.16221820722446778,0.3241150955851407,0.10493439755006259,0.22906165959907157,0.23455155266921188,0.1406478868772374,0.18053408137006544,0.14294707015055524,0.27753291018795606,0.18586185245569434,0.5144530426538878,0.3351736228777614,0.2967483450742738,0.47137510881236855,0.25582778472849105,0.2632766375705877,-0.0794685024420663,0.11493818475726683,0.3340406637952291,-0.4032235726196876,0.9606693524257889,1.0137206786368855,-0.6453880350901627,0.9365185755158614,0.5795262212836167,-0.03283458975663269,1.0192943620839436,0.6917044527873834,0.8500061947047942,-0.3425351094747913,3.4608898761301714,0.8943374193672525,0.5701685484335172,-0.3879116237173792,0.02446058805335595,0.2398346677355986,1.5468567539543885,0.5643157288520553,1.1801539491055726,-0.10448482784627687,0.7070615186442002,0.7144215793832351,-0.08383061566223773
0.2137245783078947,0.3058601360063168,0.2723845110239467,0.40973018245113874,0.3811457797200331,0.41806629987045685,0.266552572741534,0.14617669828044466,0.3153371102453987,0.18674294033003502,0.22908678211917105,0.25407675748087355,0.22735456769852186,0.24039398414972607,0.14620413434068968,0.20643106255624166,0.39197478338535047,0.24881066419918005,0.44742002833892697,0.1544156163711799,0.5339029821187463,0.6198176126182103,-0.35034312969313847,0.13365528052817183,0.3293162851106373,0.39212601996781027,0.7814228895365595,0.36895876647026277,-0.7491915659284543,1.350807870648401,0.7788631413839318,0.5072065374891341,0.5420028774387309,-0.2207356105461632,0.05886655703272446,0.12757966871038498,0.8943374193672525,2.8927536748161553,0.21161510820567936,0.3523137766333045,0.6651952111822538,0.5091577130182611,1.778239570970199,1.5735421265006695,1.3326113146051497,0.8408115328299383,0.9076324057994415,-0.6551102872937491,0.534731437786579
0.11581330534838842,0.06161736060659095,0.3528719982391299,0.28531281435219086,0.17851992413359632,0.26336316010388344,0.20164938140993033,0.5121334435743153,0.1763182139006428,0.2587724229231342,0.36244359021007533,0.24467939394921834,0.37042212899219,0.1532480670041053,0.278538816218696,0.24651535740977043,0.4138368369896074,0.30587545461520865,0.23303839010039124,0.26300012293572156,0.3581080647085611,0.3825090652053785,0.2022209946586685,0.2324855855189585,0.38739589801917784,-0.3808437096470672,0.5995577116353915,0.6051885382069111,0.37602917894284754,0.7795972070847249,0.39630685026885526,0.16233845987422296,0.48218418540279867,0.34700557198419757,0.6930968102148379,0.4405764168244255,0.5701685484335172,0.21161510820567936,1.8410778736026676,0.11876534648680612,0.0670137158629506,0.3566005614686458,0.5222063158647859,0.17230207531244107,0.5672104737863641,0.5097224152235866,0.5465891937836399,-0.47120190979747884,0.6714577955803043
0.03204339190829154,0.11836421266093117,-0.40705878291501985,0.08425543972636274,0.07188597039873214,0.1633287140508442,0.06971161190073188,0.001740038737993198,0.006034537358483598,-0.006359988067882446,0.046250113054065685,0.04183204580042422,0.05908736226355585,0.07526807426303044,0.0008748231882290083,0.12722940987871076,0.05153491490611208,0.14064963763670285,0.06105901521980644,0.19163739644973954,0.1907651366819993,-0.060757828501424846,0.18208375686121314,-0.028896425399229108,0.0451754343839295,0.1523832433071489,-0.031207946383516167,-0.14634363358197716,0.2912382539001779,0.05655464883714093,-0.08075236994008705,0.014854406670156271,-0.3993841469840633,-0.4466657876811475,0.023199579522499104,0.40393854039064053,-0.3879116237173792,0.3523137766333045,0.11876534648680612,2.223734773081866,0.5003047138783019,0.11960606632437776,0.2868061678457442,0.3716568343592523,0.6359835915387935,0.6632532945746041,0.18328126266837633,0.294056784717923,0.09289328528358892
0.13156008950952264,0.2958577859451297,0.2841603685884006,0.41316369521959384,0.20567243981556682,0.006862532964593977,0.28946958675377793,0.3159464812511386,0.23103510074741745,0.3220365463157171,0.24930478535099723,0.17556857679097781,0.2584260281280327,0.2947723242709708,0.24201275993574461,0.26883654021559555,0.26648503476996677,0.5111344659696301,0.1267580555420918,0.3389564926118036,0.34422420123978953,0.11430715428213238,0.38228586482323235,0.191394153365165,0.4418622632582419,0.6063682120157032,0.6550610775348583,0.09410725898844727,0.8778772963998043,0.8850685227795198,0.40309327066919515,0.21381456440908886,-0.5655365427290812,0.5294220291566313,0.5660086998101223,1.3535981754568263,0.02446058805335595,0.6651952111822538,0.0670137158629506,0.5003047138783019,3.168791021698793,0.35325002247070303,-0.2303625531610065,0.7619311821019188,-1.4938128055541824,1.6629617613304413,0.7764968989199609,-1.9303425403265395,1.648792900799571
