0.7380163677669025,0.10479874057254103,0.16050514154969914,0.05837164112691115,0.21120276364562518,0.10489578370804116,0.2269208043829825,0.11444639140460958,0.09576307269403204,0.09642859593574844,0.10753865994849411,0.14906264870855013,0.15927154394156445,0.16446299188468017,0.11452586379147835,0.13598281565034212,0.09467283131704082,0.09814995866684305,0.12804756562370562,0.06616382285514438,0.10744234410033504,0.12584342229789638,-0.0011327399447393508,0.035373780562884025,0.07702952991408123,0.14083290503047363,0.10886805817082193,0.0858996084599801,0.11854577863034263,0.0799818484284653,0.09463106964161584,0.13303642604466437,0.12529148758701789,-0.0034560513623910676,0.06907520549948246,0.09680057456233483,0.04264110436662264,0.09886969302904275,0.10364696999014715,0.03513791304494763,0.07907270861266025,0.07091301525762321,0.07145292046830928,0.06405398556264606,0.009473923578414025,0.06556399637800331,0.0890439407150051,-0.005961592571579446,0.17075859474462812,0.003440626881598447,-0.029765269665906348,0.005894178997964868,0.03037443961245844,-0.0020481349971252787,-0.017576715672896752,-0.015316378326386711,0.04963113799229172,0.001822704374876767,-0.00281769124013314
0.10479874057254103,1.730323809110462,0.7420307817261227,-0.22038717861114532,0.03893011698499109,0.416852552864554,0.03199641920217997,0.31426856565607425,0.17839870365192026,0.16811656418201454,0.23732014046661776,0.18446769095181725,0.2461820792774936,0.0670815579902423,0.2344067144709558,0.15689408688376186,0.29098256403100803,0.4047333085371587,0.16059662912109463,0.3283163883064846,0.3000576102817241,0.19310026175447637,0.21013954412187666,0.08088098456222323,0.1511636080494482,0.15832925795092503,0.16827502994421667,0.1887035895333088,0.5283411247980341,0.15818467334041045,0.08347421544027045,0.03256517980763267,0.27274943286944187,0.25291285665959967,0.11615006964083903,0.07822597948147568,0.44351690008600364,0.14015561517998876,0.326449639660678,0.012017871887395516,0.03112745319112374,0.14819933199552401,0.30962096464566946,0.032165145800048534,0.5900715840782205,0.2955402200607769,0.31563712208045236,-0.021713923549404154,-0.10400849411157649,0.018683744732796322,0.1059631800258569,0.18364845771199823,-0.028910374695296816,-0.15168145165029712,-0.028186122112255713,-0.14998148438932932,-0.7122934592763996,0.03550207769125834,0.6635944552280135
0.16050514154969914,0.7420307817261227,1.9770873017133663,0.28912535676481976,-0.16589861205468892,0.5393548725260032,0.2700724007418002,0.375237208021719,0.48344532524298156,0.4040241616830981,0.381524463918419,0.3767195936723936,0.34469629950823877,0.06336364071308741,0.3775770413805729,0.2658368802733675,0.38819100154527614,0.43313292355050087,0.2804664292049359,0.25860044987547776,0.2886423112034944,0.4010336927682004,0.25027744648854605,0.2964847018745797,0.40641353416900866,0.28659350844611675,0.2903863077504086,0.18527101923566044,0.3817021519220528,-0.17212181133363433,0.3018031258119053,0.33916548169932326,0.24048179092184482,0.34217632407023785,0.09065670492081157,0.49592593550661673,0.36090921504653933,0.14366675512023042,0.4436816887762077,-0.14981128454379375,0.06548347764359132,0.17718789559306805,0.10875830108705668,0.11549236423612952,0.8071387501250684,0.6871849305683293,0.2382045754553784,-0.27046484615105404,-0.8013994423829762,0.16481810947033362,-0.04516285278535618,0.41254389047683865,-0.11592003478746518,-0.30110658936867973,0.0792633310553739,0.14776416205321297,0.20004838394977273,-0.2147742819629412,-0.5243367593330915
0.05837164112691115,-0.22038717861114532,0.28912535676481976,2.251533102083544,0.11134951779973677,0.300337982953656,0.5104221679153356,0.3527156623947309,0.3480861191106038,0.29332275993765744,0.33242861417531167,0.4592467959321758,0.5145106367937363,0.5539360139395484,0.4091268695802806,0.4695852687164542,0.32383254939918665,0.3065201657009337,0.15613388358521635,0.32445357283037735,0.26118836069450824,0.4062980299509048,0.36507365470810715,0.4494190275982308,0.47078268973249815,0.34904581986065053,0.3401106235695539,0.21042382330149326,0.3280236367471298,0.17695982193180435,0.3366223425897667,0.40443016707265655,0.30917012884925865,0.3718582337500308,0.03988262303580443,0.3359915836790789,0.2412323144903453,0.15126056764914902,0.4008779836489805,0.1563349223797877,0.30147186271322585,0.22698018650784843,0.2946824565002434,0.26450084891366177,0.36631801336238135,0.20284163642478248,0.31457362635180014,-0.036224451835787715,0.17924511287147774,0.18192102073541955,-0.09178170806076079,0.32463679850575056,-0.17177883796890728,-0.12271381037710154,0.15704349500829126,0.28192763688396294,0.06791098962534088,-0.09112830603494777,-0.5789650712634906
0.21120276364562518,0.03893011698499109,-0.16589861205468892,0.11134951779973677,1.226819884179452,0.2966566033634639,0.21524703822843497,0.22986800935828486,0.13088898556404216,0.08902249359966033,0.21354147736884066,0.27082041210523,0.3631061045635012,0.27841395778653366,0.24289222256124657,0.27508155562134984,0.17515535916021083,0.12976301081898478,0.419236694789862,0.13320012409152687,0.20745954311882384,0.2070065077380477,0.004707092064497381,0.13380665745031503,0.10920523523536084,0.3164246680642006,0.1951563536730554,0.13709666561316827,0.2905482581978922,0.14790712180968485,0.18787458230665083,0.3300216821688088,0.1812149115206075,0.36375425994357785,0.12923912520133252,0.12876729278227766,0.19862954928178225,0.1458715284458236,0.24314123085892825,0.12988545447842526,0.24397452848390191,0.20622104161551238,0.1529675643862208,0.13208718322142132,-0.14863440155450325,-0.04073093741325658,0.1903717033550614,0.10137224967710036,0.5801779249756448,0.23548741655240452,-0.13898179294216992,-0.15317436163198528,0.06660639723310609,0.00018447226414397135,0.022926257370377304,-0.08706801348557322,0.009844356398147978,-0.03769103926515482,0.1495795729509727
0.10489578370804116,0.416852552864554,0.5393548725260032,0.300337982953656,0.2966566033634639,1.0049299040238622,0.04070873477060999,0.4700764830891939,0.24784108899941446,0.10978779095173154,0.38062559883715863,0.3832376078983956,0.4479363037552852,0.25452393075022434,0.368103148803413,0.2660436237190975,0.3348765362496335,0.23558551534367456,0.4002740611920731,0.3187083663439764,0.327544472530183,0.29015323381850433,0.1581400876786819,0.25796005879422074,0.32270478120133,0.37577874598466937,0.28951997172946675,0.1626343523170687,0.5796073574349945,0.11053711926930306,0.2178822220492288,0.38208056554173675,0.14984285041665368,0.40271219645100836,0.1447600725595716,0.21402410895462942,0.31388895172199116,0.20733325711753808,0.46796516040277236,0.09821092520261199,0.0155097226506176,0.21372169567087163,0.29181019490696936,0.18001771648462436,0.36263811654711725,0.24831245323768916,0.27093799670225527,-0.023950121399943156,0.10011644166573631,0.4467794937606555,-0.39105271846218614,0.12409552015346882,-0.12391000365912143,-0.1373721050210483,0.09513585416034707,-0.023269178113505824,-0.041052949133628065,-0.07491450905518492,-0.08765007443013378
0.2269208043829825,0.03199641920217997,0.2700724007418002,0.5104221679153356,0.21524703822843497,0.04070873477060999,0.949354758549637,0.08692893625164434,0.25249906546172995,0.20551511335554726,0.2656514583087253,0.4180668267362079,0.35058958004063195,0.20193411777028805,0.19001453685348785,0.31260638077407243,0.23907833537366485,0.2205466652491063,0.16309046542026137,0.2195986591389902,0.20095701234154126,0.287398757400329,0.13252908983357886,0.24771998525367384,0.25913581971951827,0.2606823064750723,0.2581230137945415,0.13833699387031897,0.17029550218981998,0.07910720363638644,0.23356549626562523,0.3189141537903599,0.22750754889706085,0.28289953655126093,0.07814975651260792,0.25958088255698347,0.0854569460170217,0.10520160386002525,0.2379926999522028,0.10133367317796023,0.24301592074860007,0.16690762198233486,0.1746986098061368,0.1454615669995808,0.16931670394428505,0.0917711060756545,0.1589218147969599,-0.014652011893600643,0.261071836917793,-0.11403905496645315,0.06416954246192905,0.17090444942684274,0.01643890470413968,-0.030154308039916995,0.006345369173978827,0.17406379688826903,0.10902039192516504,0.0076715125254879285,-0.3890148985997332
0.11444639140460958,0.31426856565607425,0.375237208021719,0.3527156623947309,0.22986800935828486,0.4700764830891939,0.08692893625164434,0.8438163887671478,0.2414080544764761,0.2610414013009297,0.31913481135530136,0.10683558180265348,0.3946338563191321,0.31305227360572396,0.3215805915489131,0.2775308335369988,0.36799219070411765,0.25112528191914824,0.2756315923806012,0.31225215653683486,0.29885592514244774,0.28070926576821686,0.22907093582141744,0.23691034003930111,0.20922231016124856,0.3397137953910136,0.24286959024052793,0.16589892511795315,0.4219613114640042,0.2200596479359401,0.22501456911363332,0.2434276548727414,0.21721069538253127,0.3514260165564775,0.24339704865189263,0.20588693555855317,0.3472370666450602,0.1637051923726524,0.49811472610355373,0.08974544931924378,0.17962010646167145,0.21391516993108953,0.2787142261405402,0.12154319435058879,0.3249788235271961,0.2400161597149057,0.3181478075032966,0.03530100166065094,0.3149216234145627,0.31344800060082867,-0.21874197426032607,0.3041803984328544,-0.048513984187327566,-0.25907994401698625,-0.006130719820796008,-0.09348598650525011,-0.053319335181727996,0.009792210904368923,0.03344596148782368
0.09576307269403204,0.17839870365192026,0.48344532524298156,0.3480861191106038,0.13088898556404216,0.24784108899941446,0.25249906546172995,0.2414080544764761,1.003053399268777,0.30892097997810103,0.2723712154168072,0.19032176300691311,0.19486719824182047,0.3506019612158074,0.4350057466991224,0.27332843986860017,0.3087412485669449,0.2593083674429358,0.17124613540149175,0.32804353983768336,0.21823597960199606,0.5997164141236422,0.2964626859269381,0.41204414742358453,0.394170621751433,0.38815953068952336,0.23550198273837228,0.3487783074348987,0.12055127958843773,0.1873026273807699,0.3338866105930146,0.29991943827999196,0.39738835433721653,0.2190529008603842,0.23754302889222065,0.3041126587281276,0.4224145630349863,0.3039250447175941,0.30106703852386335,0.06506173132245044,0.19811463881001987,0.26651334985701086,0.2654001241209835,0.12230202140907598,0.24447860610181663,0.3359003556071629,0.3045707245014903,-0.11104005472433733,0.2629984599610969,0.07182286861966258,-0.09632469805191138,0.20717654298179128,-0.03441551677106086,-0.19916447781421395,0.16297137780398102,0.20071872578095246,0.05529489506203876,-0.22065427818986358,-0.2747490905590849
0.09642859593574844,0.16811656418201454,0.4040241616830981,0.29332275993765744,0.08902249359966033,0.10978779095173154,0.20551511335554726,0.2610414013009297,0.30892097997810103,0.8756382154090153,0.2549800550594278,0.23200516752237516,0.16487153172226993,0.2397123443939431,0.31392092842440517,0.2923561849101455,0.2530165167795377,0.34996318799277104,0.11989194702377386,0.1753209045079068,0.13653969648121553,0.30446285697437103,0.30360198765470076,0.25007656528537,0.3010107715894136,0.2201205655458418,0.20588399981449143,0.22752285383669396,0.26444668689971407,0.19609464540292817,0.2508104691015859,0.23255363252221484,0.19370546315747605,0.3844501740366982,0.29296142652209856,0.26753690231638866,0.3249469105960841,0.08603250663054336,0.2839635309364626,0.05502153453342267,0.3567912905048358,0.20212996765583793,0.14946132165449372,0.1100955614600694,0.23516963962456447,0.20881040878449053,0.33187279906332323,-0.041794761541384715,0.1647235377753256,0.02130547731239909,0.019831003909386045,0.053172686136736175,0.02988850862728971,-0.08486483850025286,0.03204705320633716,0.0008896064972099162,0.20265460234804214,-0.13487870747207556,-0.15324852102690958
0.10753865994849411,0.23732014046661776,0.381524463918419,0.33242861417531167,0.21354147736884066,0.38062559883715863,0.2656514583087253,0.31913481135530136,0.2723712154168072,0.2549800550594278,0.5648660614832658,0.3263592704795556,0.38201217046323444,0.2482047928528302,0.430100615925204,0.30015877179607114,0.36497451926132146,0.2252063256924943,0.20703818909112162,0.36970348512034656,0.23805422935671067,0.2943608353065928,0.1980426324659273,0.30180179119950024,0.33255636114637666,0.2628824396114223,0.27172278792457233,0.24381520430686088,0.38436636362928583,0.1860253928054045,0.2704157909647061,0.3103591540687156,0.20681925126082373,0.3902373452410352,0.3192667262926412,0.2664591348588981,0.313654536313102,0.13492176003240053,0.40065518165752156,0.10674544503203585,0.21352628083672118,0.24539343923392448,0.2269087685106489,0.11749697881325954,0.3586481865537569,0.2029838969890936,0.2675264136847001,-0.028466482268805784,0.10420800025568505,0.11379919498754384,-0.12996351118083502,0.11168854342868748,0.014595360513492103,-0.08784466396546652,0.061586880974370706,0.03265583939133231,0.06933868063352223,-0.06916184004164101,-0.21965737852352468
0.14906264870855013,0.18446769095181725,0.3767195936723936,0.4592467959321758,0.27082041210523,0.3832376078983956,0.4180668267362079,0.10683558180265348,0.19032176300691311,0.23200516752237516,0.3263592704795556,0.8086708729692969,0.38008393540869756,0.2875277802616904,0.2763735809336834,0.31694979757364933,0.1949013912852468,0.258986960179269,0.2226596674565719,0.19657655174855954,0.22419492253328688,0.2526682010401937,0.14695471239619937,0.19834884266720826,0.2897350090428963,0.3563371391653448,0.32059979095287056,0.03574528598954161,0.28935322112387657,0.01748555376318036,0.18072306271229377,0.4211076509794778,0.16630032679103338,0.3489968633773877,0.04216289447870298,0.24725068850124457,0.02661858076351617,0.12681091513383883,0.24641572170445075,0.11100723354628501,0.162559151315474,0.16461567247326858,0.209897785088021,0.161306471572404,0.18946923295679954,0.13440319782313875,0.19049458934660593,-0.015188143735135362,0.18141064730588607,-0.02968349895082088,-0.022746043105554344,-0.02089473896812369,0.06577618165779983,-0.017440411450772363,0.07594477317037429,0.10884242861857038,0.03914236124379256,-0.07205276407231169,-0.27565708764583885
0.15927154394156445,0.2461820792774936,0.34469629950823877,0.5145106367937363,0.3631061045635012,0.4479363037552852,0.35058958004063195,0.3946338563191321,0.19486719824182047,0.16487153172226993,0.38201217046323444,0.38008393540869756,0.8816954652072075,0.41485071415805547,0.2975947437116571,0.3629319224442495,0.3315430374724413,0.17630749088258785,0.31296117786286937,0.35696507532564065,0.30714271744444654,0.30140027224751126,0.1762728715989728,0.3049554527814868,0.30066982009310517,0.2589285187189886,0.3627084891878864,0.19978206662348513,0.5223022546803499,0.22617125877456767,0.2600544779296572,0.4103657566796456,0.2620408387787146,0.42747647108702885,0.2936976946565262,0.2929053451488388,0.24924862255182736,0.08940428927045733,0.5061507662153424,0.11286660593575103,0.20883210178250083,0.23409914032664036,0.2780440700883892,0.15585841176538823,0.2875677360956883,0.22425053776159104,0.27066720102951275,0.012525656453386583,0.2798959723433398,0.17002007020181598,-0.1851059572284353,0.25190368288731657,0.028691383455420338,-0.2028650129033011,0.07512585956140701,-0.006058178746978814,0.0034333221951523057,-0.059669169047331924,-0.1507989004337973
0.16446299188468017,0.0670815579902423,0.06336364071308741,0.5539360139395484,0.27841395778653366,0.25452393075022434,0.20193411777028805,0.31305227360572396,0.3506019612158074,0.2397123443939431,0.2482047928528302,0.2875277802616904,0.41485071415805547,1.079744708075513,0.5458634854950257,0.5002897384597766,0.3409189962222165,0.05059727844346673,0.19445599598174887,0.38946465711939277,0.17793106820481785,0.4129410169234951,0.13019580570370143,0.31114336816960275,0.29793847833118164,0.3643861912244398,0.30997024535667994,0.4172944701195947,0.3134163542351947,0.3870793727402281,0.27780201522196474,0.34082648254874914,0.2866122744661938,0.3557888370467252,0.47072196938431815,0.23699154058997363,0.3674783757953469,0.28422238101966124,0.2227749991780396,0.13686681798287115,0.4432158595334182,0.32724401013691123,0.3248839891825079,0.17510339364613098,-0.01614471509344655,0.04039539218092489,0.30292724732063064,0.07536981521833666,0.7518660455027153,0.026437272221955674,-0.07473326471549743,0.01906988042369188,-0.006852238402454379,-0.008936875783612847,0.040130933331164506,-0.016116137553903377,-0.0518832373304147,-0.02456397716380758,0.08159609078602723
0.11452586379147835,0.2344067144709558,0.3775770413805729,0.4091268695802806,0.24289222256124657,0.368103148803413,0.19001453685348785,0.3215805915489131,0.4350057466991224,0.31392092842440517,0.430100615925204,0.2763735809336834,0.2975947437116571,0.5458634854950257,1.1550497212091442,0.4334436226977863,0.48814772164511766,0.21436370069942765,0.2559286128798742,0.4724484369008039,0.2695406492159073,0.4315087913575817,0.3145592783345363,0.4310048092306345,0.4374334793321396,0.26045058795086135,0.2941097940374114,0.5319874145437233,0.3831080688768155,0.3667286944473175,0.38528464934595336,0.31670810541398875,0.3791996495304067,0.41793512186362175,0.4367566606649902,0.30641232655151046,0.6318017230878075,0.27190317498099736,0.44546185999973403,0.11677186194788162,0.3439066711880078,0.36006904672771006,0.30429240999769513,0.1298788693681789,0.3885911395356396,0.27926833959245667,0.39335776477157397,0.005886835644067072,0.2750976417509599,0.5637096698934647,-0.1733299301791372,0.16130426514145982,-0.2787745848736887,-0.1885835981381151,0.1302397780475662,0.08569035169995315,-0.027671046164196206,-0.13258681876556852,-0.17544180420652356
0.13598281565034212,0.15689408688376186,0.2658368802733675,0.4695852687164542,0.27508155562134984,0.2660436237190975,0.31260638077407243,0.2775308335369988,0.27332843986860017,0.2923561849101455,0.30015877179607114,0.31694979757364933,0.3629319224442495,0.5002897384597766,0.4334436226977863,0.782598947186469,0.3516838871806499,0.17749874640858523,0.2476674062383249,0.3293318198300162,0.19216531917835888,0.4936915240893398,0.28371548234630206,0.349039306301157,0.36435540252504733,0.21097554234033064,0.34172226555952434,0.3066190853503655,0.3042054259171425,0.32839220469417757,0.28368259914703925,0.40104852047097644,0.27266980757908144,0.3947357402719003,0.38632893045505623,0.31642836662681445,0.3871606984981699,0.2350564989776608,0.38755193844836366,0.15586876697837426,0.3462665892292476,0.32416038816156395,0.299350040267405,0.20296060851132683,0.24304543619371863,0.17494390841954446,0.32775177538845685,-0.02126585674446517,0.39491215462826657,0.008374133211174976,-0.06541806488523157,0.06162030769118125,0.025740922291474122,-0.10080037538460847,0.10635831855826706,-0.00797269988528739,0.057312351663355104,-0.11696076571880984,-0.11454303679995571
0.09467283131704082,0.29098256403100803,0.38819100154527614,0.32383254939918665,0.17515535916021083,0.3348765362496335,0.23907833537366485,0.36799219070411765,0.3087412485669449,0.2530165167795377,0.36497451926132146,0.1949013912852468,0.3315430374724413,0.3409189962222165,0.48814772164511766,0.3516838871806499,0.9446748813259543,0.19318155887520663,0.2901598877337738,0.5348800664338321,0.2336150003446376,0.3623623663909659,0.17067066860718108,0.3554926284713337,0.44651019872911935,0.16324278013670648,0.27970908213996865,0.5159653437281916,0.35918072978224236,0.32591924857059734,0.34714364231731265,0.28695081495049,0.37454639440647064,0.4020301656129098,0.48433241529764237,0.2899288982511714,0.6471573963435673,0.2877128094623402,0.4323245635889713,0.12189954855109895,0.302718429851677,0.3842477975195314,0.27868043999571895,0.10484057384330842,0.6160839404994335,0.22461969265428755,0.3867195674281312,0.008791017339159171,0.06597282835842781,0.20299165849726816,-0.08472672495129444,0.3315000407711058,-0.08590329511240308,-0.15330262322521718,0.02255050937194808,0.007970867028666307,0.05590712588579165,-0.026469909812423205,-0.304376318707762
0.09814995866684305,0.4047333085371587,0.43313292355050087,0.3065201657009337,0.12976301081898478,0.23558551534367456,0.2205466652491063,0.25112528191914824,0.2593083674429358,0.34996318799277104,0.2252063256924943,0.258986960179269,0.17630749088258785,0.05059727844346673,0.21436370069942765,0.17749874640858523,0.19318155887520663,1.1282706000725367,0.17368260427999188,-0.011840837994967181,0.31679946199566195,0.2153454467012252,0.7025300307120688,0.2696408966129997,0.3338198982937967,0.2696809547314575,0.05333545236397526,0.25018988724509567,0.28616500151311774,0.0057574361488673355,0.3064273310943674,0.1676573237117872,0.4028267257836156,0.284160900691287,0.015107059799655296,0.14240891480964335,0.3442439355550288,0.014064189512223291,0.3585454543267564,0.11453719014110934,0.18345327974155293,0.10707799039758695,0.2719783239927474,0.0871219231594131,0.6705796631475853,0.27608125991817534,0.511610762041439,-0.0199520361833991,-0.063184797121648,0.12007038210879359,0.06816713027104145,0.23186563061972765,-0.05522330985030269,-0.13967959344658323,0.09588095771344195,0.13944091889188268,0.07373777587833653,0.017234588496253915,-0.4677635353364825
0.12804756562370562,0.16059662912109463,0.2804664292049359,0.15613388358521635,0.419236694789862,0.4002740611920731,0.16309046542026137,0.2756315923806012,0.17124613540149175,0.11989194702377386,0.20703818909112162,0.2226596674565719,0.31296117786286937,0.19445599598174887,0.2559286128798742,0.2476674062383249,0.2901598877337738,0.17368260427999188,0.775543831678777,0.07268426560128903,0.2812057697876459,0.24332343113605354,-0.1053494203109696,0.14325690147675535,0.12579499933094282,0.19421625259064015,0.1939492198805533,0.23968802231722242,0.203595511004016,0.1570918762688232,0.25619274896478306,0.3319704716321882,0.23385223947845216,0.24617371639166716,0.11995864384162762,0.232868304103652,0.14428749610574332,0.21362323523800322,0.37798990687020106,0.08876818602511384,0.1923058853975974,0.17198565369856347,0.16321340444478522,0.1451189805269624,0.29206088720548185,0.11359718596374188,0.22697310635907883,0.05476183305806883,0.22070503449815976,0.17557888240338068,0.08145605072675016,0.39647632651337633,-0.27183776546042127,-0.14689700523412025,-0.019893145944032912,-0.01792538020497631,0.11818032806893432,0.05405481734317229,-0.2048653712238113
0.06616382285514438,0.3283163883064846,0.25860044987547776,0.32445357283037735,0.13320012409152687,0.3187083663439764,0.2195986591389902,0.31225215653683486,0.32804353983768336,0.1753209045079068,0.36970348512034656,0.19657655174855954,0.35696507532564065,0.38946465711939277,0.4724484369008039,0.3293318198300162,0.5348800664338321,-0.011840837994967181,0.07268426560128903,1.2584730667521347,0.13149826758671515,0.3559080479471014,0.12320708153205893,0.4749838571376442,0.681368258075347,0.08077413512488787,0.38163620894915673,0.36490592961599444,0.4306492697760261,0.5886538359290504,0.3370673768849663,0.275872709304562,0.3005062659414,0.45106704389712166,0.4749082565712456,0.17087923242548667,1.004347454989462,0.41609765973365864,0.5576738987935939,0.19192898877881084,0.2041000157390784,0.4271575886743924,0.5532539769695306,0.09850468484712208,0.7108986017058887,0.22772463778595048,0.41795967135569606,0.09371891501410519,0.35328902793680117,0.0959384950239633,-0.21461546525565117,0.10866356781752756,0.09470030656025862,-0.16812176763126854,0.16294505551743527,0.030160106345808076,0.05545719990523795,-0.11886162639479318,-0.19280565793087232
0.10744234410033504,0.3000576102817241,0.2886423112034944,0.26118836069450824,0.20745954311882384,0.327544472530183,0.20095701234154126,0.29885592514244774,0.21823597960199606,0.13653969648121553,0.23805422935671067,0.22419492253328688,0.30714271744444654,0.17793106820481785,0.2695406492159073,0.19216531917835888,0.2336150003446376,0.31679946199566195,0.2812057697876459,0.13149826758671515,0.7965908014542612,0.21919587632990897,0.3924410495978816,0.21185943143106548,0.16511192518599446,0.2361950949532592,0.1590812696529096,0.2581490648509231,0.3059613996823863,0.1559542969997636,0.2162854585774228,0.256089003608732,0.4312481517052011,0.22726939393479814,0.05414781201249553,0.21819855427891655,0.16078448906487114,0.17755239753483137,0.3836976374497323,0.21153853197283892,0.16963827015034783,0.18742983078350214,0.30604776446940885,0.207445669715995,0.592972446960202,0.16865895132813913,0.3426344958025539,0.06304402494179488,0.17754119874060673,0.22400491890645716,-0.08859128431288711,0.25443857406603004,-0.100631466588255,-0.14518741169803479,-0.021287585736071746,0.0012883762106271535,-0.2985332916372813,0.0588716732043876,0.1407599401444881
0.12584342229789638,0.19310026175447637,0.4010336927682004,0.4062980299509048,0.2070065077380477,0.29015323381850433,0.287398757400329,0.28070926576821686,0.5997164141236422,0.30446285697437103,0.2943608353065928,0.2526682010401937,0.30140027224751126,0.4129410169234951,0.4315087913575817,0.4936915240893398,0.3623623663909659,0.2153454467012252,0.24332343113605354,0.3559080479471014,0.21919587632990897,0.8430518310498045,0.2806387602101467,0.38613447774597875,0.41607013798742626,0.29339310775914373,0.30367582605702526,0.3277471745354267,0.22882530345327362,0.29933090360056913,0.3141892537760531,0.3907088120174012,0.37557358923438083,0.30174944871262044,0.286719733782695,0.3769479613754644,0.4361329247042237,0.3500752342001866,0.37188003717178586,0.12554353689939168,0.2621182987338655,0.3277176931389386,0.3218232734838665,0.18134628746203324,0.251807576032255,0.3538623158684504,0.34810514810974164,-0.1874973061812555,0.4124725280491944,0.023467248515817433,-0.09545161315869545,0.11337386171778606,0.0018000178573211413,-0.16453575648288768,0.12817403720618653,0.0871516118368627,0.05138683639618852,-0.16566559888334356,-0.193626262763176
-0.0011327399447393508,0.21013954412187666,0.25027744648854605,0.36507365470810715,0.004707092064497381,0.1581400876786819,0.13252908983357886,0.22907093582141744,0.2964626859269381,0.30360198765470076,0.1980426324659273,0.14695471239619937,0.1762728715989728,0.13019580570370143,0.3145592783345363,0.28371548234630206,0.17067066860718108,0.7025300307120688,-0.1053494203109696,0.12320708153205893,0.3924410495978816,0.2806387602101467,2.1748550687641433,0.7754121660236026,1.0098762323111665,-0.23085334707458327,0.11364849095797791,0.28365578421334386,0.4228253214299032,0.3076302730966036,0.04529306914983006,-0.013888463430423324,0.8020887083288002,0.33139582220267155,-0.15610727887376777,0.0038756421659799983,0.9088854018646765,-0.09099869603429916,0.7349650455635782,0.18436522941149847,0.054261741662942314,0.18582813895092135,0.3698500835458425,0.18820858213452415,0.6006512445471175,0.3201254993210866,0.6523253753642494,0.13391906708301116,0.37656488365304885,0.5982420758151465,-0.3807723254349601,0.22129006459743344,-0.03759051235183877,-0.2738356094634802,0.25319087545866026,0.09374766020839502,-0.26313611661407543,-0.3087009254008671,0.22073206180883365
0.035373780562884025,0.08088098456222323,0.2964847018745797,0.4494190275982308,0.13380665745031503,0.25796005879422074,0.24771998525367384,0.23691034003930111,0.41204414742358453,0.25007656528537,0.30180179119950024,0.19834884266720826,0.3049554527814868,0.31114336816960275,0.4310048092306345,0.349039306301157,0.3554926284713337,0.2696408966129997,0.14325690147675535,0.4749838571376442,0.21185943143106548,0.38613447774597875,0.7754121660236026,1.2868143571957555,0.7290394500568184,-0.007811352407635702,0.26462925187560116,0.39644209102417144,0.1785779077894125,0.400106031618721,0.43511117518485176,0.2088461070763439,0.4686611408009909,0.21184822779578247,0.27593443995670863,0.26203196872911405,0.6648248852823642,0.2526826185951589,0.4490417988858492,0.14039194842240058,0.22736320916512692,0.30766020411330824,0.2880972799005387,0.15560524219755828,0.3699010288705479,0.26023297013412133,0.419947274755162,0.019976727059057665,0.3067518348629855,0.21557946292727287,-0.17652729114859472,0.24145590653072047,-0.036322978296784554,-0.19891595320657643,0.3165100845987553,0.20244967523112317,0.0642797863572617,-0.4677528813012838,-0.0794746463858047
0.07702952991408123,0.1511636080494482,0.40641353416900866,0.47078268973249815,0.10920523523536084,0.32270478120133,0.25913581971951827,0.20922231016124856,0.394170621751433,0.3010107715894136,0.33255636114637666,0.2897350090428963,0.30066982009310517,0.29793847833118164,0.4374334793321396,0.36435540252504733,0.44651019872911935,0.3338198982937967,0.12579499933094282,0.681368258075347,0.16511192518599446,0.41607013798742626,1.0098762323111665,0.7290394500568184,2.718009784695335,-0.0031113676763989,0.3531310304692347,0.3246637300052861,0.5647864629636845,0.6681256977534535,-0.026034152685263393,0.33484929581377404,0.30667015067327164,0.7731000924664512,0.4455984225987465,0.3258767515586629,1.1230738424024693,0.19630798316522732,0.5693736275414296,0.15530461681750948,0.3994083664871768,0.4669488100291642,0.5234222107971103,0.288915945601419,0.944062655398893,0.36049725305157887,0.5813821957693689,-0.10437254444155508,-0.319606533952997,0.1952067930976348,-0.20823005441207657,-0.07196001692593339,0.03560678035632319,-0.14357025611352636,0.32614968714328785,0.42577251262943877,0.3559956687622711,-0.34015752712255015,-0.827915136034473
0.14083290503047363,0.15832925795092503,0.28659350844611675,0.34904581986065053,0.3164246680642006,0.37577874598466937,0.2606823064750723,0.3397137953910136,0.38815953068952336,0.2201205655458418,0.2628824396114223,0.3563371391653448,0.2589285187189886,0.3643861912244398,0.26045058795086135,0.21097554234033064,0.16324278013670648,0.2696809547314575,0.19421625259064015,0.08077413512488787,0.2361950949532592,0.29339310775914373,-0.23085334707458327,-0.007811352407635702,-0.0031113676763989,1.7133024532584553,0.2493799725351348,0.36754067390605516,-0.013875852715300048,-0.2575667282658237,0.14254673279703148,0.5676761443215509,0.22802769342281884,0.32734565028125057,0.4741637867993904,0.29166092449405234,-0.4047316407398139,0.23734569072502884,-0.2896690579611157,0.08606754506068785,0.5102599274304066,0.2562792662736928,0.20078547426874813,0.11032631935768253,-0.48006594884826975,-0.08916556240314759,-0.007843814312347324,0.1143642697622311,0.6557985922927192,0.029936977533423073,-0.25056319314190506,-0.04353826520674937,0.021451141908896736,0.02433877733651769,0.0446120328451849,0.017311304583043478,0.10007464628589287,-0.049340066902171104,-0.05974617895623305
0.10886805817082193,0.16827502994421667,0.2903863077504086,0.3401106235695539,0.1951563536730554,0.28951997172946675,0.2581230137945415,0.24286959024052793,0.23550198273837228,0.20588399981449143,0.27172278792457233,0.32059979095287056,0.3627084891878864,0.30997024535667994,0.2941097940374114,0.34172226555952434,0.27970908213996865,0.05333545236397526,0.1939492198805533,0.38163620894915673,0.1590812696529096,0.30367582605702526,0.11364849095797791,0.26462925187560116,0.3531310304692347,0.2493799725351348,0.5984909254290209,0.24386122593029377,0.20359181238968108,0.22988375131345662,0.24030775628426718,0.4477476672838701,0.22307735440797957,0.34919528964380464,0.3150529490652931,0.3235769228419068,0.2893970630177694,0.23582825372601735,0.30104603323526186,0.12126196424868513,0.2677300632201142,0.27250909717750865,0.3157010672976574,0.12403185737767344,0.1694438045476059,0.1424963959435312,0.19884049619929436,0.029045475602426648,0.29829070234434313,0.04037266112387835,-0.094096635396151,0.14521740822651408,0.03783204929501164,-0.10978523846497669,0.08418382929576236,0.007243377183369077,0.22383419359747117,-0.055865526967559684,-0.2869527689614629
0.0858996084599801,0.1887035895333088,0.18527101923566044,0.21042382330149326,0.13709666561316827,0.1626343523170687,0.13833699387031897,0.16589892511795315,0.3487783074348987,0.22752285383669396,0.24381520430686088,0.03574528598954161,0.19978206662348513,0.4172944701195947,0.5319874145437233,0.3066190853503655,0.5159653437281916,0.25018988724509567,0.23968802231722242,0.36490592961599444,0.2581490648509231,0.3277471745354267,0.28365578421334386,0.39644209102417144,0.3246637300052861,0.36754067390605516,0.24386122593029377,1.4111995649461153,-0.009160472594729541,0.2756771860682778,0.34220766317167367,0.28442185645272205,0.773727443549053,0.1981499192433545,1.0027714488733348,0.18458240464195788,0.5995372523524868,0.2886109894262051,0.20265659670975836,0.13242738586106875,0.38037792493949907,0.39690469361629716,0.27792784526440967,0.051633568814962824,0.20199680465967534,-0.025344790097886354,0.3235879535642215,0.16147912960488545,0.4833877515128072,0.31834518131591466,-0.0842060718772122,0.39822163985000447,-0.41511620481201067,-0.08650154200271065,0.17351936253365585,-0.020163305528630607,0.09973422373530548,-0.12353258011336579,-0.046563432110618794
0.11854577863034263,0.5283411247980341,0.3817021519220528,0.3280236367471298,0.2905482581978922,0.5796073574349945,0.17029550218981998,0.4219613114640042,0.12055127958843773,0.26444668689971407,0.38436636362928583,0.28935322112387657,0.5223022546803499,0.3134163542351947,0.3831080688768155,0.3042054259171425,0.35918072978224236,0.28616500151311774,0.203595511004016,0.4306492697760261,0.3059613996823863,0.22882530345327362,0.4228253214299032,0.1785779077894125,0.5647864629636845,-0.013875852715300048,0.20359181238968108,-0.009160472594729541,2.628453772722417,0.39549795396333587,0.07077688154075922,0.22002529751068325,0.22587437936996485,0.8823069697893314,-0.10049376695974999,0.3541072886560189,0.13100173358663392,-0.45898907936123134,0.7485034908894709,0.06379002776839537,0.3635923827475383,0.06287738895579079,0.14339474338205022,-0.07728637054736946,0.5100170518521465,0.3097784345809636,0.3836668120599747,-0.15508080531585414,0.3232545034713563,0.7823890030030667,-0.6344702659886656,-0.0737691501378746,-0.19184318745959972,-0.07352459937900221,-0.0760570956433834,-0.10388850107653115,-0.28100842560157413,0.046220265929950516,0.1357148427667022
0.0799818484284653,0.15818467334041045,-0.17212181133363433,0.17695982193180435,0.14790712180968485,0.11053711926930306,0.07910720363638644,0.2200596479359401,0.1873026273807699,0.19609464540292817,0.1860253928054045,0.01748555376318036,0.22617125877456767,0.3870793727402281,0.3667286944473175,0.32839220469417757,0.32591924857059734,0.0057574361488673355,0.1570918762688232,0.5886538359290504,0.1559542969997636,0.29933090360056913,0.3076302730966036,0.400106031618721,0.6681256977534535,-0.2575667282658237,0.22988375131345662,0.2756771860682778,0.39549795396333587,2.0974932805649,0.35584010654386083,0.04816478775081815,0.15588332149025477,0.22527929951806502,0.7385278734692732,0.29942897923406575,0.7826844698159886,0.37242842944102916,0.6075886294836179,0.14766171242996912,0.6768810125701487,0.4080166035942752,0.800711906892397,0.3441268835609113,1.0531696542771456,0.18638005282232084,0.8321271525387686,0.07556445009443762,0.4482650825596073,-0.1514486126309797,-0.09244199961040214,-0.10097496056140032,0.2769355112016192,-0.016187853240232197,0.06675444519930152,-0.11339568835047877,-0.20853259772033816,0.1466834040257937,0.03131064809675924
0.09463106964161584,0.08347421544027045,0.3018031258119053,0.3366223425897667,0.18787458230665083,0.2178822220492288,0.23356549626562523,0.22501456911363332,0.3338866105930146,0.2508104691015859,0.2704157909647061,0.18072306271229377,0.2600544779296572,0.27780201522196474,0.38528464934595336,0.28368259914703925,0.34714364231731265,0.3064273310943674,0.25619274896478306,0.3370673768849663,0.2162854585774228,0.3141892537760531,0.04529306914983006,0.43511117518485176,-0.026034152685263393,0.14254673279703148,0.24030775628426718,0.34220766317167367,0.07077688154075922,0.35584010654386083,1.1883254585036163,0.3076273676063928,0.21485046464573082,0.27344102847570045,0.40397067051137076,0.43513832053565143,0.3882518893961897,0.4448934823202353,0.4098015258789422,0.11229527395750963,0.3651319708037101,0.28770926107713224,0.2115073857153087,0.22132225632318817,0.43935670552524536,0.16102207917522154,0.3506323806755329,0.012793778548205237,0.04975776558216856,0.035107283030338506,0.006299177234461361,0.2943470572149932,-0.030080300926270773,-0.12746882262618786,0.14550047177958084,0.18632222252032551,0.38553729991254826,-0.16004477985641918,-0.646515675497712
0.13303642604466437,0.03256517980763267,0.33916548169932326,0.40443016707265655,0.3300216821688088,0.38208056554173675,0.3189141537903599,0.2434276548727414,0.29991943827999196,0.23255363252221484,0.3103591540687156,0.4211076509794778,0.4103657566796456,0.34082648254874914,0.31670810541398875,0.40104852047097644,0.28695081495049,0.1676573237117872,0.3319704716321882,0.275872709304562,0.256089003608732,0.3907088120174012,-0.013888463430423324,0.2088461070763439,0.33484929581377404,0.5676761443215509,0.4477476672838701,0.28442185645272205,0.22002529751068325,0.04816478775081815,0.3076273676063928,1.2554525930249565,0.2563330107919217,0.5656726926476112,0.37608670740170713,0.4793469759795976,0.029770593963621337,0.35762019506950526,0.25558129790497847,0.12604780007939304,0.4000456958159955,0.32302912717688337,0.1519007884245767,0.17214730616591412,-0.050334359830383715,0.0764283065136035,0.2044594854642221,0.026460770284068433,0.4095049286386956,0.014337809171945354,-0.06725505501793665,0.1834450913165718,0.016654054321352845,-0.10659244029130534,0.07589005679106085,-0.06718513278797596,0.9023686288845306,-0.11994632606637182,-0.7791994947732096
0.12529148758701789,0.27274943286944187,0.24048179092184482,0.30917012884925865,0.1812149115206075,0.14984285041665368,0.22750754889706085,0.21721069538253127,0.39738835433721653,0.19370546315747605,0.20681925126082373,0.16630032679103338,0.2620408387787146,0.2866122744661938,0.3791996495304067,0.27266980757908144,0.37454639440647064,0.4028267257836156,0.23385223947845216,0.3005062659414,0.4312481517052011,0.37557358923438083,0.8020887083288002,0.4686611408009909,0.30667015067327164,0.22802769342281884,0.22307735440797957,0.773727443549053,0.22587437936996485,0.15588332149025477,0.21485046464573082,0.2563330107919217,2.188814038632466,-0.13130754461555227,-0.35595993146596366,-0.12002559984375279,0.5852618344257237,0.22673332355124928,0.21996565620694275,0.1450060724364364,-0.3380122056402085,0.25988110003457143,0.3448432956144953,0.08079801076870073,0.39729805613896535,0.10401446822307284,0.5502427582675464,0.22870071257094213,0.5886906185766894,0.27741672027861386,-0.26493281527142737,0.3678760604047111,-0.0992901871021314,-0.2832511874288205,0.16564611139681615,-0.040995896628914896,-0.20548957245572969,-0.12093383918980209,0.26456799585133045
-0.0034560513623910676,0.25291285665959967,0.34217632407023785,0.3718582337500308,0.36375425994357785,0.40271219645100836,0.28289953655126093,0.3514260165564775,0.2190529008603842,0.3844501740366982,0.3902373452410352,0.3489968633773877,0.42747647108702885,0.3557888370467252,0.41793512186362175,0.3947357402719003,0.4020301656129098,0.284160900691287,0.24617371639166716,0.45106704389712166,0.22726939393479814,0.30174944871262044,0.33139582220267155,0.21184822779578247,0.7731000924664512,0.32734565028125057,0.34919528964380464,0.1981499192433545,0.8823069697893314,0.22527929951806502,0.27344102847570045,0.5656726926476112,-0.13130754461555227,1.8142816419157015,0.6177163593785402,0.352523696448482,0.5831421098231179,0.06313324403473282,0.49621191691537797,0.06960716307457364,0.7880681970344267,0.3856096755452184,0.3496256845522594,0.26385640637725805,0.2951237682713578,-0.031096953378739033,0.4008069282399201,0.08226202588886375,0.31372108403312443,-0.009059234744637492,-0.11393244561318486,0.014383231535933901,0.11308870695406004,-0.06312072835248672,0.011665409654603205,-0.04766590142945463,0.30873902031697903,-0.05644191100778456,-0.3601629595390359
