0.7469164974561595,0.12108930099151517,0.16224974857532398,0.06726494717396887,0.21865193369738464,0.10725147338173878,0.2234174654411474,0.1287866169085132,0.10730009730937011,0.10164207879690443,0.10862519416631601,0.14433667503573194,0.1417899805504401,0.1694510915646766,0.1197621407193655,0.13267940390276986,0.09722328759406133,0.09714803180528092,0.13469545424469237,0.07260012224748125,0.1158522794435887,0.13082270604764676,0.012867609796161104,0.04801593892887023,0.06975624415141986,0.12155270779485557,0.10337256193764134,0.08890263676489474,0.10027421870816405,0.08491358509222026,0.0983032419807032,0.11943067373502113,0.13762503069531445,-0.016831166705089495,0.040886769474733416,0.08890647607261593,0.08160209797339113,0.12137037713921109,0.10738021645381202,0.04053656804023332,0.06906635226560458,0.07515173350982621,0.08661296632777463,0.06404297774245406,0.030168335955458588,0.07449868796492151,0.09861713589625726,-0.00032565490558150175,0.1842126517525967,0.04922502047315719,-0.03468317241210911,0.0372647489039223,-0.0021748080277165798,-0.03131083188111696,0.00432654002529422,-0.023915158679509833,0.02809471977230139,-0.02072036349399943,0.0595494277450717
0.12108930099151517,1.9742433941445263,0.893336030962391,-0.20080271947610373,0.13021817374629321,0.46330373105793693,0.011134124744242564,0.3157121974824945,0.18419835508325869,0.18305340691620048,0.25389573817207334,0.20848421190163327,0.21481554566631805,0.04931047065148484,0.2170405119403856,0.12487103391357156,0.2809814145260158,0.32989783968072545,0.1817165958637715,0.32117152278927513,0.2619321257524973,0.1783115306372313,0.1300284747591546,0.07763040638457606,0.3692491650142075,0.1915322564279326,0.15190485404644258,0.09123910916291778,0.5486024031352166,0.07505532223977655,0.14887102439299338,0.012164968657026997,0.2229767966649718,0.26242004751210496,0.007937936985517587,0.17753739315408093,0.30006636586956087,0.11912340713631403,0.2891342091645933,-0.028040740647848866,0.019305977326501716,0.12001592067969251,0.1978464790287268,0.03627794535961217,0.5928796847353515,0.384846310986499,0.23538540499061203,-0.11219849830652183,-0.4296591326786521,-0.12136110208709505,0.2157741410647867,0.05988334267671475,0.023149332742387153,-0.19269057416257368,-0.1625001273667477,-0.27321869323879844,-0.9158770766630928,0.14100714712982113,0.8942810968689114
0.16224974857532398,0.893336030962391,2.0416120272618747,0.3667231027168473,-0.15172143869322186,0.5435492976535717,0.2629414574167159,0.36846609780833295,0.4882396839631644,0.4711671070611456,0.39979282775926955,0.4225510247555782,0.3524152886667265,0.11931158970335647,0.45424614916338407,0.26915598447640793,0.38578686035170073,0.3982411633982443,0.2677107282851088,0.26823139521058303,0.32322685488272207,0.40139922898827207,0.26852670025600744,0.30392680264102734,0.32919833322000996,0.26337882832837856,0.28361044250068357,0.1861906939828334,0.42249429520501913,-0.10761716703215986,0.2758432265211358,0.2889184480562763,0.3038411077718459,0.32907830569051144,0.03198226849407686,0.4818517033011646,0.3858960817452276,0.17940416201786336,0.4322329675347716,-0.15714518169854833,0.062187245523848314,0.18541456872248882,0.14949048910992663,0.1323440346081215,0.8596757247808623,0.7371954740782006,0.2562631545292654,-0.30642612988051704,-0.8688831704013902,0.2505533507050345,0.005614245072681474,0.26210100002132275,-0.15753335854973746,-0.3357783367412253,0.02852545191047167,0.04125336371207887,-0.07897672139331674,-0.25332667273652854,-0.11090817661308695
0.06726494717396887,-0.20080271947610373,0.3667231027168473,2.3996787742682835,0.11323336303993066,0.34145007310476183,0.5112690309304954,0.39344050396265584,0.363399079461923,0.3177208372828953,0.3371778814017683,0.4690689171295109,0.46510625989553467,0.540728710636719,0.4152400487621573,0.46793966211712856,0.3151615549786774,0.34351218011539203,0.17746854566685658,0.3172957567653988,0.30134634662175264,0.418460898659764,0.36937051872008225,0.43439625706734536,0.3529888662793215,0.31492494982971103,0.3392777492216315,0.2001183071997642,0.3401346630973573,0.18674411341017233,0.3187468600467453,0.4124910510967701,0.366629503536657,0.3533380448439245,-0.0533833613747784,0.32760496200492534,0.3343911977018859,0.20209945687720665,0.4174045034207164,0.11101502220717509,0.23508951986237858,0.21705321613549236,0.30565423850413886,0.256725457134657,0.3807150185134465,0.2950108535167901,0.3349558990768405,-0.06889357892929406,0.10007191087195855,0.3386206412024692,-0.10976407452092121,0.274149051238891,-0.2700873784235732,-0.2700996989673657,0.1324514066122005,0.27007755491467644,0.1234542528775797,-0.046946421387326805,-0.7404794552769144
0.21865193369738464,0.13021817374629321,-0.15172143869322186,0.11323336303993066,1.285837330190144,0.3262722982983769,0.18731772766273247,0.29763002398418287,0.17677817913826294,0.09441855843499727,0.22597453264325656,0.2446278763910101,0.29835172220782175,0.2921328851658408,0.23042314659223587,0.2786306538251233,0.19759524386621213,0.12726900515620349,0.44630734247439735,0.15481703250804854,0.23416929765648214,0.23999995630720186,0.05282487762359608,0.17556249313773523,0.19258161982925226,0.3162040944283139,0.18266835238476842,0.1407184979486528,0.2866357982405248,0.1541212356381982,0.19981360641507373,0.29085755691252735,0.21401460588370644,0.36498903515509024,0.0858712917131859,0.13663068996821318,0.2507127960433969,0.18735414439518722,0.25242569571967494,0.13191234378373629,0.23467178119701804,0.2206742816742562,0.16077954725748314,0.13323662080650098,-0.13912860858446915,-0.021323309089724903,0.20390164419462656,0.09970371003894649,0.5856596353413154,0.21920560433205133,-0.1601424757609986,-0.08896943100297384,0.050908765598898995,-0.04882770803474142,0.01429780088599885,-0.14765095338462772,-0.15560832438551186,-0.08141683498089496,0.4438251186913883
0.10725147338173878,0.46330373105793693,0.5435492976535717,0.34145007310476183,0.3262722982983769,1.0189319637890024,0.031182773234974287,0.49320754382406734,0.2672240350832113,0.14001793448909955,0.38857112884518386,0.37279909724823523,0.3670978827353115,0.26982686493063635,0.3604835578611583,0.25892221803739396,0.33596590356515005,0.24787122349550691,0.41321608643089236,0.32012917814060077,0.3448320297462499,0.3005160936335851,0.17428332837288557,0.2685551575390406,0.36791788403536896,0.37193268395972695,0.27760589357080057,0.16490578644046452,0.5730220620559231,0.13426568966830674,0.23014726627245252,0.36444876740266763,0.16295675046404076,0.40543360312196214,0.10670723730665285,0.2180205459984068,0.3324656144680774,0.24586969159270639,0.4508216488442347,0.10876810779103481,0.029393941597146766,0.22188802283115214,0.31776859482840014,0.19087612217472286,0.4172821981747073,0.24694336240191433,0.28370468476888383,-0.050090012253379806,0.03987883455530805,0.45524648026512443,-0.37272756063226614,0.08396404287382733,-0.15329157420529343,-0.13256124524932875,0.07271132769863353,-0.06918474223764784,-0.10458426306302811,-0.030347530693313227,0.0006475827550255108
0.2234174654411474,0.011134124744242564,0.2629414574167159,0.5112690309304954,0.18731772766273247,0.031182773234974287,0.9074499997194255,0.12632742254043186,0.2713709240329431,0.214579468024372,0.2593933056947539,0.40612284234553464,0.31524674440178974,0.19149515611188944,0.1834327410323039,0.2851319868879655,0.21257733258034903,0.24096137427543093,0.14914195320773754,0.21336004898202016,0.21688816411307568,0.29281543861525255,0.15777073592594137,0.23951917512766,0.19645613196762418,0.2239174039150285,0.24608070803316348,0.140347687949491,0.17930027003588664,0.0896964753594508,0.1999660265114492,0.2930046704775959,0.2615442081482091,0.2535464027096509,0.005894797636813227,0.2246828242994186,0.17981171696229797,0.11276172461729177,0.23680789383745257,0.07939325284053035,0.19967967179214158,0.1598342934264899,0.19042659246553695,0.13162315490346257,0.13064661051442847,0.12560733447691927,0.17838140009789213,-0.021216991930932134,0.28750847293435416,0.06698866091831766,0.057450610989209734,0.047470009802531354,-0.1308968135695797,-0.11074009284599456,0.03721726382158072,0.17517836204836787,0.1219632252101586,-0.01220270186219811,-0.3847996488204836
0.1287866169085132,0.3157121974824945,0.36846609780833295,0.39344050396265584,0.29763002398418287,0.49320754382406734,0.12632742254043186,0.859054503673317,0.23154451070603363,0.2604187613475017,0.327598667802941,0.1265271745650412,0.39835625072556885,0.31425803665577434,0.33442110481523984,0.2691250705073009,0.3526379364238529,0.24884382621561185,0.29458185275600257,0.3111570619208894,0.30244222955715266,0.2771206226204635,0.18963279943571854,0.2357444348357811,0.2472589655364204,0.3527900099088328,0.24984994094470844,0.15680403027902295,0.43093010068002313,0.22248104255391737,0.2438187840980607,0.26775685296435,0.21246497723149582,0.36495307178226205,0.21086714639116164,0.23264725998622893,0.3212859651842038,0.16694219016263356,0.47811040003581146,0.10059595688937711,0.1890403174555242,0.21826269179343064,0.2747327187994957,0.13920896267819743,0.3042717027628939,0.24050621522268942,0.3096133861970773,-0.005451082586049229,0.28896674654768256,0.3233868853852598,-0.17204101964178314,0.12686304266426449,-0.06562921376275749,-0.23878722524269294,-0.004042519328404914,-0.1096438686693421,-0.03225746322818152,0.007035161040000889,0.06691432343758731
0.10730009730937011,0.18419835508325869,0.4882396839631644,0.363399079461923,0.17677817913826294,0.2672240350832113,0.2713709240329431,0.23154451070603363,0.9378477211265772,0.2535587799003301,0.23667195812702022,0.19497178815026292,0.25182778737471784,0.2742275005945737,0.4000949811477671,0.21180619284170277,0.24630685312319447,0.2635572117687364,0.17861489102096825,0.2666414346364405,0.23947157850981057,0.5427905653150146,0.2396849839071761,0.34026857060943044,0.2728380974865525,0.37521987341763363,0.216412540728022,0.30523458434048717,0.16813447348891936,0.1482929935504829,0.2784785127680413,0.28509598380960083,0.39415202610994016,0.19441260489503825,0.15232976538808168,0.2690463642311392,0.339701615226038,0.24974903181383126,0.282732154818378,0.05173793207173392,0.1456384170046851,0.2213476155672335,0.22226712127297726,0.1230046966073421,0.1748049831541655,0.3146119211077181,0.27082655453230725,-0.1362565099949826,0.2440563852159241,0.19306802896750003,-0.03174892429745998,-0.024966796399690912,-0.08064659616112795,-0.16382803447422897,0.15938849028620122,0.1869843899221015,0.007176493196920144,-0.25446167201488923,-0.14423957073892804
0.10164207879690443,0.18305340691620048,0.4711671070611456,0.3177208372828953,0.09441855843499727,0.14001793448909955,0.214579468024372,0.2604187613475017,0.2535587799003301,0.8074717722181053,0.2151655867339324,0.23052221314229782,0.22860005891939653,0.15253992768397434,0.29916539864913716,0.25061750377655045,0.2237632235635127,0.3648771176265152,0.1328652631143289,0.1387026615987005,0.15930105033023226,0.26469847491343795,0.28037261170911815,0.21410081769965986,0.21266047964398824,0.20099303528916443,0.1995953584947018,0.2089880797247783,0.31019624079106145,0.15840339336909842,0.21382388643915612,0.24000813881200223,0.19804019593812341,0.35854204819957497,0.20761832531991153,0.24903278101780313,0.3110015327775413,0.03754972732118845,0.2973683457720841,0.027370492432785994,0.3005886412105069,0.1687202562049511,0.1286228338973798,0.10249463823834237,0.2493848425019641,0.22778691385715336,0.3148201968734875,-0.06119518742227925,0.10082576132821572,0.18583622141668282,-0.015062894605576803,0.03850603054336792,-0.10394891722386877,-0.09542371956417664,0.04875457755890355,-0.0037412031533875585,0.22454050003155362,-0.16898137483688866,-0.18219319797574662
0.10862519416631601,0.25389573817207334,0.39979282775926955,0.3371778814017683,0.22597453264325656,0.38857112884518386,0.2593933056947539,0.327598667802941,0.23667195812702022,0.2151655867339324,0.5444013596972462,0.31433362744600546,0.36035944024956995,0.21601332269686344,0.3790130252455815,0.2796607796955737,0.342787945501468,0.23425260921492638,0.21282545821093032,0.34694859019087937,0.2529083711314193,0.27241436460807955,0.1772094009213805,0.27128961247011035,0.2974676917889985,0.2716350022760393,0.25924495650027907,0.2250010861616306,0.3925342675035404,0.1673464412282953,0.24209950741631858,0.2984357253054341,0.20842075139160826,0.3653778729693519,0.265882943576155,0.24280517369670387,0.2879720703335693,0.12941500325663313,0.3842249988231774,0.09794272353399026,0.18607432499563786,0.22740471488715103,0.22878784055849705,0.11516054144046392,0.34458439373233835,0.19743589192318864,0.25501959717406253,-0.03636299819170065,0.08795382684391315,0.1586181495551712,-0.12115475390455135,0.0481080898919523,-0.020037141006749477,-0.08117377666374463,0.045749675759671746,0.014128463704802256,0.012078105356242095,-0.05467453187696651,-0.14140969331652173
0.14433667503573194,0.20848421190163327,0.4225510247555782,0.4690689171295109,0.2446278763910101,0.37279909724823523,0.40612284234553464,0.1265271745650412,0.19497178815026292,0.23052221314229782,0.31433362744600546,0.7865205325667517,0.2880961224277156,0.24626681087300745,0.18122677946061985,0.2909191628385083,0.17709024458128522,0.2844107541025197,0.21636733065018102,0.16724028024574628,0.23928796624949344,0.24733373141997575,0.1609486270836842,0.1789967153684483,0.2424498556945592,0.3393073338675933,0.29476160512484617,0.0038812391186503767,0.2650183244266046,-0.0036311830360517563,0.14963575205320329,0.39086665877275356,0.17534055178249502,0.3153436495621879,-0.03470749189079689,0.223908119363543,0.03856031101573913,0.14871838988696107,0.23945922652814003,0.09327562509140468,0.13019997923032398,0.14450638632893653,0.20909710131809173,0.15520155217109685,0.22180652938538262,0.1508387947566165,0.18944337647449006,-0.027670536884181047,0.11357051283939007,-0.0030391519583988923,-0.018745529406635243,-0.026889165612075095,0.04179980988590269,-0.045233281856108865,0.05003960711653552,0.07495687830349392,0.0071198718190640334,-0.04449782012722196,-0.2452306077536324
0.1417899805504401,0.21481554566631805,0.3524152886667265,0.46510625989553467,0.29835172220782175,0.3670978827353115,0.31524674440178974,0.39835625072556885,0.25182778737471784,0.22860005891939653,0.36035944024956995,0.2880961224277156,0.7328190780337706,0.3867003358625472,0.23070127290815676,0.3434369658994848,0.3151548944766342,0.21083984533689137,0.2738425017221219,0.333738195758045,0.28896454470445554,0.31952709879566743,0.18642911427845676,0.2970058502229466,0.30293897682557686,0.27566484982331424,0.32735096134864117,0.22732336107590417,0.4622721183166367,0.23482360525603546,0.2516522956224671,0.3793555155075176,0.2762944770048581,0.38797691809229257,0.2897480900275833,0.2876874445628037,0.26135532442159676,0.10128570589476861,0.45056214696077224,0.104332922401972,0.23076015399340863,0.23267612704910584,0.270249495547113,0.15057791420672853,0.2722367957331915,0.22177455749109093,0.27755883593702385,-0.024138211403660296,0.27385773727931245,0.15234489620787958,-0.12522666269443544,0.13119600663046518,0.00701813240201334,-0.16736502551456395,0.06986498629817586,-0.010052701026675454,0.04423298965766101,-0.06200343307645597,-0.15388198543712248
0.1694510915646766,0.04931047065148484,0.11931158970335647,0.540728710636719,0.2921328851658408,0.26982686493063635,0.19149515611188944,0.31425803665577434,0.2742275005945737,0.15253992768397434,0.21601332269686344,0.24626681087300745,0.3867003358625472,1.00048144553717,0.4383769738048114,0.499624555500124,0.314980291822347,0.07302016012434277,0.22316250720822525,0.34803468594154535,0.18298866637180639,0.3808316927194469,0.07798354960804367,0.2677112470874732,0.27325510068398023,0.4073793679936632,0.3038580955788997,0.4024421759884555,0.3080749415186544,0.30830612586042977,0.2605482426960688,0.37744665366159097,0.2665297624069185,0.3293404982730598,0.43258458277444545,0.237361548846519,0.2985393638869296,0.25990257699225533,0.20540869497839084,0.11237311431757718,0.40636354580412154,0.29748556613910404,0.274907041124296,0.1594967375612745,-0.05821071060560794,0.023308715282561104,0.2641896030696886,0.07805084920181694,0.761732639185914,0.05918565781767874,-0.09161916500402659,0.11966279593604696,-0.05742032450917237,-0.006260779723301673,0.02143690339113979,-0.009764122807105775,0.033712356297980445,-0.008500839820242766,-0.01708499646006987
0.1197621407193655,0.2170405119403856,0.45424614916338407,0.4152400487621573,0.23042314659223587,0.3604835578611583,0.1834327410323039,0.33442110481523984,0.4000949811477671,0.29916539864913716,0.3790130252455815,0.18122677946061985,0.23070127290815676,0.4383769738048114,1.181180558312856,0.4326664322940717,0.4660541398939035,0.24031579022158273,0.26647709450344154,0.43410030312129605,0.27689314477057414,0.41318611372202835,0.2691555893738021,0.3892424221479227,0.37542234396123825,0.3310819767203435,0.28194030607894977,0.5882523470394272,0.3798478630127556,0.323054304844166,0.37553512278552265,0.3386129777289748,0.39812804525935497,0.3836344722180042,0.41667466052940155,0.3011711888527886,0.6225887354507088,0.2595501490575707,0.4012068176264317,0.07775408022433296,0.3113946008475134,0.34647737822225516,0.2860732061048296,0.10477344516005527,0.2859593096598851,0.2872847875788082,0.3669057054413364,-0.01814053084699414,0.2964346582059853,0.6573875664477977,-0.27468307447309237,0.3488301618988899,-0.46780386102722665,-0.21529735345290704,0.1447636108122054,0.10577144351609391,0.032768155707130535,-0.16998652487594645,-0.18873277916915504
0.13267940390276986,0.12487103391357156,0.26915598447640793,0.46793966211712856,0.2786306538251233,0.25892221803739396,0.2851319868879655,0.2691250705073009,0.21180619284170277,0.25061750377655045,0.2796607796955737,0.2909191628385083,0.3434369658994848,0.499624555500124,0.4326664322940717,0.8144887807764245,0.34573283871074284,0.19506060921477641,0.2611280710063476,0.32062638238908003,0.2018580434264099,0.48208271656398066,0.2645033830415409,0.32875210200919547,0.36364234380998617,0.2550210408227591,0.35001246238324957,0.34692247474917876,0.32478533844528135,0.324577300060305,0.26784361777118904,0.4318730714627503,0.288134785243658,0.39668100522585964,0.41200483645344305,0.31014630623801887,0.3644867461758483,0.232868070876503,0.3713792391358624,0.14621308943171676,0.3493539151264898,0.3251223155823513,0.3013536370475752,0.19724158423827656,0.1791833129457946,0.15171854941851368,0.32159776802039786,-0.018779544098377607,0.4548517026078972,0.040538512612852906,-0.04720164648432734,0.05634199540641366,-0.04297460064908469,-0.0898962493982114,0.10102322287040143,0.0023340744121964655,0.08834459718504108,-0.09643546837084296,-0.16636007848479328
0.09722328759406133,0.2809814145260158,0.38578686035170073,0.3151615549786774,0.19759524386621213,0.33596590356515005,0.21257733258034903,0.3526379364238529,0.24630685312319447,0.2237632235635127,0.342787945501468,0.17709024458128522,0.3151548944766342,0.314980291822347,0.4660541398939035,0.34573283871074284,0.9263765963460802,0.1899776876164694,0.29159360448677435,0.5199980112762401,0.22868735640313717,0.329334046653923,0.113948439898793,0.3154357826801292,0.4093646567860174,0.22103101453189392,0.28097041233975917,0.5294422043162944,0.3672769349092226,0.3113355825239427,0.32265901396072394,0.3068884762441198,0.37221471800305883,0.3830441116610536,0.4875236057769671,0.2635272240006411,0.6091112048763965,0.28134518778076817,0.3757480526845163,0.1044928213433114,0.28710391803301755,0.3760050054998089,0.27913616445603445,0.09188283675353023,0.5059713809160145,0.2098761876452252,0.36253034521743666,0.01475791598364689,0.10918398033420863,0.24936903119708828,-0.07396886285086458,0.2678356123736871,-0.11871260791528493,-0.13228518829707062,0.0031075451893830975,-0.004799951173867855,0.04864727961353957,-0.01937675673791398,-0.2589338466192892
0.09714803180528092,0.32989783968072545,0.3982411633982443,0.34351218011539203,0.12726900515620349,0.24787122349550691,0.24096137427543093,0.24884382621561185,0.2635572117687364,0.3648771176265152,0.23425260921492638,0.2844107541025197,0.21083984533689137,0.07302016012434277,0.24031579022158273,0.19506060921477641,0.1899776876164694,1.1604124985531372,0.17092564956922826,0.0003067697569363127,0.3299775025604508,0.22588853012043755,0.7026768117876291,0.25676522110390537,0.29621263543355864,0.3130570230162506,0.08257626284517755,0.2963869811738319,0.32695028273355664,0.04125606156259941,0.2932137641134555,0.20967984417149266,0.44029936513760276,0.31001443807550033,0.046346080255212245,0.12954998896311753,0.3911245076527032,0.02201228163911687,0.3502561819354929,0.11350196432670588,0.18345014743595767,0.1278105399004664,0.3226391320422008,0.09596910065779678,0.5690163854881666,0.2899852875140341,0.5313444065490477,-0.022260713686311665,0.00979309308437146,0.21192907517296364,0.06687244615208705,0.08729476005167273,-0.11824642193434644,-0.1623548794716993,0.13974336475877502,0.16061607841539727,0.15840597520204727,0.03617627798621528,-0.6006647805009012
0.13469545424469237,0.1817165958637715,0.2677107282851088,0.17746854566685658,0.44630734247439735,0.41321608643089236,0.14914195320773754,0.29458185275600257,0.17861489102096825,0.1328652631143289,0.21282545821093032,0.21636733065018102,0.2738425017221219,0.22316250720822525,0.26647709450344154,0.2611280710063476,0.29159360448677435,0.17092564956922826,0.7729836653493106,0.09131082089230329,0.29282072511187107,0.2583748151662826,-0.0998178399166214,0.15270869744799362,0.13890301668132313,0.22181415211804337,0.19749789901299375,0.2598076988585642,0.1928108782689239,0.20130800180581493,0.2532722824916662,0.3268057649146629,0.24545338540486786,0.24533335818934676,0.14243971977136968,0.23052842205410654,0.18573129223587118,0.2519229655270384,0.3460820119740384,0.09726249788620679,0.20556680027891067,0.1957271821906206,0.21346659183545785,0.15481876715047502,0.28975793435230046,0.12696382358291872,0.24385464435237653,0.04808480000696497,0.24252820807261385,0.16597873348733247,0.07142433351331856,0.3127607353086236,-0.24667586845664088,-0.15911881321345953,-0.018674743747519,-0.040847578468165495,0.04105168076799651,0.04751758615883504,-0.08677203537697059
0.07260012224748125,0.32117152278927513,0.26823139521058303,0.3172957567653988,0.15481703250804854,0.32012917814060077,0.21336004898202016,0.3111570619208894,0.2666414346364405,0.1387026615987005,0.34694859019087937,0.16724028024574628,0.333738195758045,0.34803468594154535,0.43410030312129605,0.32062638238908003,0.5199980112762401,0.0003067697569363127,0.09131082089230329,1.226139766572919,0.1372956791661626,0.31953637835774057,0.058226639620438704,0.4087526073952072,0.611180107412725,0.11948083008749215,0.37590801680465086,0.37176232655396874,0.45409383033726775,0.5510420334866608,0.3081305786669003,0.28813938144050993,0.29930768643218447,0.43535568347742226,0.46364278324592034,0.1515769910569,0.9462954174864474,0.4045499744114604,0.5325817829462247,0.16651479889037465,0.17471768654625672,0.40000869923463334,0.5074884907136827,0.0823473777141514,0.605920280049863,0.21019575379523806,0.39052870181887483,0.08692124709384393,0.3943410450560185,0.17481827741620326,-0.17954623382207638,0.12022356562053642,0.01044945386221421,-0.15875728562124444,0.11160945735045047,0.015300169520798703,0.05421596701028361,-0.1024564648000321,-0.15458318628614426
0.1158522794435887,0.2619321257524973,0.32322685488272207,0.30134634662175264,0.23416929765648214,0.3448320297462499,0.21688816411307568,0.30244222955715266,0.23947157850981057,0.15930105033023226,0.2529083711314193,0.23928796624949344,0.28896454470445554,0.18298866637180639,0.27689314477057414,0.2018580434264099,0.22868735640313717,0.3299775025604508,0.29282072511187107,0.1372956791661626,0.7811216207017572,0.23196213876144073,0.3413486487489993,0.2075941655619212,0.24024527344232852,0.29645782102968476,0.18104456503749283,0.2708847642921555,0.2876282098125473,0.13389024710766467,0.2569747819647199,0.3132761225434595,0.4022816275093048,0.25221954885139947,0.06809564239794368,0.2739562383644813,0.15699529745501298,0.19711851733401187,0.35936616825118983,0.22072347217261581,0.19834049760158454,0.21120512200157263,0.31799652160780373,0.22689855095973352,0.5571950785154816,0.19922397493626856,0.3219689914580801,0.016314058412030156,0.05491752854650732,0.24781104935333112,-0.05330334264469642,0.15197123425180162,-0.15159235242135966,-0.15740217538642534,0.053589991508567296,0.02701352552328044,-0.14241427051817157,0.010333561490978449,-0.026966943417725917
0.13082270604764676,0.1783115306372313,0.40139922898827207,0.418460898659764,0.23999995630720186,0.3005160936335851,0.29281543861525255,0.2771206226204635,0.5427905653150146,0.26469847491343795,0.27241436460807955,0.24733373141997575,0.31952709879566743,0.3808316927194469,0.41318611372202835,0.48208271656398066,0.329334046653923,0.22588853012043755,0.2583748151662826,0.31953637835774057,0.23196213876144073,0.8137669288313782,0.23413532023566277,0.3364674731203081,0.35763882195890867,0.3231014183240136,0.3032028507033127,0.32775448278943714,0.27119775107912414,0.27834774573137044,0.2804676332040307,0.40527247766405045,0.3804840417913896,0.301686451007122,0.26841483696297047,0.36096362348129263,0.37112530868026206,0.3252801454033289,0.3543917111381708,0.11224719173707763,0.24078633900140892,0.3066132171741578,0.3030144597321367,0.17854572360820187,0.16372480111882828,0.3251492347364789,0.3259791195458675,-0.20194303537773042,0.44778152167467233,0.08267675418982987,-0.04896747969768912,0.002160637256854899,-0.056185175836393354,-0.13964703299018807,0.11803495092761344,0.08373251371967087,0.0478099558224021,-0.16684325159047278,-0.1581330721345134
0.012867609796161104,0.1300284747591546,0.26852670025600744,0.36937051872008225,0.05282487762359608,0.17428332837288557,0.15777073592594137,0.18963279943571854,0.2396849839071761,0.28037261170911815,0.1772094009213805,0.1609486270836842,0.18642911427845676,0.07798354960804367,0.2691555893738021,0.2645033830415409,0.113948439898793,0.7026768117876291,-0.0998178399166214,0.058226639620438704,0.3413486487489993,0.23413532023566277,2.03582118584728,0.6718648158326778,0.9717845491804429,-0.11803204441138222,0.11968421866535658,0.2627286622760785,0.48730714262529606,0.20051489759328825,0.022235780865338835,0.04509417259937492,0.7622986846215964,0.3582694190457924,-0.140795203490532,0.026717863254839873,0.7548677564342848,-0.17241541209372768,0.6649780363411538,0.13235555308533503,0.009531583579034025,0.14592870332738553,0.25983682378392325,0.17785011953242508,0.27922823521245316,0.3230802763066319,0.5626943854207805,0.0795997005803321,0.3625265044232804,0.5999519265971328,-0.3361005993661634,-0.019121031262671388,-0.04191939521294235,-0.24178245171789053,0.2774241614939256,0.12212201044855768,-0.07918669278943713,-0.33894509578587895,0.05528318407850139
0.04801593892887023,0.07763040638457606,0.30392680264102734,0.43439625706734536,0.17556249313773523,0.2685551575390406,0.23951917512766,0.2357444348357811,0.34026857060943044,0.21410081769965986,0.27128961247011035,0.1789967153684483,0.2970058502229466,0.2677112470874732,0.3892424221479227,0.32875210200919547,0.3154357826801292,0.25676522110390537,0.15270869744799362,0.4087526073952072,0.2075941655619212,0.3364674731203081,0.6718648158326778,1.1809094873658805,0.5836363976004719,0.05244216549757197,0.24625383416684135,0.3781112856422997,0.24138371386188884,0.34114403541278304,0.36928360104994457,0.20082305895023891,0.4623114881677569,0.19770289152035092,0.2579339530391456,0.22720626297799879,0.5510530785639762,0.19687635182675567,0.3951661816413575,0.08803659930479175,0.1699984542330709,0.26076756441134247,0.2073506088845035,0.13620206968290788,0.1540244734592154,0.24651088267059995,0.3634605248402835,0.0047710707415566786,0.35898419874770265,0.2594321395358786,-0.15978798550603676,0.1446511847519996,-0.06925999645988769,-0.1797423151517127,0.24954930644010273,0.1628910398519198,0.0002546099612933594,-0.44263848652008825,0.0427435112442502
0.06975624415141986,0.3692491650142075,0.32919833322000996,0.3529888662793215,0.19258161982925226,0.36791788403536896,0.19645613196762418,0.2472589655364204,0.2728380974865525,0.21266047964398824,0.2974676917889985,0.2424498556945592,0.30293897682557686,0.27325510068398023,0.37542234396123825,0.36364234380998617,0.4093646567860174,0.29621263543355864,0.13890301668132313,0.611180107412725,0.24024527344232852,0.35763882195890867,0.9717845491804429,0.5836363976004719,2.5633898165904716,0.07837966341848288,0.30179309378417885,0.3015703314628781,0.7720366734326178,0.6639713930303304,-0.18940771152356614,0.15341045912537274,0.3883159535765935,0.7511027217743208,0.4066116776070565,0.1798816859407416,0.9513787830789895,0.12127598086722464,0.5328943582748904,0.11819008929502368,0.2753636469095039,0.4032246960416864,0.5455119200638373,0.26780257394124685,0.6450820797626312,0.3129157635506138,0.5378652948981045,-0.08335417083241085,-0.15955750949446854,0.17610573730974047,-0.1974849659219278,-0.1877440050041553,0.038667591714158754,-0.1313900470366656,0.23261092160418975,0.23584127014182588,-0.4809813247531513,-0.16802342225812075,0.12032386978494211
0.12155270779485557,0.1915322564279326,0.26337882832837856,0.31492494982971103,0.3162040944283139,0.37193268395972695,0.2239174039150285,0.3527900099088328,0.37521987341763363,0.20099303528916443,0.2716350022760393,0.3393073338675933,0.27566484982331424,0.4073793679936632,0.3310819767203435,0.2550210408227591,0.22103101453189392,0.3130570230162506,0.22181415211804337,0.11948083008749215,0.29645782102968476,0.3231014183240136,-0.11803204441138222,0.05244216549757197,0.07837966341848288,1.6948589689430669,0.2571082439367128,0.4653876435236286,0.05106870407709764,-0.2159015065898203,0.14773953791340824,0.5589904133442194,0.3375108174524821,0.3455274847202242,0.4828395027249252,0.28546220589511073,-0.32395323981076,0.2322301339094983,-0.2442825246734385,0.10113199464136403,0.5231471679463953,0.2854849081514687,0.2234382095769592,0.10248356502445433,-0.45036571425466804,-0.09493510573630819,0.051478733744178856,0.1378079698756035,0.7763039710852703,0.21290946056244303,-0.2469188864536279,0.021692898056007662,-0.10965666094321484,-0.004499077054893479,0.05907397854031856,-0.009908546633134377,-0.017390319265585884,-0.07294042288585634,0.10847071496805857
0.10337256193764134,0.15190485404644258,0.28361044250068357,0.3392777492216315,0.18266835238476842,0.27760589357080057,0.24608070803316348,0.24984994094470844,0.216412540728022,0.1995953584947018,0.25924495650027907,0.29476160512484617,0.32735096134864117,0.3038580955788997,0.28194030607894977,0.35001246238324957,0.28097041233975917,0.08257626284517755,0.19749789901299375,0.37590801680465086,0.18104456503749283,0.3032028507033127,0.11968421866535658,0.24625383416684135,0.30179309378417885,0.2571082439367128,0.5944461855564663,0.27462853486844546,0.21432353454637731,0.2470751334062623,0.2148602599320201,0.44248775573317073,0.25663847565641806,0.335118268707605,0.307764407129591,0.2995343301438141,0.31556587872506453,0.24140722820288926,0.2937365019472322,0.11613509856150167,0.25603403491725935,0.2732070706839383,0.3391909489377443,0.12400236018696892,0.15281793873465033,0.142195077174999,0.21712836485592266,0.03130017383415085,0.3605037048218389,0.11318610045975452,-0.08597914884233927,0.12834671997332706,-0.0313629423126391,-0.11289722576607934,0.06957100157414262,0.002235071107797929,0.20170175290808653,-0.03821301749399391,-0.26767726172418405
0.08890263676489474,0.09123910916291778,0.1861906939828334,0.2001183071997642,0.1407184979486528,0.16490578644046452,0.140347687949491,0.15680403027902295,0.30523458434048717,0.2089880797247783,0.2250010861616306,0.0038812391186503767,0.22732336107590417,0.4024421759884555,0.5882523470394272,0.34692247474917876,0.5294422043162944,0.2963869811738319,0.2598076988585642,0.37176232655396874,0.2708847642921555,0.32775448278943714,0.2627286622760785,0.3781112856422997,0.3015703314628781,0.4653876435236286,0.27462853486844546,1.5131549017766803,0.0299802092129901,0.26528218616335025,0.35052084382102094,0.36165240557181083,0.8252207352352022,0.20848657615481012,1.0723833996221699,0.17616538194112144,0.6111950417292821,0.260953687088429,0.1751734399570412,0.11830256887212721,0.37608433050785495,0.41714899440721803,0.2921260849845833,0.03184896913056315,0.06846619849610802,-0.035404024733303334,0.33701473070472643,0.1877911472753838,0.6752579245978172,0.5012814408238769,-0.12158779384795172,0.44716108939941646,-0.5362003760792403,-0.10791023950419791,0.2260367075673966,0.036099215101250415,0.24518200183722177,-0.177368774259568,-0.18384210260750528
0.10027421870816405,0.5486024031352166,0.42249429520501913,0.3401346630973573,0.2866357982405248,0.5730220620559231,0.17930027003588664,0.43093010068002313,0.16813447348891936,0.31019624079106145,0.3925342675035404,0.2650183244266046,0.4622721183166367,0.3080749415186544,0.3798478630127556,0.32478533844528135,0.3672769349092226,0.32695028273355664,0.1928108782689239,0.45409383033726775,0.2876282098125473,0.27119775107912414,0.48730714262529606,0.24138371386188884,0.7720366734326178,0.05106870407709764,0.21432353454637731,0.0299802092129901,2.6840726340755516,0.4028287052851322,0.11320157339653787,0.23160378881664456,0.25849132701734195,0.9259507039753072,-0.10483898765768586,0.410969330723984,0.1250332231257632,-0.4821574529908065,0.7446036022817774,0.05581473280988929,0.4000757026252455,0.0780806681102336,0.14866581453979383,-0.07857599640125827,0.5198070687273527,0.31330127589818846,0.3998223102566365,-0.2001711081782888,0.3034886685454952,0.7447574289819578,-0.623742998998633,-0.1922871866536796,-0.2146122869943751,-0.06688523107039086,-0.06881135864047952,-0.0934234287100176,-0.23987305061523553,0.0656393540481923,0.05109082903906432
0.08491358509222026,0.07505532223977655,-0.10761716703215986,0.18674411341017233,0.1541212356381982,0.13426568966830674,0.0896964753594508,0.22248104255391737,0.1482929935504829,0.15840339336909842,0.1673464412282953,-0.0036311830360517563,0.23482360525603546,0.30830612586042977,0.323054304844166,0.324577300060305,0.3113355825239427,0.04125606156259941,0.20130800180581493,0.5510420334866608,0.13389024710766467,0.27834774573137044,0.20051489759328825,0.34114403541278304,0.6639713930303304,-0.2159015065898203,0.2470751334062623,0.26528218616335025,0.4028287052851322,2.018511902706055,0.38125843655154007,0.1377493601474181,0.10755448799362408,0.23377930887090653,0.7324761477002057,0.3508854555350415,0.7116803786464722,0.3414296084106544,0.6214173615415534,0.10907111857173157,0.6538243988655422,0.37962624340345436,0.7080457887250938,0.3394459250776141,0.9804757012320219,0.2148437107277343,0.7881236861211576,0.03918521873922679,0.34714922977410434,-0.14078161554066748,-0.07287992290371322,-0.025156420061086218,0.16504783539644743,-0.03276200735169125,0.03721021130038168,-0.06765810129189165,0.0893929713579785,0.13505488640187266,-0.32054087395903
0.0983032419807032,0.14887102439299338,0.2758432265211358,0.3187468600467453,0.19981360641507373,0.23014726627245252,0.1999660265114492,0.2438187840980607,0.2784785127680413,0.21382388643915612,0.24209950741631858,0.14963575205320329,0.2516522956224671,0.2605482426960688,0.37553512278552265,0.26784361777118904,0.32265901396072394,0.2932137641134555,0.2532722824916662,0.3081305786669003,0.2569747819647199,0.2804676332040307,0.022235780865338835,0.36928360104994457,-0.18940771152356614,0.14773953791340824,0.2148602599320201,0.35052084382102094,0.11320157339653787,0.38125843655154007,1.1118272763423283,0.23733873673524356,0.24400944198210228,0.22278107428141583,0.34704993047267274,0.34733227131800687,0.39207203503509674,0.4407962494876808,0.37802306744947645,0.09377399715725242,0.31668379980053585,0.26242101530019535,0.24488670277895142,0.2106999495913242,0.38201656441905074,0.1476300554041967,0.3503714833093519,0.03571046779054851,0.1408209759679112,0.15897969945472587,-0.014831222069404884,0.26539173383877823,-0.13635135155019856,-0.13639777884473925,0.08456186169967914,0.12344467051075961,0.06689891209459153,-0.08112686435644452,-0.29768862008042657
0.11943067373502113,0.012164968657026997,0.2889184480562763,0.4124910510967701,0.29085755691252735,0.36444876740266763,0.2930046704775959,0.26775685296435,0.28509598380960083,0.24000813881200223,0.2984357253054341,0.39086665877275356,0.3793555155075176,0.37744665366159097,0.3386129777289748,0.4318730714627503,0.3068884762441198,0.20967984417149266,0.3268057649146629,0.28813938144050993,0.3132761225434595,0.40527247766405045,0.04509417259937492,0.20082305895023891,0.15341045912537274,0.5589904133442194,0.44248775573317073,0.36165240557181083,0.23160378881664456,0.1377493601474181,0.23733873673524356,1.2151777898841976,0.3300600147034648,0.5336142725422329,0.3820105499113369,0.39394411630261594,0.15665736177877254,0.401274423225584,0.2638555193337537,0.13506796121049322,0.39024726690512357,0.3461642609428185,0.2680281573631504,0.17821508133223363,-0.006591837414043785,0.05857681999138383,0.2777496556555667,0.07580956121194668,0.6346730009598417,0.20043780459500066,-0.09282207909284446,0.22084783229885194,-0.11474651454342052,-0.12443367739523156,0.05074135837198057,-0.07578217894441562,0.7461175964003208,-0.1333133801218161,-0.5969092778903714
0.13762503069531445,0.2229767966649718,0.3038411077718459,0.366629503536657,0.21401460588370644,0.16295675046404076,0.2615442081482091,0.21246497723149582,0.39415202610994016,0.19804019593812341,0.20842075139160826,0.17534055178249502,0.2762944770048581,0.2665297624069185,0.39812804525935497,0.288134785243658,0.37221471800305883,0.44029936513760276,0.24545338540486786,0.29930768643218447,0.4022816275093048,0.3804840417913896,0.7622986846215964,0.4623114881677569,0.3883159535765935,0.3375108174524821,0.25663847565641806,0.8252207352352022,0.25849132701734195,0.10755448799362408,0.24400944198210228,0.3300600147034648,2.2066966912610724,-0.09323817159318885,-0.32670105656010145,-0.05203120587804835,0.5382176823843787,0.20397162331539004,0.1974091917254905,0.11426658327564933,-0.33834748869222625,0.2686245038266761,0.29607823737737476,0.07759318964397466,0.27342543163962346,0.13621664605901665,0.533527996552178,0.1814949458391859,0.6280052138028231,0.330490133166815,-0.20989964233644573,0.23432431551463376,-0.11376268550013699,-0.32209160196506337,0.2023123177576323,0.017055237662474552,-0.005484448446925451,-0.1731591406494545,0.0202028760722002
-0.016831166705089495,0.26242004751210496,0.32907830569051144,0.3533380448439245,0.36498903515509024,0.40543360312196214,0.2535464027096509,0.36495307178226205,0.19441260489503825,0.35854204819957497,0.3653778729693519,0.3153436495621879,0.38797691809229257,0.3293404982730598,0.3836344722180042,0.39668100522585964,0.3830441116610536,0.31001443807550033,0.24533335818934676,0.43535568347742226,0.25221954885139947,0.301686451007122,0.3582694190457924,0.19770289152035092,0.7511027217743208,0.3455274847202242,0.335118268707605,0.20848657615481012,0.9259507039753072,0.23377930887090653,0.22278107428141583,0.5336142725422329,-0.09323817159318885,1.807115004742407,0.5778733052819801,0.30226644773340855,0.5855763290255782,0.04131202924893378,0.48543038940849637,0.05590924654788833,0.7497079916074506,0.38089292296292254,0.38746812873560565,0.26421422979746434,0.2427649101941837,-0.056212847935540246,0.41374773150046984,0.0910272391016901,0.4192110601136458,-0.02245393410592581,-0.12640459163883053,-0.03689666310709996,0.04500531867629835,-0.05111324302357093,0.0037143118381059983,-0.05387108180614209,0.18922290180988863,-0.05749163382308113,-0.20929975227608213
