1.0121794113431193,-0.001528938936815822,-0.001823520196526202,-0.0019576702834090526,-0.0018208177293252666,-0.0017929046952723576,-0.0013319924727332737,-0.0002527167599012546,0.0003071519827367893,0.0010698751328323357,0.0017826705022150541,0.0023494708536400087,0.002673374547295299,0.002706188938921613,0.0021489955534957344,0.0017273992255967562,0.0012163964140636345,0.0008400934771839612,0.0003048813425873059,-0.000390941688127015,-0.000575607621409566,-0.0003726357702863908,-9.763317513675513e-5,-9.051912641742718e-5,-0.00016464017394271312,-0.00021232711445160778,-0.00023046911679872945,-0.00028522104744606287,-0.00037324668719228516,-0.0004334574908711998,-0.0004599083865525698,-0.00047388470143727674,-0.0003897045152433798,-0.00024375519027063607,-3.1380963745005296e-5,0.00016448224892260722,0.0003159479471048762,0.0003857121781099316,0.0004205980027628883,0.0004043448071771257,0.00039460346790050414,0.0004288643978636041,0.0005839984789233884,0.0003388520827682936,0.00019109240604201803,9.467817817899466e-5,4.525670970532054e-5,1.5298425785479013e-5,2.7723221981698318e-6,0.00013502512654322858,-4.803267067638409e-5,-0.00010315326854513661,-7.689367303120737e-5,0.0001061096196182306,3.252664991033595e-5,-3.874799708846318e-7,-5.8863743507858154e-5,-6.421396979893442e-6,6.959717183655483e-6
-0.001528938936815822,1.0115372605920698,-0.002471446414975657,-0.002681824088958516,-0.002536421296005399,-0.002462758670847805,-0.001711198370856991,-0.0006411243086018834,0.00018390746283609597,0.0014006039045259008,0.0025099910664138194,0.0032081117695223096,0.0034081056234187574,0.003255267688674516,0.002499218587716301,0.0019159924279997702,0.0012504577927179683,0.0008304933665481293,0.0003615921994161236,-0.00016850995496017765,-0.0003269992956143729,-0.0002394435016236896,-8.186875598120008e-5,-0.000116102712700787,-0.00018024652222659135,-0.00022620693497100273,-0.00023020424313626876,-0.0002909203395027673,-0.000395583618288931,-0.00046272400409549973,-0.0004934359352243272,-0.0005219634168702771,-0.0004404553277679167,-0.00027763769045893255,-3.805451371958221e-5,0.00018442886095600068,0.0003573192808151176,0.00043699979429139257,0.00047927186068999397,0.0004617814734078811,0.00044579427929813844,0.00046964027613050107,0.0006086051025947137,0.0003477751309977546,0.0001903864642799104,8.97858177294278e-5,3.976195725486991e-5,1.0576890328111674e-5,-8.215101881835954e-7,9.827597573958417e-5,-0.00011709553121345421,-0.0001996529324638764,-0.0002196363042550951,-4.8976969007112675e-5,6.992707648402214e-5,1.2668560570891058e-5,-9.325549639715172e-5,-4.143372706151347e-5,-4.9612822144504135e-6
-0.001823520196526202,-0.002471446414975657,1.0100569097006684,-0.0037995005680902367,-0.0038234870395479955,-0.003820150511076714,-0.0027529264817143027,-0.001339767928091761,6.590673361290617e-5,0.0019654923490522113,0.0038099294522451377,0.004769048814716206,0.004517275844734174,0.003878772943941949,0.002847095068033126,0.002013476864512865,0.0011283663782942414,0.0006700081970418822,0.0005050888720581365,0.0005239032092057896,0.0004632934058449823,0.00020000738407956826,-1.6030121843677885e-5,-0.00015703205538846084,-0.00019964108330650224,-0.00023540380614402132,-0.00021326701585434085,-0.00028352499602978686,-0.00040969320338553995,-0.00047923731572582296,-0.0005144894196865479,-0.000568344703294493,-0.0004991575528160752,-0.0003233909453395148,-5.844044981437984e-5,0.0001912266847966911,0.00038739844996029597,0.0004825104086561964,0.00053899024081676,0.0005265871816093369,0.0005089275166028831,0.0005239427401409547,0.0006423948313316193,0.00035450962325017936,0.00018343651943086102,7.895539665903367e-5,2.9623671084133417e-5,2.9233528995683347e-6,-6.2218653331083965e-6,4.3588471789446706e-5,-0.000209416975296439,-0.0003273711896770327,-0.0004026146314063787,-0.00024371624670869814,0.0001231098832359884,4.359261434229454e-5,-0.00014865431213889862,-0.00010583273760102457,-3.0149459962461723e-5
-0.0019576702834090526,-0.002681824088958516,-0.0037995005680902367,1.0086724235225346,-0.005890988624324591,-0.007117235873532354,-0.007547814231642244,-0.0023713752865905974,0.0012598030386551347,0.003981415649719881,0.006394158347691201,0.007408657274097979,0.005813694201260955,0.004201054184660695,0.002873440920824892,0.0017027253755445087,0.0006904913807297896,0.00022044183503872617,0.0008497130699545634,0.0020580990164317517,0.002263705266074623,0.0012563775562397556,0.0002215813223386248,-0.000142544760644939,-0.00019604685987884953,-0.00022041773304886072,-0.00019249462296845853,-0.0003012121270037469,-0.00043892264911106623,-0.0004986228719276841,-0.0005225199323482835,-0.0005913841156834706,-0.000543662550914564,-0.0003775993561705886,-0.00012935644633895043,0.00010631203698130595,0.0002891571606465577,0.00040909551026608367,0.0005024720360578363,0.0005464450360683205,0.0006070556530562165,0.000724506644256938,0.0010122745353587633,0.0005309644999340112,0.00026156111751844343,0.00010996446450577498,3.960040249601344e-5,5.365209154973687e-6,-6.571549997606064e-6,0.00015984111135976261,-0.00016720389933006083,-0.00030980367480069464,-0.000368724005646854,-0.00015515220485607861,0.0001301286345248214,-2.6519111356871587e-6,-0.0002509105139658903,-0.00021700790034377611,-7.162786974919779e-5
-0.0018208177293252666,-0.002536421296005399,-0.0038234870395479955,-0.005890988624324591,1.004228312091285,-0.013050049681668306,-0.01722849878552501,-0.005082896043185543,0.003253615899149156,0.007172504688907497,0.011108747174294583,0.012173111686678862,0.00754868278760225,0.0037641550934173662,0.0022311391715476012,0.0006889596061446129,-0.0004002657796474455,-0.0008088906792818114,0.0014943076940219834,0.005299901736880521,0.006096126402390232,0.00358980384107863,0.0008396815409737134,2.9482597221019112e-5,-6.0628758025483355e-5,-8.702764095562418e-5,-7.564595174065818e-5,-0.00027282729182006123,-0.0004101006877963392,-0.00041759607742474517,-0.0004248100540465077,-0.0005066370631096595,-0.0004881785727455343,-0.0003990287196256721,-0.0002456777614317306,-0.0001062539640977249,-9.891522589093219e-6,0.00015963094732640722,0.0003247556463105677,0.0004895094982513359,0.0007116006783829614,0.0010186001404831615,0.0016067530162753633,0.0007895242830163365,0.0003670390760053104,0.00014892338617158285,5.004563141135226e-5,7.157430688472719e-6,-7.728428836857858e-6,0.0003368329870673159,-6.382909858273892e-5,-0.0002345747053009362,-0.00019458488096190478,9.94135716301027e-5,0.00011645752260846581,-0.00010094402176125889,-0.00046722315876015786,-0.00045453253303313033,-0.00016931745605159248
-0.0017929046952723576,-0.002462758670847805,-0.003820150511076714,-0.007117235873532354,-0.013050049681668306,0.992421333480515,-0.03277962071207311,-0.010966429251852228,0.005309139181312852,0.011468885729658191,0.018181544441321158,0.01918101046269726,0.009986314254134916,0.004122692029529359,0.0020826136522661552,-6.59464667366103e-5,-0.0014677688222966725,-0.0015372766816628405,0.0026313670467380122,0.009395264072674351,0.010805934507024393,0.006572160703613242,0.001922406529752825,0.0004646792827385231,0.00030489959985728155,0.00022690065915377438,0.00012687823053831188,-0.00017365730325355778,-0.0002685795055742125,-0.00017660106959754216,-8.97875645929184e-5,-0.0002099725207139079,-0.00021183718370272248,-0.00031681830271102504,-0.0003586156792696032,-0.00045460437802056076,-0.0005819699862991491,-0.0003978394372482472,-0.0001916712605630562,0.000143072632903645,0.0006128695460941982,0.001283892598876559,0.0024711186671431155,0.0011923910586757068,0.0005570048973979802,0.00023802704596190448,9.172249920945649e-5,2.6804631622988083e-5,1.5958117576617797e-6,0.0005818598711655644,5.246770267404626e-5,-0.00015708347724853564,-2.802631991220059e-6,0.000421119342211675,0.00014790712822070805,-0.00016463076979208403,-0.0006318022592255639,-0.000630436841461029,-0.0002635095557451802
-0.0013319924727332737,-0.001711198370856991,-0.0027529264817143027,-0.007547814231642244,-0.01722849878552501,-0.03277962071207311,0.9506089387993173,-0.023460519384762228,0.006372314189685038,0.016653851324389294,0.028857800424327614,0.029766056896015185,0.012723012347098345,0.006141091492450119,0.0020900924922247184,-0.0008807901696725228,-0.0036854927734475194,-0.0025441785413066126,0.004526363399923576,0.016810805732509603,0.01930845291461805,0.012225998578663575,0.004390496274560424,0.0016750513511839815,0.001347662881642883,0.0010893708961805064,0.0006758512558486304,0.00019630349783395225,0.000320471166764054,0.0006990352786199788,0.0009775552331621933,0.0008632350797997806,0.0008973957614208325,0.00018195639624079033,-0.00042937825033990745,-0.0012610899605309473,-0.0020658565038413263,-0.0019051817413432515,-0.0016572248760043395,-0.00096140541914253,4.349343279202578e-5,0.00145556594025866,0.0038538340211186056,0.0017881000131160253,0.0008275675095919696,0.0003665010709475727,0.0001532995683250671,5.750448766861929e-5,1.7361431832998083e-5,0.0008516752017643368,0.00016466130853918774,-7.283824526537926e-5,0.00023668863827666702,0.000991270053282479,0.00014430640857013562,-0.000368437672545955,-0.0009632496502214559,-0.0009602504015922722,-0.00043021847382087664
-0.0002527167599012546,-0.0006411243086018834,-0.001339767928091761,-0.0023713752865905974,-0.005082896043185543,-0.010966429251852228,-0.023460519384762228,0.976983891611539,-0.021567976700950307,0.006384155242564186,0.01874367375201619,0.014863885650810716,0.010851064821741667,0.0055622802968594435,0.005754184539098917,-0.0006559805734920267,-0.0023213394839767644,-0.002094128216464948,0.002773871916007187,0.010535641308536396,0.01227435861076251,0.00804584441268766,0.0035047588449487236,0.001765591248551696,0.0016086328962836556,0.0014008427246460077,0.0011293117188732014,0.0008162796502728392,0.0006331279317033564,0.0007428172670656972,0.0009624079681837363,0.000558321961799898,0.00031290128687115805,-5.843687726057064e-5,-0.000219336647919813,-0.0005373150220475003,-0.0008222619380144931,-0.0008627095425696191,-0.0008775161807365715,-0.0006780442317702041,-0.0003918552093410811,0.00017118457158775885,0.0011801565221781145,0.0005097726507135404,0.00018827419568658444,4.964625254326576e-5,4.036906978404124e-7,-1.4683549852643992e-5,-1.5937406196904824e-5,-0.000585829423414868,-0.0008155644581411469,-0.0009879645120189305,-0.0011558103386035807,-0.0007736665468489656,0.00010710427914387647,-0.000153952650380245,-0.0005730079961264187,-0.0005123772233539082,-0.00021132649835895896
0.0003071519827367893,0.00018390746283609597,6.590673361290617e-5,0.0012598030386551347,0.003253615899149156,0.005309139181312852,0.006372314189685038,-0.021567976700950307,0.9686490429595712,-0.010238439910488102,-0.01194260274171786,0.008874231297990868,0.004637829152470345,0.016594816523628864,0.008953096840976808,0.003587612009700911,-0.002055092514608129,-0.001005123458179461,0.0016744773769233527,0.0058976071273125165,0.006939226642670051,0.004691178468464366,0.002399513707783443,0.0013924233462591575,0.0013435901788350897,0.0012031970679771068,0.001036925396157502,0.0008646895164200649,0.0005800424336680193,0.0005435449347033185,0.0007416103917571209,0.00025628205186151143,-7.0390724731078e-5,-0.0001500257957208374,-7.746690493303132e-5,-8.002281034599269e-5,-8.877876198687938e-5,-0.0002431653140531654,-0.0003736622903104289,-0.0004273959661058914,-0.0004965492657078358,-0.0003740636031226319,-7.369877457404394e-5,-6.934679429498593e-5,-7.781158629321168e-5,-6.877761099916136e-5,-4.857694682007087e-5,-3.4118186591009666e-5,-2.2614344262169767e-5,-0.000814060044379521,-0.0006850025497802465,-0.0005599204366038726,-0.0011775279629060423,-0.0010489794222591938,-8.701410376618235e-5,-0.00018219146819992363,-0.0004407791107048668,-0.0003298240815374495,-0.00013142880810017196
0.0010698751328323357,0.0014006039045259008,0.0019654923490522113,0.003981415649719881,0.007172504688907497,0.011468885729658191,0.016653851324389294,0.006384155242564186,-0.010238439910488102,0.9534931569902881,-0.033954241770675665,-0.015055162933951096,0.012794556107402235,0.016869316518794118,0.015674309397187055,0.0014231093802679641,-0.0002163611660417429,-0.0004789490633652036,0.001287753080349535,0.0030255252484621747,0.003311992902343192,0.0023972857194919195,0.0016337571286506878,0.0011899693336019665,0.001118479846374717,0.0009677671692861556,0.0008458188021918868,0.0007204118194323202,0.0004260095669666274,0.0003479044047294426,0.0004614847813221636,8.09291420487322e-5,-0.00019022257638652912,-0.00020270276647397573,-2.080866272787304e-5,9.188809871147488e-5,0.00021458487960659118,0.00010208028049433979,-4.1122951679290925e-5,-0.0001802113290423577,-0.0003890754893557392,-0.0004971134624764404,-0.0006131081239000321,-0.0003060403175624349,-0.00017709835003707977,-0.00010651700887790837,-6.029664390707363e-5,-3.6398652527885146e-5,-2.171086530456241e-5,-0.0005330385145310764,-0.0001340824377510775,0.0003093423258073038,-0.00047997776233790545,-0.0007471028274923846,-0.00024941402161203155,-0.0002385728231370209,0.00015588785753239514,0.00018617673421210718,-8.128069029757491e-5
0.0017826705022150541,0.0025099910664138194,0.0038099294522451377,0.006394158347691201,0.011108747174294583,0.018181544441321158,0.028857800424327614,0.01874367375201619,-0.01194260274171786,-0.033954241770675665,0.9475960806528456,-0.043458890661936936,0.0025933893728752357,0.03375368454980502,0.010541117959492991,0.0020328604400520964,-0.002289193222829047,0.001300914904805943,0.0019284161360186745,0.0010106574085741431,0.0006176691251223017,0.0006411873154749069,0.0009046639457546443,0.0008902498580926489,0.000831086500751634,0.0007052303435267072,0.0006151533515982086,0.0005207523514394823,0.0002273422492519476,9.995493271207565e-5,0.00018578728972687078,-0.000185165655195709,-0.00041396902472570817,-0.000196176014445612,1.5165560584664007e-5,0.0002675890282873045,0.00045678378682567606,0.0003324854059730228,0.00021955808942111072,3.411486188578647e-5,-0.00022352125467901064,-0.00043998015098985655,-0.0006967207702915684,-0.00035722534415735314,-0.00019091666499556327,-0.00010533055497492818,-5.537934575927499e-5,-3.189824543556449e-5,-1.8352231258744803e-5,-0.00027100667378416465,0.00019938201502160634,0.000903852313747624,1.0654586791555912e-6,-0.0004911758827727276,-0.00019266886607290112,-1.3991846270539634e-5,0.0003214854811621686,0.0003563950922678911,2.2848103410575332e-5
0.0023494708536400087,0.0032081117695223096,0.004769048814716206,0.007408657274097979,0.012173111686678862,0.01918101046269726,0.029766056896015185,0.014863885650810716,0.008874231297990868,-0.015055162933951096,-0.043458890661936936,0.9375918945449265,-0.005299062354465174,0.013604639245490628,0.009761076229001707,-0.004139019671296082,-0.000801811801147975,0.0004583873549313097,0.002088189199031588,0.002355150428110977,0.0018454900123610958,0.0011136772368846545,0.0005863822603976372,0.0004633463332197328,0.00048387465255868035,0.0004697324661706396,0.00045037630183691906,0.0004075237370546418,0.00022023912593040486,0.00012809954292602663,0.00012778119059617737,-3.199540899034742e-5,-0.00014181211956196762,-7.304115203802154e-5,8.85220381471626e-5,0.00023674441234277,0.000374033713048835,0.00032606721562459374,0.00022568866237221603,6.295478163253122e-5,-0.00019409073807508684,-0.0005035420697984599,-0.0010045508936168364,-0.0005107299403058074,-0.00026765038314582494,-0.0001390853405422321,-7.037890517240163e-5,-3.7120687914458155e-5,-1.9698986896485272e-5,-0.00019706304316377483,0.0003770687167609053,0.0010632519231167684,0.00047084213598136946,-0.0002406746672278488,1.1457362774818096e-6,0.00026908431418647144,0.0004152787567555595,0.0004396556562835311,4.692519995715038e-5
0.002673374547295299,0.0034081056234187574,0.004517275844734174,0.005813694201260955,0.00754868278760225,0.009986314254134916,0.012723012347098345,0.010851064821741667,0.004637829152470345,0.012794556107402235,0.0025933893728752357,-0.005299062354465174,0.9656333997803435,-0.03262182425756773,-0.01678831725100558,-0.0002547629357582708,0.002616952419773598,0.003127649568757646,0.0028758605675952937,0.003202777834860415,0.0027157318539505282,0.0014252688912769359,0.00029748937003358695,7.852685641275586e-5,0.00018768672787197366,0.0002851831654376368,0.000323369404863391,0.00033010601434504147,0.00020743575539318372,0.0001249511668869387,6.659429075692954e-5,-7.78900435232965e-5,-0.00012840699354583064,1.9595920972548506e-5,0.00012233273553930091,0.0002918736347971891,0.00040897861698828034,0.0003439708548541947,0.0002693789874187822,8.73548507215458e-5,-0.00017635173220418164,-0.0005372394516724918,-0.001070924074687378,-0.0005865187528416791,-0.000309216403781148,-0.00015685510952757756,-7.784585184983984e-5,-3.939137146419798e-5,-2.0028713869556125e-5,3.206680653573092e-5,0.0008623643236286505,0.000999914183614546,0.001798495621558479,0.0012029683136092434,6.394044834961731e-5,0.0003314486579411564,0.0004079591894395768,0.0004497549302647167,6.614516300664e-5
0.002706188938921613,0.003255267688674516,0.003878772943941949,0.004201054184660695,0.0037641550934173662,0.004122692029529359,0.006141091492450119,0.0055622802968594435,0.016594816523628864,0.016869316518794118,0.03375368454980502,0.013604639245490628,-0.03262182425756773,0.939142997004456,-0.03736359294870895,-0.005247590047579277,0.006959048397947696,0.0029694607728164507,0.002977635957097495,0.005633835086747269,0.005635741223805463,0.0029622958207869885,0.0002658249413983698,-0.0003224569961500472,-0.00010797468374867986,0.00013146491872605462,0.0002387718319064953,0.0002756582101595789,0.00020156623321908372,0.00012969539065528756,2.7944498820376866e-5,2.2271640051800827e-5,4.141150337266968e-5,7.515058776872305e-5,0.00016826142460890496,0.00026585097589877025,0.000363844895840363,0.000350670491928851,0.0002762114620886891,0.00010822686686013218,-0.00015601214685913195,-0.0005643478609722785,-0.0012419713828185413,-0.0006586159792242741,-0.0003432814226882732,-0.0001709424056611276,-8.35187523160166e-5,-4.0957123953842444e-5,-2.0069359579606837e-5,0.00014111967847417432,0.0011404103425707824,0.0006386031449448781,0.0027306681241734097,0.002369825475885884,3.400908486867352e-5,0.0001768199122761098,0.0002946991687971211,0.00031128188856898576,-6.690102323046341e-6
0.0021489955534957344,0.002499218587716301,0.002847095068033126,0.002873440920824892,0.0022311391715476012,0.0020826136522661552,0.0020900924922247184,0.005754184539098917,0.008953096840976808,0.015674309397187055,0.010541117959492991,0.009761076229001707,-0.01678831725100558,-0.03736359294870895,0.9839615926055724,-0.007320433565225838,-0.0030065879593563416,-0.001983867992227107,0.0014492871768368512,0.008286721537862925,0.009544091206248672,0.004989845288257925,7.10826592474575e-5,-0.001088245415559835,-0.0006829264367557606,-0.00020163983586633655,2.1922822430072688e-5,0.00012465543695205583,0.00012200534278378951,5.83966150464687e-5,-9.197254742795107e-5,-2.14338990392506e-5,6.828240509719678e-5,0.00013517531359865208,0.00018515448615302017,0.0003027757228976084,0.0003801987428995549,0.00038315268292360254,0.000329273457591556,0.00016824011045755532,-9.085466274781932e-5,-0.0005098742620839193,-0.0012116303894194281,-0.0006558418411474943,-0.00033648686929636914,-0.0001621698747704505,-7.62134268709527e-5,-3.5814611173976106e-5,-1.6612880588703108e-5,-4.593196816276926e-5,0.0005079444172310739,0.0001913294996137657,0.0012597832312082155,0.0009615289352562972,-2.296698736052149e-5,9.89325655973254e-6,-6.169188482147893e-6,-1.916087547557746e-5,-0.0001657148004488609
0.0017273992255967562,0.0019159924279997702,0.002013476864512865,0.0017027253755445087,0.0006889596061446129,-6.59464667366103e-5,-0.0008807901696725228,-0.0006559805734920267,0.003587612009700911,0.0014231093802679641,0.0020328604400520964,-0.004139019671296082,-0.0002547629357582708,-0.005247590047579277,-0.007320433565225838,1.000831306488226,-0.01206165438857169,-0.009275707800359825,-1.8184149126344405e-5,0.012511006768113106,0.015254890815487527,0.008126223414438248,0.0001635341592614558,-0.0017757000337648582,-0.0011936380330143806,-0.00046366971047118427,-0.00012266099629461551,1.6688296945051522e-5,3.5700883147342834e-5,-2.8823720041007356e-5,-0.00020426211751996043,-6.677740445019023e-5,9.123847294279136e-5,0.00013742757882145778,0.00021756163271374236,0.00031672202952802973,0.00042053265625988475,0.000444689414007905,0.00040589954243471106,0.00023523257748157063,-2.3181167517288876e-5,-0.00047322753569989276,-0.0012307609760733907,-0.0006451157447923514,-0.0003198502895016467,-0.00014773186405864425,-6.555787470160127e-5,-2.905724108189735e-5,-1.2391545957151499e-5,-0.0002833567094499065,-0.00019544935148514813,-0.00013391965764164847,-0.0004616568028995595,-0.0008096608944128393,-6.813196311966772e-5,-0.00017935752293987152,-0.0003724157590111965,-0.0003919140278953667,-0.0003814285525625699
0.0012163964140636345,0.0012504577927179683,0.0011283663782942414,0.0006904913807297896,-0.0004002657796474455,-0.0014677688222966725,-0.0036854927734475194,-0.0023213394839767644,-0.002055092514608129,-0.0002163611660417429,-0.002289193222829047,-0.000801811801147975,0.002616952419773598,0.006959048397947696,-0.0030065879593563416,-0.01206165438857169,0.9968404944630528,-0.012513792419111668,-0.0009736951459373002,0.016076677187754976,0.01984550868099195,0.010470422710135244,5.779630861317224e-5,-0.0025637743962643434,-0.001787231407282897,-0.0008084146417464786,-0.00034966770364219796,-0.00013321338487930827,-6.000149582422812e-5,-0.00012768551454461215,-0.0002919386713556452,-7.782241954965274e-5,0.00011167015126623632,0.0001958538642886747,0.0002613886807473834,0.0003867989371205737,0.00046046179686312665,0.0004911882616352792,0.00042381247724598804,0.0002488319065566181,-3.65997755081315e-5,-0.00048627564760028236,-0.0012780257390983742,-0.0006424054348776017,-0.0002981685267521086,-0.00012602142284087007,-4.8227979611369823e-5,-1.7768194221028312e-5,-5.167998888118732e-6,-0.0003400235581877863,-0.00043118536805099663,-0.0003643132509443144,-0.0009664700057784723,-0.001251578903591141,-7.125399692775265e-5,-0.0003252426222953325,-0.0006711089790782482,-0.0006880709019605385,-0.000566227912223171
0.0008400934771839612,0.0008304933665481293,0.0006700081970418822,0.00022044183503872617,-0.0008088906792818114,-0.0015372766816628405,-0.0025441785413066126,-0.002094128216464948,-0.001005123458179461,-0.0004789490633652036,0.001300914904805943,0.0004583873549313097,0.003127649568757646,0.0029694607728164507,-0.001983867992227107,-0.009275707800359825,-0.012513792419111668,1.0021901660603956,-0.0013832287998437527,0.012905646633793967,0.016116823920796025,0.008399415609438046,-0.00021592566277958147,-0.0023091958246508415,-0.0016334124094441354,-0.0007890217874374752,-0.0003817902019896686,-0.00020151760209298096,-0.0001423639736723401,-0.00020614772604788563,-0.0003779865692471379,-0.00015570667252299043,7.231238132773573e-5,0.00016823269277458833,0.0002717667879059622,0.00036949635216585987,0.00048372080903372314,0.0005040476070109726,0.00048550885231254454,0.00031070040275757086,6.543122849525079e-5,-0.00037634770093173043,-0.001142021744601309,-0.0005641572539632182,-0.00025752018638281,-0.00010735625062007846,-4.078747000379282e-5,-1.4786656334061066e-5,-4.161832577168339e-6,-0.000288464827496659,-0.0003781685862957329,-0.0004103914323472816,-0.0007887365110573099,-0.0010096170655309788,-8.789308249025721e-5,-0.00031523377515067395,-0.0006503336419345771,-0.0006419587115734875,-0.0004937838075964268
0.0003048813425873059,0.0003615921994161236,0.0005050888720581365,0.0008497130699545634,0.0014943076940219834,0.0026313670467380122,0.004526363399923576,0.002773871916007187,0.0016744773769233527,0.001287753080349535,0.0019284161360186745,0.002088189199031588,0.0028758605675952937,0.002977635957097495,0.0014492871768368512,-1.8184149126344405e-5,-0.0009736951459373002,-0.0013832287998437527,1.0093614153391244,-0.007568793313217801,-0.007864711949660187,-0.0045453072948758045,-0.0013112000631948732,-0.00022450368305666099,-0.00020589376375990942,-0.00024802090858457027,-0.0002730737394657957,-0.00022162370605064295,-0.00015638381460187525,-0.00020572786940927038,-0.0003583715154784877,-4.9777316367412825e-5,0.00017043859076689336,0.0002487387147301997,0.00027369690706077385,0.0003229782763853121,0.00034214537632431223,0.0004021269145696502,0.00037248538463934423,0.0002601755268341306,5.154184439876154e-5,-0.0003209833973533143,-0.0010581129932606056,-0.00051222471106297,-0.00022600467660559214,-8.846980675581109e-5,-2.996074772817988e-5,-8.001211672670452e-6,1.0726958063860035e-7,-0.00020731714294019762,-0.0002622965823980205,-0.00031809619869968585,-0.0005181116229784312,-0.0006946984259856184,-0.00012860832303401886,-0.00012287623108220855,2.7416129883801088e-5,8.228086655559005e-5,0.00010921075394577034
-0.000390941688127015,-0.00016850995496017765,0.0005239032092057896,0.0020580990164317517,0.005299901736880521,0.009395264072674351,0.016810805732509603,0.010535641308536396,0.0058976071273125165,0.0030255252484621747,0.0010106574085741431,0.002355150428110977,0.003202777834860415,0.005633835086747269,0.008286721537862925,0.012511006768113106,0.016076677187754976,0.012905646633793967,-0.007568793313217801,0.9737645391285036,-0.045349772226755326,-0.024657164290819114,-0.0028582719415720824,0.0031823926518618237,0.0021530732244466506,0.0007229868519724763,2.930789463768181e-5,-0.00012276387949772846,-0.00012154142622628743,-0.00017194473363245683,-0.0002877670092598735,-7.807501251687312e-5,8.307566716776781e-5,0.00017266011116683693,0.00019449676408526005,0.00024065891137271534,0.00028105858986107686,0.0003021260245561912,0.00029201457479061436,0.0001962255641478908,5.288690660984883e-5,-0.0002263417210168548,-0.0007640615027973118,-0.0003603179044444557,-0.00015485030417807696,-5.734484195885168e-5,-1.7298523590021105e-5,-1.9293497509078564e-6,3.0521718802031467e-6,-9.1290517544758e-5,-0.00013745949997666585,-0.0001813663262782238,-0.0002658833933224331,-0.0003501275254386608,-0.00018963950923066086,0.00030676592337707984,0.0011582778351090744,0.0012820675702062787,0.0010752733253777233
-0.000575607621409566,-0.0003269992956143729,0.0004632934058449823,0.002263705266074623,0.006096126402390232,0.010805934507024393,0.01930845291461805,0.01227435861076251,0.006939226642670051,0.003311992902343192,0.0006176691251223017,0.0018454900123610958,0.0027157318539505282,0.005635741223805463,0.009544091206248672,0.015254890815487527,0.01984550868099195,0.016116823920796025,-0.007864711949660187,-0.045349772226755326,0.9612505224496807,-0.028479315534048213,-0.0033033495147037706,0.0036422373787102823,0.002456151786061507,0.0008088467367387744,2.0400125262780364e-5,-0.00010571833492910833,-2.308290874876181e-5,-2.205817325121483e-5,-7.903864941126981e-5,0.00012889015381682854,0.0002425994834116965,0.000249234133143159,0.00014793908796713646,8.708813103333498e-5,3.252948699825623e-5,1.5994170339902478e-5,7.998144620617321e-7,-3.182353678842125e-5,-9.066263343537718e-5,-0.00026539670495898414,-0.000669386112264715,-0.0003130909447278674,-0.00012999834285402914,-4.114486857779286e-5,-6.680832068523873e-6,7.229594428713065e-6,1.015124514468562e-5,-2.7851862933282365e-5,-6.635579134386157e-5,-9.252841627851243e-5,-0.00013265794062475934,-0.0001700947899105419,-0.00015046857987652054,0.00044919801062014066,0.0014238863656780734,0.0015221424658409216,0.0012626638764317215
-0.0003726357702863908,-0.0002394435016236896,0.00020000738407956826,0.0012563775562397556,0.00358980384107863,0.006572160703613242,0.012225998578663575,0.00804584441268766,0.004691178468464366,0.0023972857194919195,0.0006411873154749069,0.0011136772368846545,0.0014252688912769359,0.0029622958207869885,0.004989845288257925,0.008126223414438248,0.010470422710135244,0.008399415609438046,-0.0045453072948758045,-0.024657164290819114,-0.028479315534048213,0.9974944696274618,-0.0025317086978405533,0.001276361174902969,0.0007733168116908911,5.6398474330292205e-5,-0.00022401447901387154,-0.00013828334040031888,1.4391198496928562e-5,3.451955347714622e-5,2.3040590528206402e-5,0.0001839616296338595,0.00017849471652513191,0.00017214559130068093,4.704212430874719e-5,-1.2266688286838656e-5,-2.7956736619448287e-5,-9.82052263885499e-5,-0.0001250613494874882,-0.0001496550068875403,-0.00018427559593933393,-0.00029668160757199085,-0.0006130316481398621,-0.00026235163377180123,-0.00010501530527868326,-2.857063468535151e-5,9.150675122511307e-8,1.4036696357724976e-5,1.5830076270175697e-5,1.6617550370106708e-5,-2.345628861789082e-5,-3.4780451658172365e-5,-5.194877588485707e-5,-5.0818070500532645e-5,-4.3508352168032614e-5,0.00028527176775870397,0.000818668708655253,0.0008025656992131744,0.0006702360184702122
-9.763317513675513e-5,-8.186875598120008e-5,-1.6030121843677885e-5,0.0002215813223386248,0.0008396815409737134,0.001922406529752825,0.004390496274560424,0.0035047588449487236,0.002399513707783443,0.0016337571286506878,0.0009046639457546443,0.0005863822603976372,0.00029748937003358695,0.0002658249413983698,7.10826592474575e-5,0.0001635341592614558,5.779630861317224e-5,-0.00021592566277958147,-0.0013112000631948732,-0.0028582719415720824,-0.0033033495147037706,-0.0025317086978405533,1.0118867669057494,-0.001105584059058971,-0.0009121952409162172,-0.0006897140782845178,-0.0004709994061641393,-0.00021083449559750544,5.4792959396375535e-5,0.00012746823653602936,0.0001283288572313427,0.00030966277974882865,0.0002783283530585915,0.0002257685809091349,9.371578697606518e-6,-0.00013307129458751767,-0.0002142011099274507,-0.0002882125810441212,-0.0002874449256718015,-0.00025397544974903926,-0.00020797895748365087,-0.0002564159607406156,-0.000497576311181581,-0.00022837492435104763,-0.00010354613672849535,-3.421633086777958e-5,-7.290574226710414e-6,1.0788737557772483e-5,1.4544504510620404e-5,4.073561994463478e-5,3.8116777318605824e-7,-6.46551308506728e-7,-9.327555732020385e-6,1.2041113201109076e-5,4.707274004267151e-5,8.659841950648118e-5,0.00015180506828918437,2.867827397084151e-5,3.477791292018561e-5
-9.051912641742718e-5,-0.000116102712700787,-0.00015703205538846084,-0.000142544760644939,2.9482597221019112e-5,0.0004646792827385231,0.0016750513511839815,0.001765591248551696,0.0013924233462591575,0.0011899693336019665,0.0008902498580926489,0.0004633463332197328,7.852685641275586e-5,-0.0003224569961500472,-0.001088245415559835,-0.0017757000337648582,-0.0025637743962643434,-0.0023091958246508415,-0.00022450368305666099,0.0031823926518618237,0.0036422373787102823,0.001276361174902969,-0.001105584059058971,1.0118831837014477,-0.0012424293529883417,-0.0008043561205109086,-0.0004925279706262815,-0.0002100371619982445,4.6817731050068526e-5,0.00011966050544145539,0.00013784006340351586,0.0002880436455160993,0.0002557235554152562,0.00020876458583462285,1.5369311294309006e-5,-0.00012506249836826455,-0.00020785677977263562,-0.00028805610050294773,-0.0003020756498232306,-0.00028079576838066077,-0.00023730472116619195,-0.00025311240209140065,-0.0003980428174793679,-0.0001745133101190513,-7.297695903276877e-5,-1.8129211979534483e-5,1.6551196800830216e-6,1.4661799707042707e-5,1.605563719117936e-5,5.9299167120673e-5,1.747384912872478e-5,2.0922021112413423e-5,2.5158591523944195e-5,6.659750595498475e-5,5.9545003055150066e-5,1.5212309985564487e-5,-5.010149779394577e-5,-0.0001790118027760053,-0.00013839385506703495
-0.00016464017394271312,-0.00018024652222659135,-0.00019964108330650224,-0.00019604685987884953,-6.0628758025483355e-5,0.00030489959985728155,0.001347662881642883,0.0016086328962836556,0.0013435901788350897,0.001118479846374717,0.000831086500751634,0.00048387465255868035,0.00018768672787197366,-0.00010797468374867986,-0.0006829264367557606,-0.0011936380330143806,-0.001787231407282897,-0.0016334124094441354,-0.00020589376375990942,0.0021530732244466506,0.002456151786061507,0.0007733168116908911,-0.0009121952409162172,-0.0012424293529883417,1.0124750190937712,-0.0006659745406443297,-0.0004252844767244113,-0.00021034856386794115,-2.246403274449902e-5,1.9828644380936682e-5,1.929829250932013e-5,0.00015684250076597242,0.00014700359748405275,0.00012247426181077653,-4.8414718401024415e-6,-8.452925825226845e-5,-0.00012174146561763512,-0.00015747384612503211,-0.00015236154079516324,-0.0001439216765415608,-0.0001170237826911219,-0.0001412538335043716,-0.0002487781685314825,-0.0001012428197470817,-3.576189872374895e-5,-2.6544883263480687e-6,7.5344574082621644e-6,1.4050103985942493e-5,1.3455772355643716e-5,7.651438299769479e-5,2.8992609739533704e-5,3.3587755133218104e-5,4.999093518908041e-5,0.00011108985223626823,3.982994090239757e-5,7.768335343610495e-6,-3.7589689813294785e-5,-0.00013019771752655767,-0.00010217779782064955
-0.00021232711445160778,-0.00022620693497100273,-0.00023540380614402132,-0.00022041773304886072,-8.702764095562418e-5,0.00022690065915377438,0.0010893708961805064,0.0014008427246460077,0.0012031970679771068,0.0009677671692861556,0.0007052303435267072,0.0004697324661706396,0.0002851831654376368,0.00013146491872605462,-0.00020163983586633655,-0.00046366971047118427,-0.0008084146417464786,-0.0007890217874374752,-0.00024802090858457027,0.0007229868519724763,0.0008088467367387744,5.6398474330292205e-5,-0.0006897140782845178,-0.0008043561205109086,-0.0006659745406443297,1.0129917092798593,-0.0003348679260964598,-0.00021004168230054782,-8.884074811410396e-5,-6.625918769528014e-5,-8.678928897500365e-5,4.5593198779253734e-5,8.153362403172454e-5,7.930848057433058e-5,2.9463249882187108e-6,-3.712378262761108e-5,-6.159832343849599e-5,-4.123443944781406e-5,-1.3415495131698983e-5,-1.140940723751141e-5,5.394568561452728e-6,-2.7268764602103894e-5,-0.00010980339183142324,-4.502304981170179e-5,-1.1518580844264356e-5,4.699368876019097e-6,8.359832584957816e-6,1.0414243744629358e-5,9.059941986047136e-6,7.40601333303328e-5,2.975938514895076e-5,3.282672015551888e-5,5.188153578646639e-5,0.0001144109675514859,9.835163574467754e-6,-6.754288762717732e-6,-2.018696708736112e-5,-7.244376236800611e-5,-5.9723273208783454e-5
-0.00023046911679872945,-0.00023020424313626876,-0.00021326701585434085,-0.00019249462296845853,-7.564595174065818e-5,0.00012687823053831188,0.0006758512558486304,0.0011293117188732014,0.001036925396157502,0.0008458188021918868,0.0006151533515982086,0.00045037630183691906,0.000323369404863391,0.0002387718319064953,2.1922822430072688e-5,-0.00012266099629461551,-0.00034966770364219796,-0.0003817902019896686,-0.0002730737394657957,2.930789463768181e-5,2.0400125262780364e-5,-0.00022401447901387154,-0.0004709994061641393,-0.0004925279706262815,-0.0004252844767244113,-0.0003348679260964598,1.0131828542792023,-0.00023638093853428193,-0.0001726908276864479,-0.0001698364945583788,-0.00019203680296100382,-5.1485827744814924e-5,4.427319051495902e-5,6.611305166333166e-5,4.9408510961675774e-5,5.102201474435883e-5,2.826723946098885e-5,8.966354613552131e-5,0.00011309819582255225,9.252393326119652e-5,7.458012111645354e-5,1.758122878335897e-5,-6.941035374366092e-5,-1.9267946998157094e-5,1.4287814648103964e-5,2.251245806239592e-5,2.081945329441908e-5,1.4736929106566301e-5,9.979444980960645e-6,7.488277327472453e-5,3.1296180031974354e-5,3.293795083887078e-5,5.4331784945214715e-5,0.00012247784128524135,-2.0597361575747644e-5,-3.691026720593118e-5,-3.81966943111657e-5,-4.019005549263274e-5,-3.496900979176138e-5
-0.00028522104744606287,-0.0002909203395027673,-0.00028352499602978686,-0.0003012121270037469,-0.00027282729182006123,-0.00017365730325355778,0.00019630349783395225,0.0008162796502728392,0.0008646895164200649,0.0007204118194323202,0.0005207523514394823,0.0004075237370546418,0.00033010601434504147,0.0002756582101595789,0.00012465543695205583,1.6688296945051522e-5,-0.00013321338487930827,-0.00020151760209298096,-0.00022162370605064295,-0.00012276387949772846,-0.00010571833492910833,-0.00013828334040031888,-0.00021083449559750544,-0.0002100371619982445,-0.00021034856386794115,-0.00021004168230054782,-0.00023638093853428193,1.0131618212679534,-0.00038675466555367283,-0.00045374713824040963,-0.0004955773090552852,-0.00035118551215545586,-0.00025675821255581615,-8.004687342365149e-5,0.00011788522825206078,0.00028456825534040227,0.0003640052903403803,0.0004899252668872978,0.0005186899156659873,0.0004351178383093011,0.00033149777759386835,0.00019206159900410735,2.1606275734729076e-5,3.0052490984767847e-5,3.916271945368222e-5,2.8521511160033656e-5,1.9558781904888938e-5,7.37657566033418e-6,2.012922975885508e-6,7.137893588201782e-5,2.9275356511196646e-5,2.842393401016842e-5,5.000204975039219e-5,0.0001233012123621425,-7.327716317690536e-5,-9.538903328075064e-5,-9.586798769970949e-5,-3.823727605937613e-5,-4.035991537187225e-5
-0.00037324668719228516,-0.000395583618288931,-0.00040969320338553995,-0.00043892264911106623,-0.0004101006877963392,-0.0002685795055742125,0.000320471166764054,0.0006331279317033564,0.0005800424336680193,0.0004260095669666274,0.0002273422492519476,0.00022023912593040486,0.00020743575539318372,0.00020156623321908372,0.00012200534278378951,3.5700883147342834e-5,-6.000149582422812e-5,-0.0001423639736723401,-0.00015638381460187525,-0.00012154142622628743,-2.308290874876181e-5,1.4391198496928562e-5,5.4792959396375535e-5,4.6817731050068526e-5,-2.246403274449902e-5,-8.884074811410396e-5,-0.0001726908276864479,-0.00038675466555367283,1.0126863712019314,-0.0010432841741642497,-0.0010156264695299097,-0.0009313667900368207,-0.0011454380522334597,-0.0005554377500245546,0.0002451379766699563,0.0008589281411295935,0.0012920814576163606,0.001382980838240124,0.0013047119585126675,0.0010117717781941656,0.0006360733925630386,0.00031393418704975484,-6.789720527611721e-5,6.828187295038035e-5,8.158424457367388e-5,4.838627841602502e-5,2.9048089527163834e-5,4.302192756803692e-6,-4.437827824742377e-6,6.485318329076654e-5,2.510053339050438e-5,2.1140008676805965e-5,4.191334293205947e-5,0.0001213152475676216,-0.00013052591775176666,-0.00015773101340391194,-0.00018673818411530605,-3.9453280383744905e-5,-4.606447526369453e-5
-0.0004334574908711998,-0.00046272400409549973,-0.00047923731572582296,-0.0004986228719276841,-0.00041759607742474517,-0.00017660106959754216,0.0006990352786199788,0.0007428172670656972,0.0005435449347033185,0.0003479044047294426,9.995493271207565e-5,0.00012809954292602663,0.0001249511668869387,0.00012969539065528756,5.83966150464687e-5,-2.8823720041007356e-5,-0.00012768551454461215,-0.00020614772604788563,-0.00020572786940927038,-0.00017194473363245683,-2.205817325121483e-5,3.451955347714622e-5,0.00012746823653602936,0.00011966050544145539,1.9828644380936682e-5,-6.625918769528014e-5,-0.0001698364945583788,-0.00045374713824040963,-0.0010432841741642497,1.0119104861554546,-0.0013011080184605582,-0.00065733118252344,-0.0015928175122536842,-0.0009902046724909244,0.00020980305434523065,0.0009716353302844562,0.001538945087660763,0.0017614090055752417,0.0017482640458441213,0.0014113805981414396,0.0009452054432767651,0.0005160362694858561,-2.6076422318848036e-5,0.00010857311493592312,0.00010946556663457758,6.012819448051903e-5,3.41620322061582e-5,2.2280076521945083e-6,-8.352251917611973e-6,6.572959245635896e-5,2.4401722956479847e-5,1.8876194327307457e-5,3.856511259124139e-5,0.00012798903417124015,-0.00015650566819138897,-0.0001620967980316928,-0.0002321078098438805,-3.874238905561753e-5,-4.723662947914255e-5
