0.646277642081295,0.1871675509194484,0.44906958833118343,0.0037209082299442813,0.10054643240553267,0.03702666465697391,0.1533296090496042,0.0628922924835541,0.08833679825610054,0.045092449900935194,0.07402833739470698,0.09445008736909816,0.047193667403040325,0.09880785705823066,0.06434440344009348,0.0831995322557617,0.06499846445847614,0.0824395445667127,0.05463029758672359,0.013760053119336167,0.07834715196177823,0.08457124698267826,0.039217579815690046,0.050479750846401765,0.09769962105468341,0.02388648000296292,0.10834935036505795,0.02163604145445103,0.09007755950956407,-0.004684101075819692,0.09137640347854158,0.08519461841846983,0.05747084599407615,0.10586001737909354,0.02975896654151359,0.14199212132180922,0.09474376521427588,0.10142318315275563,0.008057837980237688,-0.14636183146745876,-0.014998395411946497,0.06453253315871618,0.0222662789846718,0.004892080186402363,0.10837468172573697,0.12866135969224685,0.08289017977956649,-0.0033846829167216,-0.025623713262897155,-0.08028168471176077,-0.025939060756010303,0.019293477137580287,0.07497833961021054,-0.053888462427295565,0.10400692633423242,0.03451826908273695,0.05109998227578629,0.15835229275659585,-0.3457186462082528
0.1871675509194484,1.8667567404103376,1.2772638669839114,0.018084165567364526,-0.13506763984518544,0.29204420018111876,-0.032810417045975704,0.22872442998369755,0.05328247991964395,0.08967613361711148,0.09367065231925267,0.10995903360293484,0.11248787925066729,0.07605244161188891,0.04010764110046499,0.10795120003104942,0.07216999099533869,0.46900954613154305,0.1293314046596666,0.32339010247837796,0.2411796093751029,0.09151907034019144,0.2117346359913729,0.06058558461655425,0.21221062520920836,0.2122141403851713,0.14055519071264452,0.10589361808632727,0.23677151262394885,-0.10990862836614462,0.25807728412297076,0.061865209770295436,0.036742878019404214,0.33825205774853884,0.1470572918237017,0.39725733180988815,0.5694238530605698,0.21215725106801966,0.1006173574673773,-0.32535883772946517,0.06755664915563052,0.19048179660387832,-0.006824806093895435,0.003969406549470533,0.3598331884870222,0.3668729238131968,0.11014823720695555,0.007387105013233687,-0.5381631887157171,-0.20853509804649664,0.2436062202544554,0.12169203389288295,-0.04871740873075146,-0.29855791048300306,-0.3341897120587028,-0.19871013401778756,-0.34562771870881537,0.22776988875726217,0.47454852396841857
0.44906958833118343,1.2772638669839114,3.0742296058771506,-0.11829173818863689,-0.32758498661014834,0.19748511400925622,-0.033722234949749186,0.16178088938733146,0.11149081766414942,0.03388514154354912,0.06867467559412173,0.10316872112781537,0.07086900807653326,0.06105331995048444,0.00024037561428363118,0.059146556786661544,0.07444309919375158,0.2495290340637097,0.04661027498430885,-0.013529412092240609,0.14136263620911427,0.0938435662910445,0.10075472630832223,0.08121131950824043,0.18703351836484786,0.0187711123621949,0.18465341782340527,0.0843460657627154,0.04919196214228417,-0.5154093168623994,0.21864918035246625,0.10420361638877584,0.15441107979405186,0.4497280045153898,0.032192714564417406,0.4573503257002027,0.5551220519969107,0.3256890947184251,-0.23768111038028655,-1.1559870562034287,-0.19471615384499757,0.07390970312876216,-0.2159672266327306,-0.022356918061402557,0.3602544044381342,0.5793402409677968,0.034904652038994115,-0.056494972019212636,-0.97212606576527,-0.27962920686303544,0.09062878284640005,0.4814849187701472,-0.036458852819236914,-0.45543727838966397,-0.0012544328717785506,0.025438220218757836,0.06099334831585228,-0.2908013688379261,0.07141562237443069
0.0037209082299442813,0.018084165567364526,-0.11829173818863689,0.9401241039800751,0.5069370556982212,0.24567516162933595,0.3423990221100086,0.26080827464101664,0.13180474239912487,0.22581584049135564,0.23744278445305134,0.2834220113038437,0.19178418089199883,0.20420133542537924,0.2523699838753657,0.2666364871395379,0.2244207261614875,0.16802996912946205,0.27244013633788444,0.13006158612192265,0.17275460765103662,0.19900189667678,0.1318880870025902,0.11151469180825291,0.2077702707278524,0.21278699260188902,0.18081430422333353,0.015186735496320975,0.17224200009330848,0.12433614310943887,0.15878024965275722,0.14402151706831168,0.17893334395388152,0.0882322671479703,-0.1300900582266161,0.18353846900143325,0.12807158261932983,0.16979796368046488,0.1857851693610106,0.20113083443017696,0.14270321131126334,0.18028038710464017,0.22690642688048976,0.05250885769610434,0.07870728654847689,0.029909719267140377,0.17848581834948263,0.03788953670600303,0.21576501152680494,0.23460514522219308,-0.1404601863654316,-0.04153865690303516,0.05856977481898962,0.02901883884371736,0.08790175931569344,-0.03728121522571584,-0.358657151005939,0.488001732973493,-0.14711875210710987
0.10054643240553267,-0.13506763984518544,-0.32758498661014834,0.5069370556982212,1.414216288879765,0.10638008386741832,0.2641598715262666,0.21359690231686,0.008836471096201106,0.19314208259441903,0.21395556926389556,0.2868392560052809,0.19679150341326182,0.19531280631224932,0.3364838421633967,0.30920834731756647,0.12293834125779786,0.04484097559455711,0.5426724227165427,0.07572004858007654,0.10633138763632335,0.14821850101403686,0.029285293403265446,0.11849301177313054,0.1855791807010614,0.1318078004562046,0.1574879485157893,-0.015447211282033654,0.0980779990287666,0.07444860275749256,0.15627152719131202,0.18177703973414258,0.23872280286637623,0.011129542508041448,-0.22683790594257824,0.18145946102188193,0.08811793153924,0.20442140184485375,0.23318114336094148,0.25595413177908655,0.11480725139597203,0.13528105023780157,0.16117782215975449,0.03802810170173854,0.04425820298955833,-0.07417962437148157,0.07580039650162888,0.06325067670950371,0.18657578162874605,0.5354765116479211,-0.3085576418377245,-0.06702112804792253,0.12607284571652058,0.11729257163735173,-0.05162225310068587,-0.05401189211467846,-0.041942854418497814,0.15594538052251572,0.021614683565551927
0.03702666465697391,0.29204420018111876,0.19748511400925622,0.24567516162933595,0.10638008386741832,1.0478198705528516,-0.1328977335880719,0.399319197089782,0.2428851803193147,0.23491393237492258,0.2551047310620528,0.24709084123843922,0.17913361208565717,0.260082424168627,0.241642112265377,0.16003143589376345,0.28098248332147374,0.21019678401445796,0.47635215223644223,0.4877381038695255,0.28317152182136307,0.21216881212817862,0.11244740463488843,0.19210906771555888,0.26135003767283055,0.35003525650622375,0.21789901044606488,0.09884772006718824,0.2873869377707888,0.05484169652319404,0.26099688946131133,0.25705556904289273,0.08341198938493252,0.32925264310886637,0.09194689732034193,0.15497612599326036,0.428388503086638,0.4151742119854845,0.4136978936686795,0.1368991532689902,0.17415305153523492,0.27281730544090826,0.24939921021558462,0.047216009682160054,0.34426703475795045,0.1402265961914957,0.46378585611265655,0.053262586184276525,0.17762182835047002,0.35648523947275773,-0.3488930288434665,0.11111307505344717,-0.055965367727334,-0.01922914267114572,-0.03967961809750372,-0.061426550157309,-0.005111852412655948,0.2316089078941187,-0.17254956591572448
0.1533296090496042,-0.032810417045975704,-0.033722234949749186,0.3423990221100086,0.2641598715262666,-0.1328977335880719,0.8631259069268052,0.045861966357747815,0.18605105327848379,0.1511249720025541,0.22945919323223293,0.2304421695506384,0.15636413620020706,-0.030503478847343404,0.23820926030246287,0.11749487995487007,0.22803307915884585,0.13310061570558773,0.018052916166585244,-0.005452292803496061,0.15266216054774762,0.15270729760295151,0.09697504594807616,0.09099020867136297,0.12405242832842726,0.05847547137736629,0.1829221415035651,0.10613873803650672,0.0741896629337429,0.18833605629867015,0.13315556728761826,0.06958017624253478,0.19522022603549524,-0.013557664057451702,-0.03597644322355184,0.2525683398748561,0.07858347417449926,0.052430063202628885,0.03131435400816205,0.05712171294108528,0.11685300632203281,0.1331303023297053,0.10673220012071068,0.025502715637324015,0.004672278336173518,0.04831246549123048,-0.042184748578078544,0.021326031475241425,0.13348232107276226,0.04746584610069238,-0.10756509083245196,0.07358886698665403,-0.049412989594300724,0.012800572541172853,0.05473905506257799,0.11029226926588813,-0.1458081315689728,0.2482508467909087,-0.25781405953561776
0.0628922924835541,0.22872442998369755,0.16178088938733146,0.26080827464101664,0.21359690231686,0.399319197089782,0.045861966357747815,0.7561659628295516,0.11159994350363597,0.2284336394055229,0.2888396195462551,0.15582839516340052,0.20388486576878528,0.20864655350893377,0.23656410634608016,0.15002189562107127,0.26677357865293966,0.2227637463312619,0.27532340459788734,0.31876558111252845,0.14633095511815783,0.13592473916990266,0.09619824244774997,0.10827299826007487,0.2617092787866789,0.27601417135844897,0.2656203489701682,0.02825849288963737,0.208439212076346,0.10978096755527142,0.21650354036964212,0.1680392721854467,0.05760049899607589,0.21572198368288834,0.1700212442247383,0.15627451260556896,0.306014731916636,0.2681196633138739,0.3038509081516658,0.12428525415451534,0.12337477130621544,0.1617080190048352,0.22594751440889074,0.028984526485309792,0.2604046181271711,0.19052718499445964,0.3898975435505284,0.04371660202947001,0.17616346083877651,0.24654657117867096,-0.0826043631488631,0.034109089513469776,0.15041124149870114,-0.10086143361549539,0.002947924600136277,-0.0832474126223928,0.023970681212422025,0.45042116368730295,-0.3669944121094385
0.08833679825610054,0.05328247991964395,0.11149081766414942,0.13180474239912487,0.008836471096201106,0.2428851803193147,0.18605105327848379,0.11159994350363597,0.8031627908493525,0.12396465893364006,0.2386668896642316,0.1697667079255289,0.13702087634659638,0.09911206670045387,0.19670224349462442,0.032771935819499595,0.26777608440745676,0.21537315414910457,0.1483754169655386,0.14439698421452335,0.21526623338883966,0.37738863672792095,0.16202135006859364,0.14991657720636642,0.09015881060551253,0.24971220094036362,0.28471657278983303,0.17946829619671426,0.03999839441497355,0.1654469865820723,0.2172692043419787,0.16378175997686428,0.2209567866114201,0.10107509471686477,0.06358252451577724,0.24890312231349784,0.2663806836308008,0.25225707834972194,0.1583066133229328,0.09122380266295721,0.13346051544586413,0.1912322442136662,0.3184784408372071,0.03947080151000868,0.2549232191674813,0.15509233881907641,0.21592547339961585,0.017887296346754004,0.4134095980649993,0.23345230852690665,-0.043807560141199714,0.2484421616094479,-0.10905769885249485,-0.08404400472961894,0.09002560049178777,0.17261807631597886,-0.02843002512174333,0.31199141642438405,-0.6362347641246211
0.045092449900935194,0.08967613361711148,0.03388514154354912,0.22581584049135564,0.19314208259441903,0.23491393237492258,0.1511249720025541,0.2284336394055229,0.12396465893364006,0.705718422149951,0.20393533623752785,0.209121084465147,0.2056351888334735,0.1649558591165751,0.2603901686407951,0.1489503894245746,0.26056515936448454,0.2768577694303667,0.162946718735687,0.28036197660553036,0.163858312187107,0.14378400281116077,0.16515001074025457,0.17660897002797216,0.20330102985630916,0.19559343177234795,0.23546605409363586,0.13465344996128337,0.29246458627530203,0.1750152838441974,0.2525546369652114,0.15676426555975428,0.16355489752781752,0.2641349750223292,0.16848855197815354,0.28042932792551034,0.36160012351604437,0.1800817347533546,0.3101837885535955,0.18731221808572562,0.23749376383265142,0.1785015695258687,0.10394575572671357,0.04476865500529752,0.08423610287456743,0.16917476834149145,0.4130755623310025,0.05382341342976826,0.23388997188073182,0.20451823991580967,-0.09456240881503097,-0.060434908604378224,0.022011144287811094,-0.06999095859317264,0.08562359719608635,0.09324381111434235,-0.05805476047599403,-0.12371661894831147,0.01203642984222764
0.07402833739470698,0.09367065231925267,0.06867467559412173,0.23744278445305134,0.21395556926389556,0.2551047310620528,0.22945919323223293,0.2888396195462551,0.2386668896642316,0.20393533623752785,0.4760730166785824,0.2664495624944957,0.19904755878523858,0.1286186561205535,0.3409830703216951,0.12658893556907308,0.28405206308277414,0.16158343787553492,0.1871574869634566,0.21249720731787433,0.1918796440909539,0.1772369906014109,0.11228438941884022,0.14577899897605054,0.19427081341086624,0.1961147200509122,0.2490493126577418,0.09896164299098388,0.15876374676341146,0.14535817299645057,0.20799061279355427,0.15770024364297222,0.13584318382985938,0.14342527711033354,0.13470569842581523,0.24200381781811586,0.23854685205485068,0.21149147281310202,0.20015894237395604,0.117438009594612,0.13661196191157277,0.18112977550099274,0.17715286393793017,0.028795420040959918,0.19793733460811447,0.12862422754191913,0.2484539045188965,0.045868220379378766,0.1869712978978971,0.29062077716197676,-0.11978642688733643,0.0750615589366584,0.07278676179517296,-0.016156456157859544,-0.00878339282975914,0.034078542738902796,-0.03925694463606831,0.2582591107680449,-0.30410475536349085
0.09445008736909816,0.10995903360293484,0.10316872112781537,0.2834220113038437,0.2868392560052809,0.24709084123843922,0.2304421695506384,0.15582839516340052,0.1697667079255289,0.209121084465147,0.2664495624944957,0.5643196614925586,0.15231577318539458,0.17807330533377153,0.22831609662059613,0.2034541637351235,0.19910989459788195,0.2166424370044112,0.23693179943564754,0.1564569628757376,0.18772808029814234,0.1775667643087681,0.14791984465485658,0.11702287067696492,0.25668840451071046,0.24034553830522462,0.20629110133156509,0.0874624033803631,0.13775780408229976,0.03284077595603584,0.19483881569350825,0.21546417933623951,0.06511859739294074,0.16956002695043446,0.07121633166509961,0.2842757140635419,0.06508595156614083,0.17562194595838881,0.17294871409149412,0.1636148314744664,0.06413454779347731,0.183416812029275,0.1486022726857354,0.033667934056111175,0.18578494740814025,0.10014448909759688,0.1868057475404841,0.03568539104668244,0.058589583427248224,-0.11234542079166131,-0.036052151317280304,0.13708598305974862,-0.05212169501941474,0.019063185146917617,0.04031337947431606,0.04465516353679671,-0.10245865849739647,0.23684563886793586,-0.28273690365699
0.047193667403040325,0.11248787925066729,0.07086900807653326,0.19178418089199883,0.19679150341326182,0.17913361208565717,0.15636413620020706,0.20388486576878528,0.13702087634659638,0.2056351888334735,0.19904755878523858,0.15231577318539458,0.3364202228763649,0.11870787520184249,0.1341706796952623,0.16347138473113546,0.18230670814752595,0.11520843309785955,0.15444579917564838,0.1546170606983873,0.12049415997887562,0.1613095942081314,0.08132626635208118,0.12687646344797254,0.1372724871457634,0.16700762704788094,0.15648791160447217,0.07644768291399802,0.20940509643748564,0.08514853088329723,0.1432525492895205,0.14569240653509935,0.09897651702468288,0.1498044477680486,0.10699148109567543,0.1897199829588594,0.17250617700938767,0.11249195322836972,0.17988235167397051,0.07254267405412221,0.08708475697116375,0.1272408179514498,0.09519911367326737,0.02933803310281461,0.06355861739160741,0.06854988003830587,0.18458209677277018,0.028289880468102248,0.22323804961075527,0.24456307562337756,-0.12342574037128148,0.04778573745185703,0.012362986019337325,-0.03998962106082738,0.00279295510611719,-0.03940759990308481,-0.07639347207439877,-0.04815374672888407,0.12452839696474786
0.09880785705823066,0.07605244161188891,0.06105331995048444,0.20420133542537924,0.19531280631224932,0.260082424168627,-0.030503478847343404,0.20864655350893377,0.09911206670045387,0.1649558591165751,0.1286186561205535,0.17807330533377153,0.11870787520184249,0.5564867661329802,0.07080138899979108,0.301416489195228,0.1268670939982677,0.1331031326603002,0.168292447514105,0.2117417327548856,0.16265544993482675,0.19703023117312357,0.13649576477945885,0.14521583868916252,0.19401608046658803,0.27067523134358396,0.10634405529748925,0.02980800171808493,0.2557013187346201,0.041354261745918025,0.14452973324217624,0.30584999785722,0.012729817424910838,0.24675414380693914,0.1430089539925394,0.15865418735356498,0.13576027818390857,0.18174872723145621,0.225673214023305,0.13225323296104896,0.06126329822812707,0.1796062796474322,0.1689328192519291,0.041109559269467896,0.21259466284637632,0.02868053136470816,0.32617983454160265,0.029877579486272402,0.33571285183451355,0.1884938323234441,-0.07766117034667473,-0.15605834733718635,0.1264401199109142,0.02025444531429026,-0.036370506880748964,-0.021709132821614154,0.0696518593169766,0.038230585701312166,-0.06807469754259797
0.06434440344009348,0.04010764110046499,0.00024037561428363118,0.2523699838753657,0.3364838421633967,0.241642112265377,0.23820926030246287,0.23656410634608016,0.19670224349462442,0.2603901686407951,0.3409830703216951,0.22831609662059613,0.1341706796952623,0.07080138899979108,1.1851341904582509,-0.0041688499997394575,0.2996027637326942,0.06320902338071376,0.23840950371975136,0.22917217714272103,0.19247274080850021,0.0702676235273585,0.06608764224568536,0.1580394240801477,0.2694011516321763,0.11658794376844288,0.2788826451995917,0.22529407315599614,0.12040483722078359,0.28826733505534125,0.219872701989826,0.08157207687601889,0.2490380964692636,0.08572890745917001,0.10610007778305049,0.24505664211351788,0.39810327587813904,0.21575871403415925,0.1561356297481335,0.07382102133667229,0.28236968918303795,0.17870388821954294,0.20768451365636537,0.02396032480014805,0.17352659463015171,0.15961896685918328,0.23506677704225606,0.06697373723380529,0.07487999660283114,0.4464415064065746,-0.22687940971165022,0.25856415877461414,-0.1159682173900857,-0.016461076051588266,0.009052737385218492,0.09458667821835666,-0.14062648494773267,0.28007753062453655,-0.27876022926079025
0.0831995322557617,0.10795120003104942,0.059146556786661544,0.2666364871395379,0.30920834731756647,0.16003143589376345,0.11749487995487007,0.15002189562107127,0.032771935819499595,0.1489503894245746,0.12658893556907308,0.2034541637351235,0.16347138473113546,0.301416489195228,-0.0041688499997394575,0.677824064338222,0.12220521853713887,0.14618835390293886,0.1702088165149259,0.13813391058190408,0.13970636763209077,0.32654765351323845,0.1278255971435342,0.13381946107613424,0.21659949914206844,0.19520042595094758,0.14123491099464272,0.047808923093136696,0.2881430617100827,0.11344964509792424,0.14473566631026136,0.24515098000272342,-0.011170521342365208,0.2463069046657424,0.20012063428372687,0.1703956979730763,0.11950876294624793,0.1737138982445526,0.25240922118881354,0.15964417726030938,0.038315310813169086,0.1825039059249285,0.22090443717581595,0.05663416312407192,0.1945556721499847,0.023439592113842746,0.2690194753388937,-0.008802303507293874,0.30504113385826004,0.05233347429437935,-0.14538479269155055,-0.02312792653801161,0.10241500352873041,0.02007583940178336,0.04470704952608722,-0.02869472516706591,-0.15185241326062912,0.15929152200175184,-0.05916012872944634
0.06499846445847614,0.07216999099533869,0.07444309919375158,0.2244207261614875,0.12293834125779786,0.28098248332147374,0.22803307915884585,0.26677357865293966,0.26777608440745676,0.26056515936448454,0.28405206308277414,0.19910989459788195,0.18230670814752595,0.1268670939982677,0.2996027637326942,0.12220521853713887,0.6711464381195218,0.11361472805617231,0.1439037190396946,0.22665394148619472,0.23313325510080965,0.21101728771522582,0.09436495344537867,0.16017625462484944,0.19301068158745016,0.13227009900575762,0.25632665620241435,0.15457984060819258,0.22251569265919222,0.22020889768619373,0.20398161903047626,0.14300485636087235,0.16206515715749004,0.18902851900920692,0.1444601902855449,0.2083269707592951,0.3872852252157165,0.2196757040092034,0.186807228627471,0.09702526956419393,0.1838576631015793,0.2069120621633421,0.2180722746222921,0.04166978902866943,0.23392514472784323,0.15939213229352,0.399979757572178,0.034179966711397676,0.23903768022259433,0.2264253006620245,-0.08736312715692153,-0.1471796194368371,-0.04144304741584393,-0.0377082619727928,0.08120393190707968,0.007969611845461359,-0.09956904361680505,0.23380351015783468,-0.2538489326271576
0.0824395445667127,0.46900954613154305,0.2495290340637097,0.16802996912946205,0.04484097559455711,0.21019678401445796,0.13310061570558773,0.2227637463312619,0.21537315414910457,0.2768577694303667,0.16158343787553492,0.2166424370044112,0.11520843309785955,0.1331031326603002,0.06320902338071376,0.14618835390293886,0.11361472805617231,1.1025771953123227,0.14789218411542895,0.12095596992556137,0.2328280241934032,0.19886907585506602,0.6085243531651274,0.053421915542489415,0.23838136544169136,0.5674743490539077,-0.02797257537508257,0.13660085042461353,0.24756429341831582,-0.08506995253930429,0.33078900557338753,0.16425045797822907,-0.06777744194020173,0.22177066139008195,0.08710807634521543,0.3865356689048691,0.233955019778824,-0.010982576385788933,0.3885650326676465,0.22477589065458628,0.07143565527993911,0.2164464055874397,0.17049173926040723,0.06049413752919609,0.3113014191733796,0.21232761715951143,0.2563921206200753,0.02068947275860336,0.08946850657398875,0.05769598094597943,0.4645965068452318,-0.282472451949987,-0.47929283306383064,-0.17293143934291316,0.06755871327627072,0.05031541828726496,-0.18236708584527225,0.4243322005558923,-0.392986143328128
0.05463029758672359,0.1293314046596666,0.04661027498430885,0.27244013633788444,0.5426724227165427,0.47635215223644223,0.018052916166585244,0.27532340459788734,0.1483754169655386,0.162946718735687,0.1871574869634566,0.23693179943564754,0.15444579917564838,0.168292447514105,0.23840950371975136,0.1702088165149259,0.1439037190396946,0.14789218411542895,0.8511428843014114,0.223993627534671,0.1776072210374907,0.15472443436891944,0.0064613415052982,0.12587352439709829,0.2133218842728292,0.18183241026021413,0.17378207670232154,0.21066102506784706,-0.005887004952967522,0.011202211136471641,0.23695254776645525,0.2012615811307758,0.1763413434669551,0.0633700623169482,-0.10444467182855367,0.18779925877643744,0.22447626719899105,0.3382570221052318,0.29769223000391626,0.19266334640476068,0.12317065383992828,0.166023336169527,0.21905168863942545,0.025905976946580096,0.306078770743781,0.0844710946178356,0.06943309873892813,0.06181926032102578,-0.12509262432835777,0.2916401547795647,-0.019472922913400085,0.7257589902365531,-0.473230268519156,-0.07402132185147961,-0.06851296199218368,-0.03909807680421038,0.03450291860781738,0.17127945286470514,-0.09535030988429646
0.013760053119336167,0.32339010247837796,-0.013529412092240609,0.13006158612192265,0.07572004858007654,0.4877381038695255,-0.005452292803496061,0.31876558111252845,0.14439698421452335,0.28036197660553036,0.21249720731787433,0.1564569628757376,0.1546170606983873,0.2117417327548856,0.22917217714272103,0.13813391058190408,0.22665394148619472,0.12095596992556137,0.223993627534671,1.5378416247913262,0.268616115780947,0.11716164942980065,0.03594246324908909,0.23966047238218238,0.26086748938502907,0.31335858058134347,0.13940752834361866,0.07559601477720913,0.5374442595140297,0.29572832524988674,0.3610260988694747,0.1890064083310983,-0.060278407772645724,0.5295174974816822,0.4250372300712205,0.23202400064673553,0.7990812607948569,0.6206479028451015,0.813695830380766,0.3706064831626575,0.3639141249484503,0.34493909224683195,0.13614179229206408,0.012149430093389332,0.5539459348710004,0.34305121583735165,0.4370138955232973,0.10234902785465844,0.11442930207639326,0.15738777565294262,-0.2391738407331888,-0.08283889905628361,0.3985436359760014,-0.10562119320188278,-0.06029796604802822,-0.044846575138199896,0.08539967994682648,-0.07088325114371678,0.07782909792682773
0.07834715196177823,0.2411796093751029,0.14136263620911427,0.17275460765103662,0.10633138763632335,0.28317152182136307,0.15266216054774762,0.14633095511815783,0.21526623338883966,0.163858312187107,0.1918796440909539,0.18772808029814234,0.12049415997887562,0.16265544993482675,0.19247274080850021,0.13970636763209077,0.23313325510080965,0.2328280241934032,0.1776072210374907,0.268616115780947,0.6142755302487739,0.1822748815330582,0.1305933374402393,0.11770932753308523,0.156723383689284,0.22404367003514675,0.13983218626426597,0.18509968360761422,0.07502472402321159,0.19690628617162306,0.21498257730883166,0.19462977948604787,0.0711787626889811,0.1959544864140449,0.1813541985161468,0.20657607698047442,0.3592844571198893,0.25924946929599896,0.23156601229474497,0.08572455746164231,0.22108167430131526,0.45516801315816957,0.2120142769321088,0.03740712107011403,0.4648498058592295,0.0972116058252405,0.32175524911463377,0.04278377077416485,-0.05990977623234878,0.19750140903347949,-0.06958481857135138,0.06439097034627057,-0.1167508021661922,-0.022333754069581224,-0.0036574113714138573,0.003696649513042237,-0.09405997287504478,0.1829417162204619,-0.15136215999247354
0.08457124698267826,0.09151907034019144,0.0938435662910445,0.19900189667678,0.14821850101403686,0.21216881212817862,0.15270729760295151,0.13592473916990266,0.37738863672792095,0.14378400281116077,0.1772369906014109,0.1775667643087681,0.1613095942081314,0.19703023117312357,0.0702676235273585,0.32654765351323845,0.21101728771522582,0.19886907585506602,0.15472443436891944,0.11716164942980065,0.1822748815330582,0.4954018863106138,0.1820179505424133,0.14808064568043824,0.1501641831839858,0.22593687433048112,0.21708360162666118,0.11131853713792639,0.184872344485999,0.1567982467614145,0.17656610093354513,0.2153476357619212,0.11515502041243891,0.1792810075003638,0.11800448611904357,0.21413773404098577,0.1989268469625493,0.23379605640317336,0.21757548219061956,0.11657146656790393,0.08401733322124734,0.1882779954494667,0.31649813197874765,0.05791466594872023,0.2297941139292166,0.10025604222037515,0.26241986759216546,-0.02934036165748812,0.411544483280973,0.16776160069877452,-0.108454397446751,0.07886943298577141,-0.024318758956625573,-0.03137763549014386,0.07469857449903802,0.0602761719572941,-0.10137646185256756,0.2203766641260904,-0.3153916125298576
0.039217579815690046,0.2117346359913729,0.10075472630832223,0.1318880870025902,0.029285293403265446,0.11244740463488843,0.09697504594807616,0.09619824244774997,0.16202135006859364,0.16515001074025457,0.11228438941884022,0.14791984465485658,0.08132626635208118,0.13649576477945885,0.06608764224568536,0.1278255971435342,0.09436495344537867,0.6085243531651274,0.0064613415052982,0.03594246324908909,0.1305933374402393,0.1820179505424133,1.212748087610373,0.252148735401167,0.2859984622101094,0.11744882438253365,-0.057496542869555724,-0.16960406234217495,0.4239928556703687,0.10521050036063824,-0.04763583790524881,0.10525059845978897,0.10781199517294332,0.28178947186364506,-0.033456020407393636,0.3921895200071506,0.09384360095639466,-0.1461595825908768,0.1502021164453305,0.07182558799086816,0.053826377627259434,0.11990990436278702,0.06756223237339379,0.07965747790447088,-0.1899454984528396,0.2270538783751111,0.256173526651975,0.0398346314843888,0.16189815541980312,-0.3511648061877414,0.2507268320620601,-0.3810530004439815,0.1862067247673763,-0.11739288244757388,0.0076941872013916906,0.03162534595670915,-0.1449808351890063,0.00950435486040512,0.0689081502564913
0.050479750846401765,0.06058558461655425,0.08121131950824043,0.11151469180825291,0.11849301177313054,0.19210906771555888,0.09099020867136297,0.10827299826007487,0.14991657720636642,0.17660897002797216,0.14577899897605054,0.11702287067696492,0.12687646344797254,0.14521583868916252,0.1580394240801477,0.13381946107613424,0.16017625462484944,0.053421915542489415,0.12587352439709829,0.23966047238218238,0.11770932753308523,0.14808064568043824,0.252148735401167,0.5418581214634401,0.1645273158817803,-0.03943848273936868,0.16493525285762592,0.14345760124094412,0.14899956001783032,0.3112823611153081,0.25731445209224835,0.17484947110633017,0.3568333944903199,0.1792327910030992,0.15284552120546854,0.4559501269283156,0.415779829837106,0.26084081621787036,0.14616661758893174,0.009907914980940964,0.21494774306197886,0.13661745710776158,0.13235421056116267,0.04548125014251009,0.07970794371856128,0.10995308561274786,0.1943237189304244,0.0840851388262055,0.18297030621541333,0.1347336769743013,-0.2535376610195113,0.18435652669156374,0.16268466686930003,-0.06913820002715686,-0.04411301420883914,-0.003087332612181846,0.14818201916540483,-0.5213628990477738,0.41497395446467655
0.09769962105468341,0.21221062520920836,0.18703351836484786,0.2077702707278524,0.1855791807010614,0.26135003767283055,0.12405242832842726,0.2617092787866789,0.09015881060551253,0.20330102985630916,0.19427081341086624,0.25668840451071046,0.1372724871457634,0.19401608046658803,0.2694011516321763,0.21659949914206844,0.19301068158745016,0.23838136544169136,0.2133218842728292,0.26086748938502907,0.156723383689284,0.1501641831839858,0.2859984622101094,0.1645273158817803,0.933365515912631,0.25277553087385923,0.19301207943870113,0.04971687085067779,0.4119874196440633,0.10496967429411695,0.20618735492521142,0.19090275652484423,0.05005964618789529,0.3006624869332528,0.1703443307613931,0.27313207588573707,0.07813981925223276,0.2544122848762093,0.17543290415631085,0.08346753954562061,0.05821918005785841,0.1666423067395225,0.15885622241059408,0.044748293178259076,0.1439585164127775,0.2146121515547057,0.29346609380004346,0.010431364584261764,-0.16615563742360426,-0.6554851916939024,-0.08076245169048182,0.2403494087790117,0.19133292578419298,-0.05080218817767434,0.023499913796276053,0.003846893783466306,-0.06312751068158186,0.18067204941390688,-0.14709573043542387
0.02388648000296292,0.2122141403851713,0.0187711123621949,0.21278699260188902,0.1318078004562046,0.35003525650622375,0.05847547137736629,0.27601417135844897,0.24971220094036362,0.19559343177234795,0.1961147200509122,0.24034553830522462,0.16700762704788094,0.27067523134358396,0.11658794376844288,0.19520042595094758,0.13227009900575762,0.5674743490539077,0.18183241026021413,0.31335858058134347,0.22404367003514675,0.22593687433048112,0.11744882438253365,-0.03943848273936868,0.25277553087385923,2.198396017009483,0.23137564297156024,0.3888920217306361,0.17069196530585434,-0.8620530186323542,0.3002898062094993,0.4432511840640917,-0.30639796342078235,0.2666825673873399,0.2563452094585905,0.1255576577722739,-0.389354069978095,0.07835762487653267,0.6500745278189914,0.6526847895035148,-0.18861364285853288,0.32907618927399346,0.26321226982015156,0.024359357479696198,0.4508699089575597,-0.2760783805245265,0.18908654033488634,0.08929153511166833,1.1283262278355364,0.7510350167817369,-0.19648811195251403,0.15506002548749215,-1.062295625033873,0.023844172337479177,0.02223421623701361,-0.00701876987223627,-0.14187336835771683,0.4991076750492474,-0.4522461126257043
0.10834935036505795,0.14055519071264452,0.18465341782340527,0.18081430422333353,0.1574879485157893,0.21789901044606488,0.1829221415035651,0.2656203489701682,0.28471657278983303,0.23546605409363586,0.2490493126577418,0.20629110133156509,0.15648791160447217,0.10634405529748925,0.2788826451995917,0.14123491099464272,0.25632665620241435,-0.02797257537508257,0.17378207670232154,0.13940752834361866,0.13983218626426597,0.21708360162666118,-0.057496542869555724,0.16493525285762592,0.19301207943870113,0.23137564297156024,1.4727758198254228,0.28005715588063784,-0.16990440950210006,0.21785826118300158,0.34024368619197615,0.17231184793102636,0.3200397432659232,0.16496348656738313,0.16512330715140663,0.4828300447667424,0.3804545708733267,0.547351209484769,0.07806359433188644,0.30788701219797454,0.1420193941672373,0.17496344614242967,0.6937406856146214,0.0069408015766777445,0.4546963998667242,0.24669532507722017,0.2762207948393056,0.1353356878712716,0.434321114075055,0.21278647907764442,-0.36744795022573357,0.5106960719589524,0.11513124081835166,-0.054930823348949526,0.13911372097610125,0.0842429478507691,0.06235155599945219,0.3143829507008004,-0.576183003301167
0.02163604145445103,0.10589361808632727,0.0843460657627154,0.015186735496320975,-0.015447211282033654,0.09884772006718824,0.10613873803650672,0.02825849288963737,0.17946829619671426,0.13465344996128337,0.09896164299098388,0.0874624033803631,0.07644768291399802,0.02980800171808493,0.22529407315599614,0.047808923093136696,0.15457984060819258,0.13660085042461353,0.21066102506784706,0.07559601477720913,0.18509968360761422,0.11131853713792639,-0.16960406234217495,0.14345760124094412,0.04971687085067779,0.3888920217306361,0.28005715588063784,1.659786042045011,-0.29153663696868487,0.1844278843993553,0.3933717445334434,0.1997151781836236,0.3739638588245373,-0.20903539347965902,0.6187311585468367,0.5044579606319902,0.5897269608250476,0.2857859048895788,0.16446119033255693,0.058229623254866074,0.1273132965615957,0.1672483278818347,0.3091713263944017,0.05373589573882595,0.6673645225626859,-0.23866341447478961,-0.03691226397223091,0.11989421543988331,0.20941744606352122,1.0901258911752116,-0.5711088152989989,1.8039058242662125,-2.03342302612978,0.12536923754109894,-0.07376396265851863,0.03971291682540431,0.07608400404006109,-0.10418765654466974,-0.007185137859261114
0.09007755950956407,0.23677151262394885,0.04919196214228417,0.17224200009330848,0.0980779990287666,0.2873869377707888,0.0741896629337429,0.208439212076346,0.03999839441497355,0.29246458627530203,0.15876374676341146,0.13775780408229976,0.20940509643748564,0.2557013187346201,0.12040483722078359,0.2881430617100827,0.22251569265919222,0.24756429341831582,-0.005887004952967522,0.5374442595140297,0.07502472402321159,0.184872344485999,0.4239928556703687,0.14899956001783032,0.4119874196440633,0.17069196530585434,-0.16990440950210006,-0.29153663696868487,2.9980301048668867,0.01808389395949698,-0.07714509840064877,0.31517562425717954,-0.3582141053473996,1.0919859940254517,0.23753077824866947,0.2580791805319453,-0.2749980784091778,-0.3813617503323024,0.41526189947238074,-0.05841685906835606,-0.1439254193502472,0.08272199480945856,-0.9249499225155977,-0.05432636453126663,-0.6838059495314972,0.11013372239826417,0.8529103669518208,-0.018883949366193212,1.5135312702475798,0.06770753949818073,-0.3972377361645569,-0.5311557008177966,0.08121478352553164,0.1192143508054172,0.010628517340554129,0.0014272724120050757,-0.11797728036834493,0.08602834888712219,0.058090941702415785
-0.004684101075819692,-0.10990862836614462,-0.5154093168623994,0.12433614310943887,0.07444860275749256,0.05484169652319404,0.18833605629867015,0.10978096755527142,0.1654469865820723,0.1750152838441974,0.14535817299645057,0.03284077595603584,0.08514853088329723,0.041354261745918025,0.28826733505534125,0.11344964509792424,0.22020889768619373,-0.08506995253930429,0.011202211136471641,0.29572832524988674,0.19690628617162306,0.1567982467614145,0.10521050036063824,0.3112823611153081,0.10496967429411695,-0.8620530186323542,0.21785826118300158,0.1844278843993553,0.01808389395949698,2.5687125426630635,0.21540835221184096,-0.14709105802180872,0.3012832771696025,-0.4938829508660239,0.6755818020732111,0.34590105432486595,1.0121005850564337,0.4612677422699053,-0.010217018602819974,-0.011377063945100322,1.1019399401601144,0.17323514872235726,1.1002797470445478,0.14405924577439602,0.553549920486984,0.6068219440562502,0.27875893223356935,-0.042589574070281036,-0.19153282955828946,-0.3927104629602986,-0.17656697641973998,-0.3328668511486886,0.8600068338035862,0.07977167781331226,0.15580091776098304,-0.052271739221226035,-0.19750293102792224,0.22788361617101688,-0.07608363551988427
0.09137640347854158,0.25807728412297076,0.21864918035246625,0.15878024965275722,0.15627152719131202,0.26099688946131133,0.13315556728761826,0.21650354036964212,0.2172692043419787,0.2525546369652114,0.20799061279355427,0.19483881569350825,0.1432525492895205,0.14452973324217624,0.219872701989826,0.14473566631026136,0.20398161903047626,0.33078900557338753,0.23695254776645525,0.3610260988694747,0.21498257730883166,0.17656610093354513,-0.04763583790524881,0.25731445209224835,0.20618735492521142,0.3002898062094993,0.34024368619197615,0.3933717445334434,-0.07714509840064877,0.21540835221184096,0.9114622853688765,0.1960196078224279,0.2449331375923876,0.05795877076005419,0.25051551428032676,0.7866421266991229,0.561387542344139,0.4907756619734759,0.4433618255994353,0.17257311048123097,0.2977876137247055,0.23035954378915463,0.21054907099916084,0.046276351902995165,0.6068296883625439,0.12947199034992085,0.1423060502581896,0.09026510738588113,-0.18544241929569383,0.6097634583318081,-0.1744226264494273,0.3919141088921856,-0.28343502629810563,-0.1183758171494809,0.004921448602017993,0.02345808541021674,0.052941398032743,-0.014697362921667014,-0.08970657841641526
0.08519461841846983,0.061865209770295436,0.10420361638877584,0.14402151706831168,0.18177703973414258,0.25705556904289273,0.06958017624253478,0.1680392721854467,0.16378175997686428,0.15676426555975428,0.15770024364297222,0.21546417933623951,0.14569240653509935,0.30584999785722,0.08157207687601889,0.24515098000272342,0.14300485636087235,0.16425045797822907,0.2012615811307758,0.1890064083310983,0.19462977948604787,0.2153476357619212,0.10525059845978897,0.17484947110633017,0.19090275652484423,0.4432511840640917,0.17231184793102636,0.1997151781836236,0.31517562425717954,-0.14709105802180872,0.1960196078224279,0.611602124668869,0.004211007153938891,0.289539682006681,0.08891119880968819,0.2714562187177651,-0.0638218050146942,0.1967968722482678,0.23582941632936646,0.11628762949301952,-0.03596962425759218,0.20920326339137063,0.03558959300226311,0.024107856986364144,0.1851422085619888,-0.07136797622153294,0.2652027293770423,0.04839765478813077,0.5076950754923368,0.3488190070066879,-0.2100101590542398,0.39131895551462986,-0.47712268061182406,0.03588979506385356,-0.09624794038853228,-0.026410006525322525,0.40544003646099996,-0.29795212815419286,-0.0237658634363436
0.05747084599407615,0.036742878019404214,0.15441107979405186,0.17893334395388152,0.23872280286637623,0.08341198938493252,0.19522022603549524,0.05760049899607589,0.2209567866114201,0.16355489752781752,0.13584318382985938,0.06511859739294074,0.09897651702468288,0.012729817424910838,0.2490380964692636,-0.011170521342365208,0.16206515715749004,-0.06777744194020173,0.1763413434669551,-0.060278407772645724,0.0711787626889811,0.11515502041243891,0.10781199517294332,0.3568333944903199,0.05005964618789529,-0.30639796342078235,0.3200397432659232,0.3739638588245373,-0.3582141053473996,0.3012832771696025,0.2449331375923876,0.004211007153938891,2.0821107183774377,-0.4711985545430073,-0.6299508154460818,0.4313507054217192,0.4871585459831106,0.3373545528142167,-0.346710981582817,-0.13550045945833614,0.3176167808909743,0.1091680634374942,0.2949969392377732,0.02307746518135811,-0.6105212890351436,0.22458399905563142,0.0063802951841786144,0.2335512549401088,0.13202057563901243,0.1096136862200872,-0.3558085092847676,0.4367988450258997,0.36606581528715854,-0.3388431005728932,-0.07806704409858603,0.09593211956722962,-0.07280088576990998,-0.27946343606903257,0.30138828757045877
0.10586001737909354,0.33825205774853884,0.4497280045153898,0.0882322671479703,0.011129542508041448,0.32925264310886637,-0.013557664057451702,0.21572198368288834,0.10107509471686477,0.2641349750223292,0.14342527711033354,0.16956002695043446,0.1498044477680486,0.24675414380693914,0.08572890745917001,0.2463069046657424,0.18902851900920692,0.22177066139008195,0.0633700623169482,0.5295174974816822,0.1959544864140449,0.1792810075003638,0.28178947186364506,0.1792327910030992,0.3006624869332528,0.2666825673873399,0.16496348656738313,-0.20903539347965902,1.0919859940254517,-0.4938829508660239,0.05795877076005419,0.289539682006681,-0.4711985545430073,2.382149405649921,0.4505357123687344,-0.121242700630943,0.8110276576357572,0.1038514914717436,0.07992490850299361,-0.29488205348830904,-0.1189397907896129,0.23638750217491547,-0.10475631133681516,0.09901499170012137,-0.1595392943947619,0.021872680355489463,1.0704755245788908,0.11353068208130289,1.1395242078948813,-0.5983950136368457,-0.2413598448809403,-0.17855539797063294,0.3290906673224339,-0.10230832073880866,-0.01493976383047044,0.061228372614898684,0.04444965348482207,-0.1612110689551,0.10367052810511636
