0.7204509385782626,0.1836449394472479,0.35552395885460586,-0.16490545629053885,0.08543540301180988,0.11249231832770401,0.11512206798361478,0.001817926496855175,0.07521464436233295,0.028948783004099,0.06549278593532147,0.06541263178085083,0.01831670952711437,0.06657146033779218,0.06970710985533156,0.060321700216920654,0.06438714867362956,0.07716632755480132,0.05142605996361405,0.006702439272222684,0.11022375132040393,0.07808700185043474,-0.008014683885073596,-0.013775277970923082,0.05969370194587599,0.021062227037920215,0.03347467734944462,0.024247282132911174,0.16117694673652389,-0.09459496774234716,0.07016382295791875,0.03784644520505936,-0.006515819356313743,-0.09683727374379318,0.0657376207342481,0.016122382579698134,0.015380887062459086,0.10124418947453338,-0.012305399231940446,-0.030691938134759754,0.10934003281964026,0.027349778882790717,0.08475835500335732,0.06614096708204129,0.07964425060399541,0.07087448059751995,-0.010139575190354376,-0.017241311304685446,0.0276722752464179,-0.0018871819390977,-0.024747465312276125,-0.02147331871783541,0.019976018498652444,0.00497620259259418,-0.006233624909044158,0.022143844790556217,-0.06727701053079187,0.21077730611267767,-0.17417583495123135
0.1836449394472479,1.1082449486547783,0.8511418236087376,-0.15926298663196597,0.018018350580259287,0.23099100747461992,0.16732006826774645,0.014267263627343924,0.18627930219678016,0.10444480479634123,0.13253134618224685,0.08760981868751751,0.033666346112192415,0.08074611070787947,0.2608500971234385,0.11052683172817787,0.1925526375971917,0.26324115576919854,0.05456402940332058,0.19401154406379895,0.2400018565082246,0.17221035840019286,-0.13173087555306887,0.023322443175392508,0.09838202919913389,0.25809212973892054,0.10598285680509129,0.16719181985174436,0.3297682817111992,-0.13232214910652657,0.30773628270470427,0.05577266316696821,0.031348955136394005,0.15939876726941823,0.27542826989131947,0.0551053818443824,0.32127525015135516,0.17412353848678508,0.0002517890619443105,-0.04266604293957183,0.053346565310834614,0.1681602349196711,0.3209236589169158,0.13474571870732638,0.30193160847856176,0.17854323011392018,0.06980870446241162,-0.0022425777338809243,0.0316942312567131,-0.05153330053575625,0.09380632668244664,0.08001759112943548,-0.06694107642979538,-0.08280725002580427,-0.010845784037182293,-0.14333014374097708,-0.4113774567002813,0.4071145183474658,0.022612957247709887
0.35552395885460586,0.8511418236087376,2.6227103314691784,-0.15871464825352488,-0.3089249970657363,0.23144246702780066,0.15866093531262904,-0.17860822487276382,0.2235770097860721,-0.03613832601636312,0.06003222528594238,0.08769920299423858,-0.013071026955984987,0.06560391791868074,0.13565848433529523,0.09753857559900156,0.1722589979846915,0.09261174704406604,0.020884560191466724,-0.04528677075496581,0.2182652646768421,0.2389696338179159,-0.2924560021527193,-0.04002079829345699,0.1109372452204827,-0.08567237162979179,0.08091504204020282,0.07642768820697564,0.4148651647167746,-0.7166686957484468,0.3091243011948316,0.07390397607622418,0.05437641986858174,0.10549538376027769,0.1295860213209577,0.3184180389094915,0.09937236119974222,0.21652316816476863,-0.2954477716108338,-0.4051576404015653,0.14443845571086647,0.12299649395255892,0.03348131001187314,0.32307278720420723,0.11673279716042498,0.35196019051314914,-0.21181162121964447,-0.04010279507018234,-0.2871749197184664,-0.302077417052272,0.11433845947128968,0.35753682094555833,-0.017702173624837995,-0.22041381597411325,0.04814771786688629,0.21578694060467504,0.023323024965013924,-0.10507924573220433,-0.23638435010061193
-0.16490545629053885,-0.15926298663196597,-0.15871464825352488,2.150746461353231,0.1901650069172339,0.29517473661885163,0.26619682591880084,0.39248788690934583,0.08900251774313225,0.2971303212369556,0.28593036832735436,0.3767407024160104,0.08096066640310323,0.3368691456716051,0.1579677115640894,0.3092610980631517,0.2201491373241214,0.21020508087662593,0.15167581260629143,0.1605058570605586,0.2447860507570585,0.2376592986564325,0.33314296487624173,0.2075040736079326,0.27181535967437503,0.2542249473221425,0.17694141260286994,0.01730013458629504,-0.056790258763841875,0.14043560402905714,0.09932713347385254,0.28427085727500995,0.18109308068897614,0.3309347050325425,-0.1533595721435394,0.12668489256676763,0.22922579588824007,0.2794028122198689,0.29854496519610624,0.08670044598523943,0.23643804788871123,0.10420942342146197,0.20395698283242594,0.3805283339646196,-0.22253452993910675,0.21127305918598832,0.26279078167690245,0.013514870239133595,0.07203292555745078,-0.21792821726208988,0.009136514639336504,0.21417356457417003,0.01114676483448869,-0.07483163334536597,-0.07964266631813342,0.10701751940645668,-0.11337734989310444,0.012260992412810316,0.028087979754150144
0.08543540301180988,0.018018350580259287,-0.3089249970657363,0.1901650069172339,0.836632979896006,0.1857847537492845,0.12020949454169105,0.24912928767878015,0.01271988012451679,0.1687687882796226,0.16183125840364812,0.18940206392815284,0.0766312830348651,0.14306175871170396,0.16286132599561948,0.14396456262192361,0.10412600434038026,0.13159789871891414,0.2864639358813489,0.18108624124012612,0.12504041549452277,0.08311568470700773,0.20973507871472083,0.0841064327182994,0.0653700332701627,0.20008953174546523,0.07827045516328106,-0.017603484541402835,0.09888341142105875,-0.08857011972222496,-0.011322069223503943,0.12313894229673421,0.06305696705935199,0.15648703786420975,-0.07386721990741763,0.10925980858190232,0.04127177065353127,0.1136799739020192,0.10643737110085943,0.13733632187224462,0.11511104934039093,0.0864619592401934,0.05311347624506358,-0.026060929822180952,-0.11442350910864771,0.06523699878774035,0.038940330033861194,0.027715357442274446,0.22700121251123326,0.13321058945021536,0.040729767896350876,-0.13365065041777405,0.06100093975753607,0.02738910015263332,-0.0990715114077994,-0.10459993588959642,-0.15672097553571757,0.13773533030126345,0.15933339489310622
0.11249231832770401,0.23099100747461992,0.23144246702780066,0.29517473661885163,0.1857847537492845,0.7599587095153917,0.2942593959613102,-0.05325362961810564,0.11959407748721083,0.13672073946545324,0.21042630216434272,0.21040013851374,0.06065018014497619,0.14544783616465168,0.21908518566793975,0.1575277419657528,0.17043392403755467,0.15937675110490265,0.2650303690252315,0.18558936824971514,0.20434711521945176,0.159049224489687,-0.002533869758073074,0.011932416404006168,0.055481198741476334,0.2673340522480772,0.099673179912707,0.04851473759582769,0.14185491627013228,-0.22357407715707925,0.109869762895193,0.14487439985062708,-0.15607443386221992,0.19084919439850276,0.12849223113706681,0.056541390801936514,0.054580121832621675,0.14739374557557505,0.055248029350561806,0.14340301271759529,0.16559738261980322,0.11375789196514592,0.21808231185397933,0.1301050080607867,0.08676888504762582,0.1031099855298094,0.07124052803933804,-0.030648097155597114,0.053791636064703975,0.32773957586987584,-0.35298972633084663,-0.1601435641579436,-0.16190241906596167,0.14327226005576071,-0.06445943178293953,-0.012534697575273738,-0.2390041179464962,0.29338142369615855,-0.08315740275834277
0.11512206798361478,0.16732006826774645,0.15866093531262904,0.26619682591880084,0.12020949454169105,0.2942593959613102,0.49849723999728485,-0.043048226583552895,0.18849930658248293,0.12876369499565501,0.19688320664026984,0.25666424825466166,0.046849350142126975,0.10315006693881686,0.1256056867917118,0.13839806612237968,0.15070298929275816,0.18400630211290922,0.08528311566310422,0.042761542380986325,0.22942096459756042,0.16757274006845832,0.2619076629627869,0.09832491228308422,0.15159540772579827,0.14969627494472368,0.10237016544604638,0.06336141572027548,0.13254920800763487,-0.016354490209300968,0.03211718759138562,0.12363008755622883,0.08684963322404637,0.1557281182177836,0.054152992742433154,0.10738121769691858,0.10130651351041414,0.1274361990364022,0.012101570019341222,0.029080214874435004,0.1549611645321601,0.1032180811963048,0.09695953741249269,0.10474707361423188,-0.09562902059645821,0.11695993526735535,0.02685913690542411,-0.0013696248540780152,0.1422869382189885,0.026796332611525035,-0.12397042267604534,-0.0052024914711292026,-0.002451255015950071,0.02313114277606103,-0.04726818563141994,0.02225012897442571,-0.17186517118199063,0.08402715564233332,0.059242152509528447
0.001817926496855175,0.014267263627343924,-0.17860822487276382,0.39248788690934583,0.24912928767878015,-0.05325362961810564,-0.043048226583552895,1.081481210995176,-0.0031390328061354266,0.3213884224129822,0.2726224137227932,0.2200013599272654,0.11467936807451348,0.259062069860451,0.14601965208093662,0.25018137837561083,0.290415926662324,0.2674888737097439,0.14420293708668822,0.37677636303481044,0.08172453949015004,0.18086690679330536,0.27023027691897833,0.21101640575823916,0.32691928440235585,0.3056337896911954,0.20863372628976487,0.29277573183022176,0.08656016914826518,0.36833360721347536,0.235377250136466,0.15724998230017206,0.12322231547653802,0.3425567383487262,0.4718502347333683,-0.15293794721210074,0.644043534258795,0.27553033377844033,0.6703800646791934,0.20891134381033605,0.1423749964214965,0.19775312220972363,0.5487163460742539,0.2988715613522198,0.29988556887577467,0.21671247513350003,0.505041858936844,0.037093789156722484,0.16776391789843387,-0.18728156631601897,0.11545018525348875,0.31944359188368066,0.047424500733209946,-0.20295115797879204,0.14542531837224423,0.08856263207955932,-0.16935709290732803,0.21366364000512134,-0.2713716690328985
0.07521464436233295,0.18627930219678016,0.2235770097860721,0.08900251774313225,0.01271988012451679,0.11959407748721083,0.18849930658248293,-0.0031390328061354266,0.6676678358856487,0.048312158671480934,0.03798602032565919,0.021766683079157106,0.006169496552554663,0.09536046884541308,0.059077767431343964,0.07073724862840969,0.08116900113390484,0.18663268263335434,-0.013574268316117154,0.008318841949506385,0.17549200032829743,0.2994472679152609,0.26906325745563375,0.1051165501367955,0.11229646569607467,0.18235993157604208,0.06549431297678687,0.09822090793962421,0.16995566695449488,0.044851031486139524,0.08274505807256775,0.08747425404051752,0.1912770707340624,0.133348803066915,0.07698659965366189,-0.03606028044282561,0.20285793456478368,0.12720270799288555,0.020064339073765657,-0.05687724899449144,0.07794728466298126,0.07766201339263962,0.16077453651270024,0.13428409663548727,-0.06242546817272391,0.10318830204430789,0.1159368697298695,-0.02731855373507027,0.34705158569487865,-0.13146815003362158,-0.005025672501672826,-0.002507819025965555,0.07886313126394752,-0.04396198703863991,0.06694736998639968,0.06553001375504423,-0.2145507764584085,0.14258318813415255,-0.12145042534216842
0.028948783004099,0.10444480479634123,-0.03613832601636312,0.2971303212369556,0.1687687882796226,0.13672073946545324,0.12876369499565501,0.3213884224129822,0.048312158671480934,0.6158183909733501,0.2433287200827537,0.14940868032869511,0.08600074573465516,0.15771908758358452,0.20098009221387314,0.1953433504431445,0.2502948611905029,0.2959595055306166,0.09304993746227955,0.18319818410673872,0.1465515305589125,0.18172202729825884,0.304134702998973,0.15002783306646994,0.23190238015283143,0.18282917272952443,0.14344336899308227,0.1826743381360208,0.18054127694310856,0.23686120505131253,0.14019512848585067,0.11410768399607402,0.07775902805655159,0.24601788304872313,0.291417040135565,-0.04715934254185401,0.38999117127081245,0.1830686999366121,0.4029627133169015,0.172944223022285,0.22634233346075924,0.15811611104873874,0.3346826729803819,0.2236216934486565,0.09128472380770836,0.18729711158439497,0.33975502403540947,-0.0021443099483551267,0.11815604252832543,0.06393960437646093,0.010341095266901159,-0.08610547829813138,0.033276316351636026,-0.008261580199196147,0.06879801176485535,-0.006174770966316091,-0.18653703000568958,0.16315537681600625,-0.036363440546753084
0.06549278593532147,0.13253134618224685,0.06003222528594238,0.28593036832735436,0.16183125840364812,0.21042630216434272,0.19688320664026984,0.2726224137227932,0.03798602032565919,0.2433287200827537,0.5504743507843955,0.31217417344545356,0.08802979665657819,0.16388096659434112,0.22703499736353205,0.20813650575195583,0.24664490851878315,0.23475459749829022,0.07737340488195826,0.23888124198733102,0.23498920146842173,0.14705841888939092,0.24881599464481638,0.138008294990885,0.2368164745306534,0.2368708251248779,0.1645679127572699,0.16603705472289776,0.1693103381008782,0.1357795101634471,0.1307091926253298,0.14627540311738083,0.040146723114440334,0.24813466681876623,0.32302105064800024,-0.03577036239750993,0.3320194259816589,0.21504575050772226,0.24386761454874553,0.14758886446872932,0.1827574081306153,0.1839520814563462,0.34465962263722927,0.15247194933417843,0.15598783552910797,0.16670032011132177,0.24967612447920648,0.008355733230667331,0.057324547751896236,-0.071912293194925,-0.03817700175647923,-0.08742849482758704,0.10254865674091826,0.038870196796369424,0.05208044105986379,0.05062334321393986,-0.19179078893641027,0.24117924381777583,-0.17564305630128624
0.06541263178085083,0.08760981868751751,0.08769920299423858,0.3767407024160104,0.18940206392815284,0.21040013851374,0.25666424825466166,0.2200013599272654,0.021766683079157106,0.14940868032869511,0.31217417344545356,0.5909443202393088,0.0744309642300146,0.15902321509740125,0.12202943619518311,0.20143422701547134,0.14221205445400115,0.12508938972930966,0.12285883802699805,0.1557131373009584,0.13188335015088667,0.12439809206788621,0.1763296293071988,0.13101168660166757,0.20729476814896955,0.16352154913775305,0.19056796148289065,0.11955304172278824,0.06195870554665105,0.08943361246813697,0.07650367927119765,0.1700303015518443,0.034510375396114124,0.21178050346306046,0.21056363839760192,0.16624388723669012,0.1927491249612341,0.17550197592809094,0.18157174261609668,0.1293783977085766,0.1382252834635464,0.16051276448536134,0.19380627969819902,0.12214801754684176,0.06808980006712313,0.1510358900897036,0.14013230001990212,0.024615577866226424,0.0704062204894001,-0.1767702208477264,-0.013737653926409408,0.016651992436403428,0.040510637262951864,0.02470535306963533,0.02939942988120362,0.054246302629136156,-0.13228160277601558,0.037548722851717405,-0.039486520978346075
0.01831670952711437,0.033666346112192415,-0.013071026955984987,0.08096066640310323,0.0766312830348651,0.06065018014497619,0.046849350142126975,0.11467936807451348,0.006169496552554663,0.08600074573465516,0.08802979665657819,0.0744309642300146,0.17045051477774706,0.058044086227601786,0.030919870343709827,0.0752804832222049,0.06174975800138117,0.07670425706282202,0.05414588867837804,0.07401939409000376,0.03803404287645454,0.05618484421400994,0.12001730032375661,0.06257513688801661,0.08832978167238631,0.052457948463770526,0.06592984928812859,0.07882893048485172,0.11632899759359991,0.053289169449834146,0.02290651060948746,0.05054966183844845,0.047258362631803476,0.06573226241936933,0.11369031841836964,-0.021451236775810678,0.14625926817208332,0.05236931337687595,0.15275220255008737,0.06717560477727855,0.05097524013043464,0.05903199273765776,0.12905716096000097,0.06348688868603083,0.061408733858734764,0.05756308871386417,0.08823184210439136,0.007803684361166786,0.07784709622904241,-0.005945862868061243,-0.0017529411406126964,-0.015155002442145796,0.018309990319467027,-0.0036350341121372015,0.02881730911123077,0.0013677534491830247,-0.06474485255590484,0.02448917398552536,-0.00448854200012385
0.06657146033779218,0.08074611070787947,0.06560391791868074,0.3368691456716051,0.14306175871170396,0.14544783616465168,0.10315006693881686,0.259062069860451,0.09536046884541308,0.15771908758358452,0.16388096659434112,0.15902321509740125,0.058044086227601786,0.42571500768090426,0.159227707438039,0.2632836309266927,0.17498388408311238,0.16474093880392204,0.09558811583719433,0.17821809935489744,0.21290525499157498,0.2133805843046274,0.14651552194028575,0.13570060070326603,0.1692973541302071,0.3115782231344244,0.13544993823730972,0.10105089519741807,0.10546585415379378,0.06754329788320405,0.16371219441201398,0.26879190672547154,0.004831535769484263,0.2371355678196678,0.2269803481549403,-0.003073894476388309,0.2514064769920643,0.18472150666964485,0.1745358284778089,0.06467728153947383,0.20250000321476933,0.13680857148497888,0.26058749572468004,0.2209341808606619,0.022171075744996153,0.1390387771538348,0.21585708451088892,-0.0014643765130681803,0.3022243609097885,-0.04993639102476422,0.0009355655332121391,-0.01032966131786399,0.045142946921825355,-0.03458651969248235,-0.030394836497602207,0.07633834438575744,-0.1409483498501651,0.12987269218416475,-0.05340122788580433
0.06970710985533156,0.2608500971234385,0.13565848433529523,0.1579677115640894,0.16286132599561948,0.21908518566793975,0.1256056867917118,0.14601965208093662,0.059077767431343964,0.20098009221387314,0.22703499736353205,0.12202943619518311,0.030919870343709827,0.159227707438039,0.6807833952416785,0.1592063880515029,0.27318957606083694,0.3348789483262461,0.10857760928522378,0.2616590969212877,0.29779314664422724,0.12943362114283483,0.38283506230311637,0.15335474131669785,0.30324699814227923,0.29857372305842345,0.11025343715810774,0.22113369302116925,0.2224093174690477,0.13528232565818532,0.11968655230542581,0.11334564800162546,0.10734352591285921,0.25018136711083616,0.25526816056011437,-0.09058343399686647,0.45475864471658134,0.14015981656487722,0.24982256667747837,0.0980309491375531,0.24285305260579979,0.1732606153114879,0.3415118950062499,0.12281346581250271,0.0834582753712643,0.1968474722427493,0.2671113548332068,0.008005343689824838,0.12533450265822757,0.33708141254271407,-0.10070882230732818,0.010944398650160657,-0.1221163273243317,-0.019869136095479873,0.07484337391990326,0.10537999387608508,-0.3454695008755332,0.18652592255600978,-0.02744282723624462
0.060321700216920654,0.11052683172817787,0.09753857559900156,0.3092610980631517,0.14396456262192361,0.1575277419657528,0.13839806612237968,0.25018137837561083,0.07073724862840969,0.1953433504431445,0.20813650575195583,0.20143422701547134,0.0752804832222049,0.2632836309266927,0.1592063880515029,0.471608991035251,0.2582552452691871,0.19382230220676444,0.09112796579361825,0.17514960297585633,0.14612722392974686,0.27845407420065627,0.1274563539364039,0.14321212858997598,0.21722513376933722,0.2235259693699115,0.16356846267226402,0.19773939935380222,0.23788373073413263,0.0762667632698626,0.20652769759823686,0.19853531422009155,0.04380041514054247,0.23680317848857682,0.3659141848846889,-0.02481207882847505,0.3783277397279617,0.18741078460832392,0.3275634290805798,0.1480314741207625,0.16640668814977916,0.19423541099419503,0.3751072459223909,0.27266513341561766,0.16569071336647206,0.18732957248514714,0.23386711468701776,-0.01618011186544549,0.18382005913035568,-0.10975513250562645,-0.0038422430926311115,-0.010696710341148143,0.039798339962050636,-0.019879989499455856,0.09966549156640138,0.09035688581492567,-0.21537936864522708,0.10550391844021337,-0.09679415250067087
0.06438714867362956,0.1925526375971917,0.1722589979846915,0.2201491373241214,0.10412600434038026,0.17043392403755467,0.15070298929275816,0.290415926662324,0.08116900113390484,0.2502948611905029,0.24664490851878315,0.14221205445400115,0.06174975800138117,0.17498388408311238,0.27318957606083694,0.2582552452691871,0.8295361255543592,0.2526405674595693,0.10758869690969124,0.34399739299162724,0.257804201450412,0.23681496337486457,0.19018604076970605,0.18107693912673595,0.26127750954124807,0.11267247244607297,0.15248534691079046,0.2867145924910146,0.35559288470300937,0.06969254090343847,0.2509390556178044,0.12049865479386519,0.2883244139006071,0.20936816424278853,0.2711425865311152,-0.1298212459903174,0.5713547525308996,0.3388832201875672,0.2449631095072412,0.10830902208295307,0.25624838160501223,0.2225965984816247,0.49037080397167787,0.19331317128894593,0.22967602081498534,0.24495867198808144,0.3049043478747874,0.018882271505073562,0.13045158364290077,0.23928771434921584,0.010954939199891938,-0.016319078407392384,-0.07401803174486288,-0.0637260754618352,0.1818858717328184,0.10209434982571497,-0.24992658788229768,0.11918510078852529,-0.12161545444078521
0.07716632755480132,0.26324115576919854,0.09261174704406604,0.21020508087662593,0.13159789871891414,0.15937675110490265,0.18400630211290922,0.2674888737097439,0.18663268263335434,0.2959595055306166,0.23475459749829022,0.12508938972930966,0.07670425706282202,0.16474093880392204,0.3348789483262461,0.19382230220676444,0.2526405674595693,0.7912466450227402,0.026345313658921628,0.08153399391837231,0.3500079461056387,0.21671834985271157,0.5587376228148055,0.12442964286305189,0.32136474120600067,0.4891885654253213,0.06372740417059286,0.2802092986431891,0.10640324039868239,0.09568641695053047,0.31143941021839755,0.12721239643282123,0.06778201094034253,0.25318631181153284,0.39915964821747907,-0.2592023675702373,0.6160572565374465,0.12525038108492698,0.377781695294229,0.13105907353216878,0.17301932393091,0.1717082102441914,0.5354067726586602,0.3216095478171442,0.2705699228021343,0.19375813527543276,0.4448076243120441,-0.014976076006504024,0.14289019705848832,0.409662475232219,-0.014882456429937059,-0.12610244529447773,-0.14689168925314175,-0.059297071093544,0.10156421603943142,0.08485261877469548,-0.33335817966211634,0.43865986051128947,-0.3177304371152311
0.05142605996361405,0.05456402940332058,0.020884560191466724,0.15167581260629143,0.2864639358813489,0.2650303690252315,0.08528311566310422,0.14420293708668822,-0.013574268316117154,0.09304993746227955,0.07737340488195826,0.12285883802699805,0.05414588867837804,0.09558811583719433,0.10857760928522378,0.09112796579361825,0.10758869690969124,0.026345313658921628,0.5592939165638802,0.14536254322003633,0.11264180494494973,0.08535887754322521,-0.03514219829541088,0.0628552010286068,-0.009289178746717166,0.0854339109310273,0.05744364969299816,0.06553942311836677,0.009934305396834105,-0.04097588864167321,0.09288613230301872,0.0919989261423383,0.09186485058970065,0.09151712249971283,-0.04588536809036105,0.14764910286731925,0.027008031793212636,0.16545573668717364,0.018933714148739178,0.02289062630042669,0.1319212561769837,0.07712161451105168,0.02343391070692023,0.04631647813287898,-0.07546452592590676,0.10196365921420057,-0.054842725546394966,0.012449536096695905,-0.040655390917561283,-0.030071779874074486,0.14474794582515665,0.19664813133449857,-0.12470291591172024,-0.034676663140010666,-0.1120409057614903,-0.020167826363522535,-0.06887434591632824,0.06171767748818263,0.10300566190648427
0.006702439272222684,0.19401154406379895,-0.04528677075496581,0.1605058570605586,0.18108624124012612,0.18558936824971514,0.042761542380986325,0.37677636303481044,0.008318841949506385,0.18319818410673872,0.23888124198733102,0.1557131373009584,0.07401939409000376,0.17821809935489744,0.2616590969212877,0.17514960297585633,0.34399739299162724,0.08153399391837231,0.14536254322003633,1.1721850123020903,-0.1333687990068604,0.0691660673022257,0.20790125936132503,0.19611690335529158,0.2098188551434676,0.30905579583123216,0.28294696691841353,0.28983351716142913,0.7971048620693164,0.022954040173161796,0.15868682065111153,0.12452504815594755,0.15119695517929202,0.3046674729808134,0.3551597995756077,-0.03939813926913923,0.5143464108953759,0.36255965045158,0.5555700882785722,0.4160295513111809,0.00047136940039379534,0.269203789475694,0.527009391968798,-0.3481800081539851,0.6094559940953296,0.18898725051955914,0.04000403492514862,0.07018832640235191,0.44334042246926464,-0.08482228668747416,-0.04780878969662466,0.023272921204301276,0.08998718804587333,-0.04439692335055498,0.1441686539004029,0.051098680803041446,-0.19916574280981497,0.20868505810949117,-0.1583498109177839
0.11022375132040393,0.2400018565082246,0.2182652646768421,0.2447860507570585,0.12504041549452277,0.20434711521945176,0.22942096459756042,0.08172453949015004,0.17549200032829743,0.1465515305589125,0.23498920146842173,0.13188335015088667,0.03803404287645454,0.21290525499157498,0.29779314664422724,0.14612722392974686,0.257804201450412,0.3500079461056387,0.11264180494494973,-0.1333687990068604,1.522747184778046,0.16976608788436132,0.43230156575537365,0.18556810118140943,0.3093049701086925,0.4902517317562883,0.03881206345564727,0.1489119124855127,-0.31564640114830556,0.17626532850179355,0.0645956372417555,0.2436195365768036,0.15057939153904734,0.21675138417217335,0.15616748028037047,-0.1883781038654129,0.41466052423045674,0.39523122335249966,-0.2594660842449568,-0.24848377486723647,0.7692230197598001,0.164279680450036,0.23140277236009896,0.4823793490757456,-0.3268827792139142,0.1529315138114357,0.31757403604246504,0.0396314494889519,0.27433189789248497,0.1336088883785738,-0.01864913694889791,0.0699269779463972,-0.08845934135307519,-0.006886316501360954,-0.03690693644487127,0.030934695737889453,-0.31167818396469676,0.11235002800318329,0.19480993208815597
0.07808700185043474,0.17221035840019286,0.2389696338179159,0.2376592986564325,0.08311568470700773,0.159049224489687,0.16757274006845832,0.18086690679330536,0.2994472679152609,0.18172202729825884,0.14705841888939092,0.12439809206788621,0.05618484421400994,0.2133805843046274,0.12943362114283483,0.27845407420065627,0.23681496337486457,0.21671834985271157,0.08535887754322521,0.0691660673022257,0.16976608788436132,0.7585475957617327,0.15159208024927096,0.17284813235983748,0.16459066053065846,0.21004010750730764,0.13429506467718125,0.1928095929862535,0.30661225110152546,0.07832709367057095,0.2704031204132189,0.20741191859114544,0.18473720573599173,0.2628041939360441,0.26122617757182337,-0.024224733789085795,0.3835235608664848,0.2873716790439852,0.36839261942509954,0.050044458409976,0.2092198855981665,0.17632074616849794,0.3474931180772329,0.45414521461696283,-0.011215708885307991,0.25760205907379424,0.23228517713141678,-0.12889790373103707,0.4387063375507973,-0.19440002270802814,0.024059649068940068,0.024355335673705115,0.03607443508327771,-0.08653050110115809,0.09278064458680672,0.09124238094591408,-0.23302053891714486,0.08153876021828432,-0.06774627579522606
-0.008014683885073596,-0.13173087555306887,-0.2924560021527193,0.33314296487624173,0.20973507871472083,-0.002533869758073074,0.2619076629627869,0.27023027691897833,0.26906325745563375,0.304134702998973,0.24881599464481638,0.1763296293071988,0.12001730032375661,0.14651552194028575,0.38283506230311637,0.1274563539364039,0.19018604076970605,0.5587376228148055,-0.03514219829541088,0.20790125936132503,0.43230156575537365,0.15159208024927096,2.032117796855775,0.41805625277367536,0.722588157581767,0.0784391234362787,0.15075157692426464,0.2762647012925105,0.6022050813333403,0.3161739128290852,-0.6243336991565801,0.10832510231677661,0.5167582343250487,0.27741594716208934,0.07365155130501322,-0.18401416168218754,0.5959230477559522,0.12153043716867308,0.36124791931900885,0.06341426394188722,0.5042440438407383,0.1337246524150711,0.24032071546065303,-0.07261778045938234,-0.3996247661116516,0.1993758176967277,0.4069651056290659,0.0487762330408315,0.708783969612962,0.22974556676600538,-0.08972897438309127,0.03367296574424812,0.10344871879108082,-0.03758141824163758,0.0871374955394954,0.13002326186252677,-0.3215382023395039,-0.2496262652640681,0.4119143256856202
-0.013775277970923082,0.023322443175392508,-0.04002079829345699,0.2075040736079326,0.0841064327182994,0.011932416404006168,0.09832491228308422,0.21101640575823916,0.1051165501367955,0.15002783306646994,0.138008294990885,0.13101168660166757,0.06257513688801661,0.13570060070326603,0.15335474131669785,0.14321212858997598,0.18107693912673595,0.12442964286305189,0.0628552010286068,0.19611690335529158,0.18556810118140943,0.17284813235983748,0.41805625277367536,0.533443815682404,0.312196630957683,0.07605971048245326,0.11638078911244511,0.376378554458062,0.04464300806261381,0.6090104549700226,0.15245550199870503,0.16368276309054874,0.7004419986037187,0.1458551238130601,0.14724663866970183,0.06468151184818934,0.7750037590734973,0.27334696569780126,0.35204118918363075,0.035695755773620164,0.2437370395717279,0.23089282052419047,0.19165566169100703,0.17687403706472088,-0.058941346251901686,0.26774026126263833,0.36569933393711945,0.08320339110094542,0.1544237151585959,-0.19330713623480528,0.03986233939856545,0.15843328745655527,0.10215874259370089,-0.1278517151182961,0.021343275187486885,0.030991773228305975,-0.09622153859587694,-0.5662623342958257,0.6353275120974325
0.05969370194587599,0.09838202919913389,0.1109372452204827,0.27181535967437503,0.0653700332701627,0.055481198741476334,0.15159540772579827,0.32691928440235585,0.11229646569607467,0.23190238015283143,0.2368164745306534,0.20729476814896955,0.08832978167238631,0.1692973541302071,0.30324699814227923,0.21722513376933722,0.26127750954124807,0.32136474120600067,-0.009289178746717166,0.2098188551434676,0.3093049701086925,0.16459066053065846,0.722588157581767,0.312196630957683,1.5341088357603185,0.2722983402984637,0.1835995801586602,0.2989744343714686,0.5595017341784672,0.3384401584051754,-0.05527835418363778,0.15106028400893096,0.25477117448845443,0.3917143214459756,0.41293380366134846,-0.1430494990188458,0.738201745553656,0.35703358396099527,0.7270702625125431,0.12184426568000814,0.30282462262907855,0.2180497852357566,0.48612868389347896,0.4619085521274953,0.14055593422901655,0.4417672044554823,0.4153596412909717,0.009826567876552658,-0.2550869093488083,-0.3459164536162834,-0.034855865107862975,0.20606202147247715,0.15503484743240747,-0.1174180004996673,0.1489388373623221,0.12875445964537846,-0.21610276546010299,-0.06620506956686892,0.05391583935722709
0.021062227037920215,0.25809212973892054,-0.08567237162979179,0.2542249473221425,0.20008953174546523,0.2673340522480772,0.14969627494472368,0.3056337896911954,0.18235993157604208,0.18282917272952443,0.2368708251248779,0.16352154913775305,0.052457948463770526,0.3115782231344244,0.29857372305842345,0.2235259693699115,0.11267247244607297,0.4891885654253213,0.0854339109310273,0.30905579583123216,0.4902517317562883,0.21004010750730764,0.0784391234362787,0.07605971048245326,0.2722983402984637,2.6864111058532765,0.2495443190009502,0.2073941436117195,-0.49224836695123614,-0.37946970710071326,0.5117488432629657,0.4408376463864316,-0.2858299339693601,0.6114222502476688,0.5281460199308053,-0.33695777614889855,0.44169710262953776,0.1391708258541038,0.2674470938991839,0.3756538985969676,-0.21431510994559508,0.25180827743185635,0.5812730749225407,0.0010866679531970208,0.4228442219754736,-0.056952673570444125,0.1873329640381168,0.04430427585923729,0.9718323687595776,0.49071750828209504,-0.07781861113640819,-0.21532900193469706,-0.33137267025238376,-0.06856067605007875,0.02067800972995522,-0.13149385745264183,-0.5219190041074765,1.1362429963557021,-0.6060091656368103
0.03347467734944462,0.10598285680509129,0.08091504204020282,0.17694141260286994,0.07827045516328106,0.099673179912707,0.10237016544604638,0.20863372628976487,0.06549431297678687,0.14344336899308227,0.1645679127572699,0.19056796148289065,0.06592984928812859,0.13544993823730972,0.11025343715810774,0.16356846267226402,0.15248534691079046,0.06372740417059286,0.05744364969299816,0.28294696691841353,0.03881206345564727,0.13429506467718125,0.15075157692426464,0.11638078911244511,0.1835995801586602,0.2495443190009502,0.5703184786415766,0.10046860127530288,0.2423991501592686,-0.010477948439493439,0.06173936600319987,0.15372970283883294,0.011567979437085228,0.21514119766405704,0.19106553850192862,0.25503818316298804,0.20983085475405416,0.25523108996514954,0.1684851511416013,0.20685521190963074,0.07675483847953721,0.2097628997276554,0.45229117131746754,-0.1339826780823358,0.29695629964091497,0.13161138382271165,0.09101015828957501,0.062171493710047925,0.3877118010138979,-0.11947733885367333,-0.02524829121349842,0.06500848792185411,0.05695332473342213,-0.031474561956799936,0.0992153147009353,0.059721892741320906,-0.0841334102981536,0.25979212263304763,-0.3105075086381885
0.024247282132911174,0.16719181985174436,0.07642768820697564,0.01730013458629504,-0.017603484541402835,0.04851473759582769,0.06336141572027548,0.29277573183022176,0.09822090793962421,0.1826743381360208,0.16603705472289776,0.11955304172278824,0.07882893048485172,0.10105089519741807,0.22113369302116925,0.19773939935380222,0.2867145924910146,0.2802092986431891,0.06553942311836677,0.28983351716142913,0.1489119124855127,0.1928095929862535,0.2762647012925105,0.376378554458062,0.2989744343714686,0.2073941436117195,0.10046860127530288,1.6421802573231004,0.26042464531134585,0.4063633490835929,0.42809135684146205,0.04541154935111017,0.7843829623343425,0.060128030340050355,1.135542437540186,-0.45197562266424857,1.2848415516863445,0.22955615079789554,0.6552280109448954,0.2885332541662473,0.14975907239583885,0.44176709352974736,0.6365420985650982,0.33278229293651873,0.5080819676842455,0.25936700557732756,0.41719386950255,0.08248423743022747,0.012334402580729436,0.2346882877101531,-0.03230740477174468,0.35164366379517714,-0.4693079191408122,-0.022075310322978662,0.1837295505063556,0.09341295272282461,-0.27495405433548015,-0.4003680953741348,0.4364693341652532
0.16117694673652389,0.3297682817111992,0.4148651647167746,-0.056790258763841875,0.09888341142105875,0.14185491627013228,0.13254920800763487,0.08656016914826518,0.16995566695449488,0.18054127694310856,0.1693103381008782,0.06195870554665105,0.11632899759359991,0.10546585415379378,0.2224093174690477,0.23788373073413263,0.35559288470300937,0.10640324039868239,0.009934305396834105,0.7971048620693164,-0.31564640114830556,0.30661225110152546,0.6022050813333403,0.04464300806261381,0.5595017341784672,-0.49224836695123614,0.2423991501592686,0.26042464531134585,5.967152130928548,-0.9862277285783503,-0.4846514016928348,0.001462473156734789,0.55205058017237,-0.05841109109974856,0.10557031071908343,-0.05787891908762785,-0.08680048384933707,-0.345027871479063,-0.1911177091656384,0.31788495675820766,-0.44312854873271557,0.11524505176920598,0.4636044649116623,-1.315973894096323,0.3646180178958216,0.291804823118094,-0.1632418455558484,-0.0012444168821945725,2.2964634250076115,-0.03208460112046203,0.035701783034987014,-0.0866796700209065,0.06760832616090456,0.04478434328826113,0.3248149907806447,0.07323359842690115,-0.531111748791261,1.0435512453635645,-0.7488215418886272
-0.09459496774234716,-0.13232214910652657,-0.7166686957484468,0.14043560402905714,-0.08857011972222496,-0.22357407715707925,-0.016354490209300968,0.36833360721347536,0.044851031486139524,0.23686120505131253,0.1357795101634471,0.08943361246813697,0.053289169449834146,0.06754329788320405,0.13528232565818532,0.0762667632698626,0.06969254090343847,0.09568641695053047,-0.04097588864167321,0.022954040173161796,0.17626532850179355,0.07832709367057095,0.3161739128290852,0.6090104549700226,0.3384401584051754,-0.37946970710071326,-0.010477948439493439,0.4063633490835929,-0.9862277285783503,4.160394602986329,0.42097553397232945,0.012609428874845464,0.3411434750642922,0.01210407032634275,0.725039656037509,-0.24225986318119916,1.4097021478131107,0.39978196254666765,0.4557173081661809,-0.26167582978733817,0.6210596080388474,0.2377722698616821,0.7195081779083827,0.7576121355363923,0.4917172413954005,0.3252892210206033,1.7407539332878585,-0.022048354451839558,-0.8080662737914046,-0.5179412248294943,0.18563308322221683,-0.07531717808429449,0.3401091931773468,-0.04146443886696508,0.4310916138915208,-0.199563799033945,-0.2156537117104968,0.15871835446379867,0.0057029768316735644
0.07016382295791875,0.30773628270470427,0.3091243011948316,0.09932713347385254,-0.011322069223503943,0.109869762895193,0.03211718759138562,0.235377250136466,0.08274505807256775,0.14019512848585067,0.1307091926253298,0.07650367927119765,0.02290651060948746,0.16371219441201398,0.11968655230542581,0.20652769759823686,0.2509390556178044,0.31143941021839755,0.09288613230301872,0.15868682065111153,0.0645956372417555,0.2704031204132189,-0.6243336991565801,0.15245550199870503,-0.05527835418363778,0.5117488432629657,0.06173936600319987,0.42809135684146205,-0.4846514016928348,0.42097553397232945,1.6184376226095807,0.17269340264304114,0.2680970092938706,0.1317831798934613,0.5933503224772223,0.03560003426977977,0.8619448142888814,0.2426678679392903,0.4343190829677933,0.10223720101112435,-0.16660238237818015,0.3033531298047657,0.5291818189642956,0.6452616374489335,0.7270563519844018,0.35561198397869287,0.3881046063852701,-0.00779281891192462,-0.7374168607204343,-0.039262580834811135,0.11119153111851314,0.04024303065722984,-0.09325602539427971,-0.17494169546291552,0.15607815324481092,0.06333096046545558,-0.07404142157086083,0.06279015942168066,-0.2091587900074685
0.03784644520505936,0.05577266316696821,0.07390397607622418,0.28427085727500995,0.12313894229673421,0.14487439985062708,0.12363008755622883,0.15724998230017206,0.08747425404051752,0.11410768399607402,0.14627540311738083,0.1700303015518443,0.05054966183844845,0.26879190672547154,0.11334564800162546,0.19853531422009155,0.12049865479386519,0.12721239643282123,0.0919989261423383,0.12452504815594755,0.2436195365768036,0.20741191859114544,0.10832510231677661,0.16368276309054874,0.15106028400893096,0.4408376463864316,0.15372970283883294,0.04541154935111017,0.001462473156734789,0.012609428874845464,0.17269340264304114,0.5442971324857153,-0.05872942797134889,0.2524378159655696,0.1288220725680235,0.09450030589410949,0.029936093077798095,0.14765826414050812,0.03117109050549768,0.0272183172791114,0.11740898991557348,0.09996564037866551,0.0944653866385825,0.16355909766423152,-0.06647697890030793,0.13519437334255002,0.1235260394899706,-0.01917862524626177,0.22087371440975756,-0.01990485312124542,0.006861099370299092,0.08178247424808861,-0.10430522653408576,-0.029998478040717407,-0.10599858793286238,0.051509336564831906,0.09918995052496796,-0.05720110660744587,-0.02159426095080827
-0.006515819356313743,0.031348955136394005,0.05437641986858174,0.18109308068897614,0.06305696705935199,-0.15607443386221992,0.08684963322404637,0.12322231547653802,0.1912770707340624,0.07775902805655159,0.040146723114440334,0.034510375396114124,0.047258362631803476,0.004831535769484263,0.10734352591285921,0.04380041514054247,0.2883244139006071,0.06778201094034253,0.09186485058970065,0.15119695517929202,0.15057939153904734,0.18473720573599173,0.5167582343250487,0.7004419986037187,0.25477117448845443,-0.2858299339693601,0.011567979437085228,0.7843829623343425,0.55205058017237,0.3411434750642922,0.2680970092938706,-0.05872942797134889,2.8446558306991356,-0.3238884363276328,-0.8632446485687783,-0.21345471897110677,1.0733575176002286,0.3935643336235972,-0.08897941468305838,-0.27854376776328404,-0.0913496777032149,0.18182261069869501,0.025086041624500816,-0.2675511888862744,-0.9212066800302723,0.37786683675690863,0.22384831954072157,0.263825102514384,0.3866079087384835,-0.40498865857985744,0.19641821921864977,0.44071090438726923,0.20491773765151913,-0.3890758472101485,0.13526480329673432,0.10790792699097414,-0.27156742358032704,-0.8141721044864633,1.0865193365500685
