0.6036448734144596,0.11044836795758227,0.2799136620452803,0.05712901284823242,0.05520375423089138,0.06152419722696165,0.05371910744795134,0.058263800917078126,0.07584504126002087,0.05891466309880148,0.04863664969708223,0.06964766541889493,0.029388920379091722,0.030449153380762685,0.055050615023266886,0.03392286671376609,0.043034635018388036,0.0725023933446888,0.04760219444125622,0.025152735307117643,0.04637067952339007,0.045992847904956856,-0.013626467211654633,0.01260943498374858,0.08406930736434137,0.05622739110110536,0.067977804558943,0.006830273441619463,0.04999145155013824,0.015014182909626871,0.09898633892547908,0.0399289555235219,0.014218392947273076,-0.1007797036391725,0.021525007299775432,0.12282691754580602,-0.007868923184658112,0.03687403534718114,0.0602581131606979,0.011980807916463864,0.014715591511917241,0.0396811340702433,0.03680785686391953,-0.0007018217920765175,0.11448757147920086,0.12143259369840573,0.0015439273297072503,-0.09792618920036279,-0.10845185893219213,-0.02366372975997283,0.023842259426554817,0.0460491774244293,-0.03999689460134385,-0.005942456431184382,0.08655086105414408,-0.012056300962422314,0.1419087481863308,0.047703604272904376,-0.26317636302071806
0.11044836795758227,1.772472010523986,0.6172361534846278,-0.005196088928155624,-0.051427553425004345,0.2821247586819566,0.117282894222409,0.2142951053703994,0.243943956820794,0.19364785651329672,0.16334300758710016,0.15493015114200434,0.12723470498980613,0.13902311058124986,0.26168622531340424,0.11899606794511729,0.18519166370255913,0.1951099330490933,-0.019300428941281405,0.32810242151896424,0.1744646299183143,0.14525391840720395,-0.013355121595461332,0.08388730558619154,0.25286254534514324,0.2793389988806458,0.28204380580812605,0.2790746270190855,0.23487425080155433,-0.056970774792175764,0.24311628990326173,0.15456866885413348,0.005476318428242999,0.27207551530745167,0.07096270918950702,0.1501284531687456,0.2295029496011017,0.21138402024755137,0.1903888841650007,0.039505893390326015,0.1725464301803279,0.1693477935349731,0.22633634691148646,0.007725809745098285,0.38415942540594533,0.09500524622550253,0.10481125898538497,0.009085727861674556,-0.16583239713488243,-0.4277065197424168,0.2156952657181204,0.29704302435782803,0.014057855385299713,-0.11707576976203635,-0.3516039013611981,-0.14840190537106115,-0.3401319233024249,0.3162863541629104,0.30051564509823014
0.2799136620452803,0.6172361534846278,1.8263615779672482,0.1277909103817653,-0.3788275271243231,0.31727119245157653,0.027261989576317387,0.37378569152113655,0.42413595810917626,0.3762885166367191,0.21412402257235727,0.15130125872449857,0.15852376023578338,0.1375496722707686,0.26892234915571966,0.11757725463440911,0.2393214538801866,0.1730846786452474,0.26327350700262675,0.25790186040031,0.16935402123846624,0.2567537729251028,0.08915157374303229,0.13125007652132895,0.244851017689629,0.30507348840555715,0.18811280423823248,0.16686313037387532,0.29511393666263475,-0.2246382385789081,0.18583632587024698,0.12375762962500407,0.08207568346011554,0.35240309365428,0.1955394509727337,0.2614227118771732,0.29738178848261976,0.21021426647489824,0.31502273929948016,-0.12812689912408737,0.1529989733910925,0.16196885143881753,0.12569701872251135,0.01689260366739282,0.285725406249002,0.4043710275497908,0.1978903913526242,-0.12223521190226244,-0.42856086374250957,-0.004464582087990017,-0.022905051569357588,0.2021233100215317,0.09028348327423318,-0.2201808504236539,0.04992342156891635,-0.03543049107012392,-0.1436782714032403,-0.1261058320909966,0.12062537785760954
0.05712901284823242,-0.005196088928155624,0.1277909103817653,1.5238133000909275,0.5672340824238831,0.2774379555740004,0.2178559308610045,0.165200462233731,0.026419307223063494,0.2236490076921117,0.1428562982690628,0.2807265853886084,0.12079647037219142,0.20681439583195665,0.20749373620222278,0.2303212258698002,0.18683148064177385,0.21870678329416585,-0.036861005641941356,0.13938237742235246,0.13358298754172485,0.13659021410846323,0.2101159755308855,0.13847063610214697,0.1935459520111997,0.21418631552610765,0.09816344896680257,0.14133801071566118,0.16389048305935966,-0.12163941654916384,0.1503549616168868,0.2600355824660497,0.07645407653419303,0.1813804802245555,-0.2159137395779196,0.06570795835153115,0.04058452822090945,0.10922158007587271,0.11551822671389403,0.04733306956148781,0.08596374071686423,0.1378839958057849,0.06819509244892438,0.0046803057600459065,0.0762895034873796,-0.016201868311776304,0.09843603955660954,0.027912172904951876,0.09186239524587671,-0.1356873334148729,0.01195998245452862,0.37633960557806506,-0.2731125874359525,-0.04601662843128247,-0.17860575277815358,-0.06286239870670285,-0.3083303410771012,0.3460014528334632,0.04756302541550489
0.05520375423089138,-0.051427553425004345,-0.3788275271243231,0.5672340824238831,1.4911945006297669,0.15229741441726558,0.27948767465457786,0.20917526787117247,-0.04080903679243829,0.1408765858934355,0.14416099454112347,0.255112058853506,0.12940108521224974,0.24648384962096398,0.18259752884548852,0.2546435879702639,0.13435119059771808,0.18692775799600045,-0.06253222803139392,0.1399945400832435,0.12082795153770005,0.10969026225873044,0.21403382590657302,0.14922598070583226,0.1836604077964909,0.2020626388607199,0.1129669413944035,0.03677290678688289,0.1675841094957346,0.017339911001786626,0.13842472586644983,0.29582160315774403,0.040096068125283525,0.128502003407554,-0.1405179143686116,0.026631739533641067,0.07095535345724288,0.08553886338798766,0.07404190227035647,0.17213566403098102,0.15092995533312395,0.13787709402291884,0.0626069966301999,0.00285118808959023,0.05414043954431403,-0.142228549627535,0.1146540332290573,0.09056654244989289,0.4736774541037661,-0.1091071603205838,-0.07319451766744085,0.09020509354477863,-0.24027954909339727,0.18174630993953628,-0.11914527094264189,-0.010457329112602665,-0.04331106905415218,0.15777183393098676,-0.013578012524500962
0.06152419722696165,0.2821247586819566,0.31727119245157653,0.2774379555740004,0.15229741441726558,0.733884317070273,0.0658498286641651,0.3859704732722946,0.27572196028573676,0.1605486027847207,0.20663481074588536,0.18575974218064684,0.15281449784142212,0.2976600645421533,0.25715325069500866,0.2452808849454286,0.2696333564730889,0.19368725354466892,0.19239798752904244,0.38206266950941986,0.22127055054797498,0.26758932660660634,0.19037268325701767,0.19295518812782647,0.20069763470150895,0.355336892409492,0.25685641198483916,0.2567337433650041,0.2798565895508723,-0.09288837153834197,0.18076757394904575,0.3006651750502336,0.0770433352850998,0.3535059508576643,0.07305126424429383,0.006438948708282278,0.36038269672515616,0.24112931738469615,0.33444874950035886,0.1467564926574149,0.18026997724469213,0.21663593267270287,0.29341189311056237,0.011940541066324252,0.36334287775897617,-0.02211435424069474,0.42040499540376564,0.1455664274095674,0.45052797714084836,0.05409479427918402,-0.21042824528914617,0.1766515097024795,-0.05668525388290615,-0.03366841901923471,-0.09862207344930665,0.024580091201725184,-0.01623564224567812,0.20110742730457964,-0.1374530512024896
0.05371910744795134,0.117282894222409,0.027261989576317387,0.2178559308610045,0.27948767465457786,0.0658498286641651,0.7688867710495212,0.11871451358969455,0.27227733728982967,0.1412118383199223,0.1783924687401299,0.30128135945252343,0.18421093411787165,0.21035863221849438,0.11315293099103893,0.22864918554358538,0.23885494354745218,0.22570435986414392,0.0003263334764202229,0.1576419714579021,0.20054547139869072,0.2632114172642926,0.3160361213540117,0.22486469426193134,0.1914661109234403,0.18784173736622664,0.23442924880653662,0.18669977966855428,0.1960434994463126,0.1351684449655214,0.15638276791521744,0.23497476900968442,0.22054924773524703,0.20090150979159604,0.03213395372531204,0.17718794713879907,0.1777189076939773,0.13419040026575582,0.21317776645154682,0.10799743282055903,0.16724012731822496,0.19889958069328298,0.20226413548762662,0.011962461988387563,0.11472018170273382,0.012385885381929671,0.08694459165754198,0.03249923900091385,0.44888960459380833,-0.10545077877391432,-0.06298188216309676,0.1337538301114191,0.00031847609704065285,-0.09489686223192756,-0.01584076229005478,0.08526048031179781,0.011924584825846116,0.03770626626538868,-0.12294314100978458
0.058263800917078126,0.2142951053703994,0.37378569152113655,0.165200462233731,0.20917526787117247,0.3859704732722946,0.11871451358969455,0.8676386081814014,0.06262572866947311,0.174223081927739,0.18923838873999385,0.06016517562061335,0.1624245330928102,0.28203091087739013,0.22531856250386578,0.21314639750455772,0.22842075776632834,0.16739204232397334,0.1894731643420926,0.3384439300615572,0.1730771473478286,0.18084955851303852,0.1507524113499984,0.15116349088025288,0.156909218239358,0.31789230923460327,0.21856954635930706,-0.09204667650124902,0.262481136913672,-0.01062152211369442,0.15137875519126429,0.23062608502463575,0.06258942922166853,0.31416233543722794,0.20914650494032846,0.01737387215478557,0.3178886579457896,0.19758926079610278,0.38844956435982325,0.12445228729345834,0.15053833276071585,0.16986418670177628,0.24020572280299451,0.007663057336341888,0.3120223550770066,0.03153112318297519,0.39619280175840843,0.0918172420512351,0.45619325325310334,0.12503487246619244,-0.15905169367371877,0.0060149995958724434,0.1480921161135519,-0.0904457761586614,-0.05926186887097233,-0.06450894968007156,0.12925046326005876,0.19064270811403994,-0.17791051823100337
0.07584504126002087,0.243943956820794,0.42413595810917626,0.026419307223063494,-0.04080903679243829,0.27572196028573676,0.27227733728982967,0.06262572866947311,0.9369136996289815,0.06716487515741515,0.10033985250104276,0.14414032617938652,0.16998901206662143,0.2557652220518879,0.012002507209702609,0.17485733240185472,0.1735394171401457,0.17914911390982877,-0.0030976943013944105,0.15058758100064612,0.20427761755190144,0.46479561238754,0.33164537347723916,0.2218263207185925,0.10951233306041687,0.3456571670550378,0.24146798375485506,0.36943881276880985,0.21063598756011762,0.01779756162204982,0.10014980208247364,0.27594949557749593,0.20717577970544712,0.31398585172566335,0.12079705497502122,0.09038273539426113,0.2701919775934169,0.15127228783452584,0.21232556919971315,0.06246508345782677,0.18690334570968595,0.20686650444203725,0.2665874895552034,0.014986725851963962,0.15629547823003898,0.04638226861069559,0.24421665618061295,0.07994722940883778,0.5072014572060134,-0.019966526648329794,-0.1903516566804143,0.12239663663764608,0.011743847152572187,-0.08690727203719487,0.03405182978582318,0.16665919496168002,-0.058797469358391204,-0.04086310056716103,-0.1171237647269395
0.05891466309880148,0.19364785651329672,0.3762885166367191,0.2236490076921117,0.1408765858934355,0.1605486027847207,0.1412118383199223,0.174223081927739,0.06716487515741515,0.6138332236763545,0.1789840864785998,0.17618292577456757,0.1439904897405985,0.1529436048390313,0.2854321396567155,0.15624408240343604,0.20579596303213446,0.15581644937921982,0.046690854953048734,0.15381290751016355,0.0907329549842987,0.12826883026848973,0.21389177315618757,0.14594180603045148,0.23273633412512773,0.13292815207951622,0.16736332851520466,0.17001921620110674,0.24826283769808433,0.07068991632661098,0.08234058430798534,0.15911224302783358,0.06101346000503595,0.23265407757760612,0.14513135791382753,0.14468477716136116,0.20842138133616048,0.10589061870987287,0.1921602782659863,0.07875202772447015,0.21292378734044673,0.10081725518415584,0.07455653182903398,0.015285199274966825,0.07268379099508271,0.1136971242066654,0.17677913383736868,-0.0028184403407326467,0.1472808798291431,-0.035204071751140646,-0.06697106793978608,0.06161324359961856,-0.004043334547201442,0.03051269341974587,0.08718097571014409,0.02181468083536587,-0.15407909591039967,-0.11242061577276814,0.16748744749656805
0.04863664969708223,0.16334300758710016,0.21412402257235727,0.1428562982690628,0.14416099454112347,0.20663481074588536,0.1783924687401299,0.18923838873999385,0.10033985250104276,0.1789840864785998,0.58046458448284,0.25588764213556947,0.18587449964977953,0.15139844263041757,0.24977410685412313,0.20978208380144792,0.24646991224895515,0.17510156105165642,-0.023190976815982742,0.256538053447869,0.16366321950394472,0.16049535845887702,0.23598742988274882,0.1658755229050437,0.22373858037017777,0.22899327117904586,0.2132124041515634,0.16189293021604526,0.2806210159431116,0.032497423156567104,0.11059722554045728,0.13854163513232742,0.0967711555433893,0.27994778994869374,0.1844998731649038,0.04278173615745226,0.22392948872387508,0.14732963179047473,0.24725639779837613,0.12818371226907482,0.19364446593273948,0.16983448364587578,0.184743035753845,0.007323185053732294,0.15408567986775631,0.03051655983750446,0.2588808126961021,0.096248607168151,0.4028029865193243,-0.016087297583289608,-0.18120581303231714,-0.07633868967341284,0.20190809905009965,0.030759275014086776,-0.0730167208318426,-0.007084691402245961,-0.01014848873764951,0.08039974399515577,-0.06412895040278245
0.06964766541889493,0.15493015114200434,0.15130125872449857,0.2807265853886084,0.255112058853506,0.18575974218064684,0.30128135945252343,0.06016517562061335,0.14414032617938652,0.17618292577456757,0.25588764213556947,0.6316184877642753,0.1482098353437301,0.19188343164650604,0.16236734397603075,0.24145775366239983,0.20933922484944317,0.26839853579112605,0.0037066730454903105,0.14899356279546155,0.1614068256594502,0.18839976571968955,0.23666650525169328,0.15176234281361273,0.3137457439268296,0.23662042978889852,0.2130379214526391,-0.013884507975412776,0.2596523988049295,-0.016494084736603118,0.18462063181657798,0.24095804778658117,0.0783433382965403,0.17825839226648246,0.05537692776935606,0.26790854304277706,-0.023722841757514893,0.1252044506716359,0.1877256530367489,0.13039215810958027,0.11163501528887186,0.15374590893631895,0.1260299724948815,0.008224020158193483,0.1966138661540388,0.09719276838430302,0.08673371458500911,-0.06972453762822828,0.07927880209379383,-0.3839250836786285,0.07247671154119276,0.2629409911393607,-0.18130240460497735,-0.0006225508096721961,-0.050312761879960026,0.039515220396336495,-0.002910561053279853,0.0622607155249891,-0.20434381558833034
0.029388920379091722,0.12723470498980613,0.15852376023578338,0.12079647037219142,0.12940108521224974,0.15281449784142212,0.18421093411787165,0.1624245330928102,0.16998901206662143,0.1439904897405985,0.18587449964977953,0.1482098353437301,0.365928056059168,0.1489422938067238,0.049789041848497466,0.15776302650781018,0.15107224122921545,0.14388133139113354,0.025100574972168752,0.12652209195009329,0.13301710903179284,0.20092413171340803,0.22322021494617073,0.1466441262251573,0.14170646315924623,0.2201678362356527,0.15167669103005538,0.12404728326207004,0.21825516190618383,0.0330210725868553,0.07390648016297262,0.1380966049140075,0.12915990424804438,0.21399592771647072,0.1395897308331198,0.047296069844678046,0.15770867470980357,0.08689571848772591,0.2304001098867914,0.08079422661962136,0.13433580821380126,0.13398319690442698,0.1420445529694712,0.01150487138126337,0.05872997335607181,0.03445067579709153,0.19114318740434708,0.05686727545764522,0.3664133817593212,0.12153792898937202,-0.12130383781565937,-0.04051116568792029,0.05952930386061416,-0.0723236809278188,-0.035710085047583766,-0.011194509135077873,-0.011109626829471976,-0.004922245870092838,0.03135458992661664
0.030449153380762685,0.13902311058124986,0.1375496722707686,0.20681439583195665,0.24648384962096398,0.2976600645421533,0.21035863221849438,0.28203091087739013,0.2557652220518879,0.1529436048390313,0.15139844263041757,0.19188343164650604,0.1489422938067238,0.6578382532342293,0.20884834027435709,0.37708904278301775,0.234761995046119,0.14290509609855817,0.0660484681260246,0.27378585084635443,0.17545422776777522,0.2832839780645045,0.29186716259359574,0.2848389585608296,0.24407313972620953,0.2753606078042477,0.1967685019100466,0.3154720969486543,0.2651743943996552,0.007659331034307419,0.15037913637407488,0.6121051795475084,0.14986989449178287,0.2484620121408388,0.07510981523307964,0.08154985065233311,0.24906280628178717,0.20706908788792255,0.14839043179508138,0.17445923706222763,0.271005975965961,0.19306947870545266,0.22160515140261033,0.010409553803025731,0.1562576552113877,-0.030176068055768623,0.28882078768147296,0.11540087467823726,0.6887289512206949,0.007373246078394652,-0.1362787125284659,0.07377493402885103,0.003179247149556065,0.0638705924380158,-0.05821791080264487,0.04217637979326532,-0.020631603977686815,0.11673342753726268,-0.056655124949763394
0.055050615023266886,0.26168622531340424,0.26892234915571966,0.20749373620222278,0.18259752884548852,0.25715325069500866,0.11315293099103893,0.22531856250386578,0.012002507209702609,0.2854321396567155,0.24977410685412313,0.16236734397603075,0.049789041848497466,0.20884834027435709,1.0111614313418875,0.1783848040689139,0.27688852812610953,0.11287080362254988,0.09978156557793841,0.41267294701959195,0.15353898032814864,0.029799843473506067,0.24515377089185844,0.21599292141213844,0.21233847501952244,0.10984046093254843,0.209840110501704,0.43938508259747966,0.18416289257102075,0.08109353072912943,0.0885838369028561,0.17595791449216164,0.12495445251161336,0.317774499914911,0.16177705604020723,0.05014002499410425,0.5032143249242773,0.22945937348582898,0.31055588034634185,0.12140461619117933,0.2756752012386827,0.17706737672311507,0.18291459264920884,0.01167165764513218,0.19963466202407718,0.021085874957263172,0.29211742614370284,0.14507113509004843,0.4406317737376438,-0.17069074619738034,-0.2082773622251112,0.21766559068744137,0.23847789131437697,-0.003286603002529908,-0.015510962782417037,0.05206735491889816,-0.16927895146281455,0.08680139109399232,0.11034861461291282
0.03392286671376609,0.11899606794511729,0.11757725463440911,0.2303212258698002,0.2546435879702639,0.2452808849454286,0.22864918554358538,0.21314639750455772,0.17485733240185472,0.15624408240343604,0.20978208380144792,0.24145775366239983,0.15776302650781018,0.37708904278301775,0.1783848040689139,0.5596499795264644,0.27558481260444934,0.1586073558653066,0.07473052588452415,0.21939088907078858,0.16586947696850113,0.31311728839029285,0.24264261345670626,0.22310658378309967,0.17251375463049093,0.18230764306882136,0.22178915805699356,0.20908943656706236,0.24182449724756885,0.04107015603495488,0.14899114626492146,0.3552055884899243,0.12218886140182025,0.26167767110297563,0.18575958857034197,0.06371964716291932,0.2645950750403486,0.17208282461386065,0.23495962702189466,0.16761428625468977,0.21538630357788796,0.18048415980324856,0.23769351364990396,0.0185952487072284,0.1823841451176744,-0.028662996354244172,0.26930529212081994,0.11277498812021543,0.5564213855392355,-0.18988885662666263,-0.14793415059796924,0.11133498511919436,0.06557730100119295,0.013510917898533018,-0.04481697146394458,0.06421771182868667,-0.054553647456249986,0.13286427244136031,-0.11623555893051822
0.043034635018388036,0.18519166370255913,0.2393214538801866,0.18683148064177385,0.13435119059771808,0.2696333564730889,0.23885494354745218,0.22842075776632834,0.1735394171401457,0.20579596303213446,0.24646991224895515,0.20933922484944317,0.15107224122921545,0.234761995046119,0.27688852812610953,0.27558481260444934,0.7201869671522806,0.15022839239906688,0.13544918633177871,0.3444148301589353,0.1727181874651624,0.2330268820994071,0.15897287497991647,0.22151874494702212,0.31297584527527167,0.06940707810740637,0.25004596235082155,0.3311195074352702,0.26483964353449607,0.058276884438770125,0.22273009119330742,0.22939759855374525,0.20775117443058716,0.3087528353120984,0.157738473298358,0.05812180577995359,0.489613806663026,0.23558330077287168,0.2040770519957762,0.13622673720523726,0.2540020829490984,0.17334250317529104,0.27738208909876627,0.013293780180023716,0.21581838297416894,0.0801432232893449,0.3451596507218269,0.13481230798200158,0.4639533188822452,0.2694279851217283,-0.07282508113831639,0.12647806302937176,-0.0845824792447642,-0.07843704489386424,0.002697661439016101,0.02315477855471997,-0.05059766536380796,0.050566550326314914,-0.011715121720552278
0.0725023933446888,0.1951099330490933,0.1730846786452474,0.21870678329416585,0.18692775799600045,0.19368725354466892,0.22570435986414392,0.16739204232397334,0.17914911390982877,0.15581644937921982,0.17510156105165642,0.26839853579112605,0.14388133139113354,0.14290509609855817,0.11287080362254988,0.1586073558653066,0.15022839239906688,0.8693108666439213,0.09015483067557471,0.06094621572117125,0.23407748020140873,0.23299038296459323,0.5106272480248643,0.14411597029232287,0.39570924304583627,0.4414338951535259,0.13410376362196358,0.4598298104798213,0.16624158453105564,-0.08671751347163942,0.44941943160201603,0.19856182835699726,0.17522028294941672,0.22831050725137605,0.1040702780449054,0.11559193262865376,0.22087988106494444,0.09115674217726027,0.2910574445240821,0.1755714608850783,0.1965901319407287,0.21032446461206777,0.2890104321584564,-0.006006487015681268,0.3052459228276256,0.06681512628922374,0.20312837576691523,0.0709926605820724,0.3095291887786317,0.29313011501124725,0.09556029944895843,0.2829819205439894,-0.5654383610121945,-0.10273721570475705,0.005566722558822564,0.05312299893451901,0.07672117943963506,0.07527998225182196,-0.23523920499782544
0.04760219444125622,-0.019300428941281405,0.26327350700262675,-0.036861005641941356,-0.06253222803139392,0.19239798752904244,0.0003263334764202229,0.1894731643420926,-0.0030976943013944105,0.046690854953048734,-0.023190976815982742,0.0037066730454903105,0.025100574972168752,0.0660484681260246,0.09978156557793841,0.07473052588452415,0.13544918633177871,0.09015483067557471,1.3582352382528209,0.1796082061162162,0.12734070168035577,0.08271683737768662,-0.3672346907576017,0.01974641656649471,0.009360985866068622,0.012586019130113531,0.02311739587502839,0.08229835347136426,-0.10865950138121136,-0.12583106946670566,0.3931452766206406,0.02871278094275783,0.12525374786353347,-0.044831592996340854,0.015843036100627702,0.04095263592292888,0.39316030916781564,0.12329618456980555,0.33168237155498925,-0.0031287757049662957,0.03223631457077188,0.09288133528576817,0.10743052900254854,-0.005373441773304614,0.33961824262496876,-0.004509958760727066,-0.05048125601769773,0.12959452645428776,-0.10657026994106067,0.7115133094689259,0.07499984945149392,0.06625702105440658,-0.37864904052032744,-0.2251733730508282,0.043193949859695734,-0.0023808455134340743,0.06714625285863411,0.022848941896993488,-0.08528659996395484
0.025152735307117643,0.32810242151896424,0.25790186040031,0.13938237742235246,0.1399945400832435,0.38206266950941986,0.1576419714579021,0.3384439300615572,0.15058758100064612,0.15381290751016355,0.256538053447869,0.14899356279546155,0.12652209195009329,0.27378585084635443,0.41267294701959195,0.21939088907078858,0.3444148301589353,0.06094621572117125,0.1796082061162162,1.0863386873384033,0.1528436112317671,0.10872166509969405,0.3276142231557284,0.2812981566557028,0.20280555095977906,0.3330232565978468,0.41107072291124086,0.378895908709628,0.38681736030185837,0.15348108509659275,0.036315327831483335,0.2282896910278729,0.14539754339085595,0.46377654329945006,0.2907284962077158,0.03411178174553639,0.8460403950868036,0.5541440543985375,0.6966488912086667,0.3316815330872538,0.330097297226595,0.18244913833531265,0.4149789515242527,-0.007185911456445139,0.6925374267905035,-0.05668512201499208,0.4078492594613147,0.2571390003574575,0.749952941494708,-0.07651874564768348,-0.317897087598495,0.12524173453385545,0.24511902714379388,-0.06891734383963807,-0.039387671125110414,0.010832447268349069,-0.03841798718025824,0.056355984184296444,0.016168341878357393
0.04637067952339007,0.1744646299183143,0.16935402123846624,0.13358298754172485,0.12082795153770005,0.22127055054797498,0.20054547139869072,0.1730771473478286,0.20427761755190144,0.0907329549842987,0.16366321950394472,0.1614068256594502,0.13301710903179284,0.17545422776777522,0.15353898032814864,0.16586947696850113,0.1727181874651624,0.23407748020140873,0.12734070168035577,0.1528436112317671,0.4715934392698196,0.19144475349595821,0.25148757756171947,0.17386864311348052,0.15727895842746947,0.17933195353513137,0.18876917497210652,0.3098960481758705,0.12108693911862681,0.08838789537908098,0.18905839052245357,0.18405631568993763,0.19047161105432792,0.18871977971946227,0.15559192602087113,0.04702986302312055,0.31865591516930525,0.14607932687619538,0.29765594743261253,0.13633204987332895,0.20905840116219584,0.4093078197310027,0.35623324059466943,0.0011141887774296804,0.4104930073247568,-0.005101829827681997,0.2669732860057352,0.15235205743563113,0.3161253715191615,0.09171802576162835,-0.09540829292976341,0.135426641234851,-0.06915681896701517,-0.05765526761334077,-0.02231472789309443,0.016222169559101045,-0.0496498380512951,0.09477676255499898,-0.07286087567059513
0.045992847904956856,0.14525391840720395,0.2567537729251028,0.13659021410846323,0.10969026225873044,0.26758932660660634,0.2632114172642926,0.18084955851303852,0.46479561238754,0.12826883026848973,0.16049535845887702,0.18839976571968955,0.20092413171340803,0.2832839780645045,0.029799843473506067,0.31311728839029285,0.2330268820994071,0.23299038296459323,0.08271683737768662,0.10872166509969405,0.19144475349595821,0.8077489162660865,0.33743965504362516,0.1951662852124039,0.09324756654681751,0.27787635895798335,0.19825901048017766,0.20973981791743684,0.2523461105369002,0.02706236903809792,0.12429152923594126,0.292103400386424,0.13358115590217923,0.33912849412768925,0.22046443663332796,0.021380480265662184,0.26390329550260894,0.1361168664713864,0.37093598770102365,0.1217735051301998,0.18637965268452952,0.1992204405661432,0.2531441184978335,0.024646643001858475,0.1720151953991988,-0.017854794542984352,0.30329111123925645,0.11250518122998701,0.6302306295771148,-0.026772438162358747,-0.19481395437023524,0.00019617534061529195,-0.0020632754206543332,-0.05947450187437723,-0.01004569461686041,0.08290823520165234,-0.025659609949763282,0.037890147998158596,-0.12597300645305345
-0.013626467211654633,-0.013355121595461332,0.08915157374303229,0.2101159755308855,0.21403382590657302,0.19037268325701767,0.3160361213540117,0.1507524113499984,0.33164537347723916,0.21389177315618757,0.23598742988274882,0.23666650525169328,0.22322021494617073,0.29186716259359574,0.24515377089185844,0.24264261345670626,0.15897287497991647,0.5106272480248643,-0.3672346907576017,0.3276142231557284,0.25148757756171947,0.33743965504362516,1.899213822031179,0.5325263074221098,0.30411406475656205,0.21326919050067966,0.36408954731429855,0.4847804742618303,0.6245046579418102,0.4337851744317234,-0.6155367661129524,0.26008706178375374,0.49272120774559175,0.5581569862254618,0.2942897729582695,0.10239066485649179,0.8090522997701495,0.2271150355168342,0.6786061536740995,0.35072547155365374,0.4643095862609323,0.26410833513995396,0.3331349465061211,0.010218571465064724,0.0022549368089826863,0.15086641407135204,0.6410780360105217,0.20825690008663003,1.374580504976084,0.10636947960872659,-0.47814550785962107,0.03193937865690053,0.30023503213377073,-0.007755895041524366,0.07965223671718044,0.14379187418010755,-0.11065602220782453,-0.08018655292506406,0.045613596353051164
0.01260943498374858,0.08388730558619154,0.13125007652132895,0.13847063610214697,0.14922598070583226,0.19295518812782647,0.22486469426193134,0.15116349088025288,0.2218263207185925,0.14594180603045148,0.1658755229050437,0.15176234281361273,0.1466441262251573,0.2848389585608296,0.21599292141213844,0.22310658378309967,0.22151874494702212,0.14411597029232287,0.01974641656649471,0.2812981566557028,0.17386864311348052,0.1951662852124039,0.5325263074221098,0.6458842283557317,0.26503718508279267,0.10770357435661235,0.3263752536270909,0.36762980147317686,0.2470226560840688,0.42701237164736816,0.20207955023632573,0.30701463839884086,0.38988275349420737,0.16982895622742739,0.27095439485871353,0.2714196248821555,0.402434432664079,0.22535863955520585,0.24547940031172055,0.1649379465286958,0.3346809456451634,0.19219870578559756,0.25543589056611643,0.034275985629174666,0.05538992245587222,0.16371398800556383,0.30338659733082,0.01492934510860666,0.6612065351220409,0.07431503417044558,-0.27656927926682723,0.11479837506492399,0.13102954478848008,-0.044953883591778696,0.030516334251911807,0.024693664225521373,-0.022248011083380693,-0.042878274473799716,0.021889903101341694
0.08406930736434137,0.25286254534514324,0.244851017689629,0.1935459520111997,0.1836604077964909,0.20069763470150895,0.1914661109234403,0.156909218239358,0.10951233306041687,0.23273633412512773,0.22373858037017777,0.3137457439268296,0.14170646315924623,0.24407313972620953,0.21233847501952244,0.17251375463049093,0.31297584527527167,0.39570924304583627,0.009360985866068622,0.20280555095977906,0.15727895842746947,0.09324756654681751,0.30411406475656205,0.26503718508279267,3.1639734814076355,0.19497785665855324,0.20444655708463816,0.09397092022907912,1.0579493831735256,0.06549804637147702,0.4583136705117156,0.29188491956039225,0.04073358389181518,0.868441049019319,0.3644278275713081,0.6140658397935359,-0.2683788661241147,0.16402702289873372,0.6113205860592712,0.2155044752225472,0.2865792764498969,0.13872204602254973,-0.016629699472498517,0.058858688899143384,0.02064977675063995,0.3614335264300666,0.31507436840915964,-0.39489608416596556,0.36757007772518246,-0.8010747079346668,0.14393294833323747,-0.05223893026417297,0.2140777126003121,0.006601526632302998,-0.023053515303240932,0.03747345998766938,0.021832124602311546,0.03667392127458265,-0.1289023599851603
0.05622739110110536,0.2793389988806458,0.30507348840555715,0.21418631552610765,0.2020626388607199,0.355336892409492,0.18784173736622664,0.31789230923460327,0.3456571670550378,0.13292815207951622,0.22899327117904586,0.23662042978889852,0.2201678362356527,0.2753606078042477,0.10984046093254843,0.18230764306882136,0.06940707810740637,0.4414338951535259,0.012586019130113531,0.3330232565978468,0.17933195353513137,0.27787635895798335,0.21326919050067966,0.10770357435661235,0.19497785665855324,1.8258170569243626,0.24405076720018157,0.6119036365637794,0.12818577325654892,-0.6840843296253332,0.356854472194018,0.34393614139716244,0.059260593930430774,0.3056461042998376,0.11070620979459529,-0.035401662884699786,-0.1073178426040432,0.18357305169233676,0.33111996551682343,0.17144792116501345,0.12692680978210558,0.2357498860664121,0.37008292375356205,-0.060629868488165845,0.6010494020758888,-0.3298491711876717,0.018629082614197455,0.19303981667275988,0.26923197114705233,0.46789312124278526,-0.3368275523360843,0.2547218420617665,-0.6313616798057297,-0.051740759518574535,-0.0882409579737449,0.0005561175015829405,0.08013870477486784,0.04460166089253438,-0.09368284197871544
0.067977804558943,0.28204380580812605,0.18811280423823248,0.09816344896680257,0.1129669413944035,0.25685641198483916,0.23442924880653662,0.21856954635930706,0.24146798375485506,0.16736332851520466,0.2132124041515634,0.2130379214526391,0.15167669103005538,0.1967685019100466,0.209840110501704,0.22178915805699356,0.25004596235082155,0.13410376362196358,0.02311739587502839,0.41107072291124086,0.18876917497210652,0.19825901048017766,0.36408954731429855,0.3263752536270909,0.20444655708463816,0.24405076720018157,1.7047886973416102,0.6773295752231064,0.16133784634602572,0.5856342371437344,0.13591280768493927,0.1654320670665441,0.36108782201580003,0.21558316859727397,0.3168146163354195,0.662458741616708,0.4937040352175321,0.3217508460600425,0.26476704171089094,0.21558093565405695,0.49069850472271354,0.23291348968558814,0.8944293940286377,0.006252837012753468,0.6581798506688961,0.059635855540948114,0.18211593868144624,-0.08946507154521834,0.41791881143426146,-0.1849675982224062,-0.33161690163782664,0.04444388231366823,0.3533050591902203,-0.02983435977161025,-0.02967827424032318,0.13362991619199163,0.07074418845272405,0.09875734408507589,-0.23968513523313445
0.006830273441619463,0.2790746270190855,0.16686313037387532,0.14133801071566118,0.03677290678688289,0.2567337433650041,0.18669977966855428,-0.09204667650124902,0.36943881276880985,0.17001921620110674,0.16189293021604526,-0.013884507975412776,0.12404728326207004,0.3154720969486543,0.43938508259747966,0.20908943656706236,0.3311195074352702,0.4598298104798213,0.08229835347136426,0.378895908709628,0.3098960481758705,0.20973981791743684,0.4847804742618303,0.36762980147317686,0.09397092022907912,0.6119036365637794,0.6773295752231064,2.754814769653682,-0.3018498519870072,-0.07903663833780275,0.37696379562701304,0.36954137847032964,0.4970689954692034,0.3344288449911476,0.14645645375978888,-0.01897358166969882,0.8842857351369954,0.2963796381460484,0.17151160244039945,0.1777376762926594,0.6261399522521949,0.3695068425340572,0.6841487196171292,-0.034081521024294466,0.4366921196621271,-0.22752233276648431,0.25774706535084946,0.47678410942935906,0.8515453310464692,0.6030934931083195,-0.41376454690014614,0.5808811883929156,-0.45363295326216163,-0.10779588942841781,-0.007595945091052256,0.14310123499428107,-0.16455443868760805,0.054285094710443044,0.1601758323556373
0.04999145155013824,0.23487425080155433,0.29511393666263475,0.16389048305935966,0.1675841094957346,0.2798565895508723,0.1960434994463126,0.262481136913672,0.21063598756011762,0.24826283769808433,0.2806210159431116,0.2596523988049295,0.21825516190618383,0.2651743943996552,0.18416289257102075,0.24182449724756885,0.26483964353449607,0.16624158453105564,-0.10865950138121136,0.38681736030185837,0.12108693911862681,0.2523461105369002,0.6245046579418102,0.2470226560840688,1.0579493831735256,0.12818577325654892,0.16133784634602572,-0.3018498519870072,2.220914912319369,0.3313942164537313,-0.25530355701217267,0.27116890179276415,0.08058853200892599,0.7032301693258997,0.3886882711879316,0.48182484632424666,-0.21216000222300924,0.12461987025990945,0.47486325869781715,0.21280581189942083,0.3104946841159539,0.09691456117346584,-0.0334283553469614,-0.01251923732417919,-0.21278167733955122,0.4949275630967305,0.4415189909172724,-0.3368678059944249,0.7242640157308347,-0.1478390044184054,-0.30085390122974337,-0.23644534063829256,0.2545552754707815,0.09613229146447486,-0.05834470965706941,0.0704498907181316,-0.06903560977728974,0.019245216944062518,-0.0252029825875358
0.015014182909626871,-0.056970774792175764,-0.2246382385789081,-0.12163941654916384,0.017339911001786626,-0.09288837153834197,0.1351684449655214,-0.01062152211369442,0.01779756162204982,0.07068991632661098,0.032497423156567104,-0.016494084736603118,0.0330210725868553,0.007659331034307419,0.08109353072912943,0.04107015603495488,0.058276884438770125,-0.08671751347163942,-0.12583106946670566,0.15348108509659275,0.08838789537908098,0.02706236903809792,0.4337851744317234,0.42701237164736816,0.06549804637147702,-0.6840843296253332,0.5856342371437344,-0.07903663833780275,0.3313942164537313,2.8784247765592945,-0.13342280097883374,-0.13218964270340713,0.3405406741106729,-0.24431620021298012,0.8710600786154777,0.7319169284009748,0.8930837388362907,0.2130142302030938,0.20880807009764302,0.24822523945016217,0.6212890223906602,0.10040658675311226,0.8602090795534308,0.1925749785937067,0.25213155598260417,0.7882778405662212,0.5090086542952366,-0.4580537331797839,0.7993726477050063,-0.08989422419398803,-0.3490058460703503,-0.5760362291981895,0.8026413535610462,0.07232710954094838,0.12082498897928269,0.04231131672998015,0.017167295915356488,0.023957057377379517,-0.16641736710477306
0.09898633892547908,0.24311628990326173,0.18583632587024698,0.1503549616168868,0.13842472586644983,0.18076757394904575,0.15638276791521744,0.15137875519126429,0.10014980208247364,0.08234058430798534,0.11059722554045728,0.18462063181657798,0.07390648016297262,0.15037913637407488,0.0885838369028561,0.14899114626492146,0.22273009119330742,0.44941943160201603,0.3931452766206406,0.036315327831483335,0.18905839052245357,0.12429152923594126,-0.6155367661129524,0.20207955023632573,0.4583136705117156,0.356854472194018,0.13591280768493927,0.37696379562701304,-0.25530355701217267,-0.13342280097883374,1.5796080987750454,0.24761316098697667,0.08189685923467445,-0.10932699519796871,0.08613951765243802,0.27518155086972773,-0.2692328436805154,0.10588369240293789,-0.09777546633111259,0.034507734882759385,0.08706512202262155,0.1756811778007196,0.21219533777792113,0.025585832832461724,0.34068794948870273,0.0038589608752210257,-0.12769589173446347,-0.06099292587400602,-0.2766584865309177,0.22023046158411538,0.23837569672851794,0.3680441781160498,-0.642229516327038,-0.1369734675724175,-0.03728207291861587,-0.05254019776435271,0.16333677809233457,0.10738837128534152,-0.26435677978840194
0.0399289555235219,0.15456866885413348,0.12375762962500407,0.2600355824660497,0.29582160315774403,0.3006651750502336,0.23497476900968442,0.23062608502463575,0.27594949557749593,0.15911224302783358,0.13854163513232742,0.24095804778658117,0.1380966049140075,0.6121051795475084,0.17595791449216164,0.3552055884899243,0.22939759855374525,0.19856182835699726,0.02871278094275783,0.2282896910278729,0.18405631568993763,0.292103400386424,0.26008706178375374,0.30701463839884086,0.29188491956039225,0.34393614139716244,0.1654320670665441,0.36954137847032964,0.27116890179276415,-0.13218964270340713,0.24761316098697667,0.9902537094840719,0.11960395652324085,0.1177951178383092,-0.09651532774426705,0.09986303833681237,0.03355620070701824,0.2004013854271983,0.019153873214081726,0.1880291621432227,0.22252576824421044,0.1978648418281221,0.16119599117763808,-0.0036387313141342157,0.16862446659185487,-0.09730941222772019,0.14449509289571347,0.08310370830911794,0.6056099837632078,0.11921385856778965,-0.029772573562531532,0.5524813498497094,-0.711314310884735,0.1379805363359022,-0.0645807899611018,0.05492783451576214,-0.01669630993508889,0.10282578407451705,-0.07809309163712654
0.014218392947273076,0.005476318428242999,0.08207568346011554,0.07645407653419303,0.040096068125283525,0.0770433352850998,0.22054924773524703,0.06258942922166853,0.20717577970544712,0.06101346000503595,0.0967711555433893,0.0783433382965403,0.12915990424804438,0.14986989449178287,0.12495445251161336,0.12218886140182025,0.20775117443058716,0.17522028294941672,0.12525374786353347,0.14539754339085595,0.19047161105432792,0.13358115590217923,0.49272120774559175,0.38988275349420737,0.04073358389181518,0.059260593930430774,0.36108782201580003,0.4970689954692034,0.08058853200892599,0.3405406741106729,0.08189685923467445,0.11960395652324085,1.5700394508078426,0.052291701796092736,-0.20403627574697636,-0.06288048157574744,0.6566209206461214,0.17266903329383207,-0.23113767550074912,-0.06404611730671173,0.10281215494497072,0.22515257174244027,0.52772474503396,0.03689000571071276,-0.5026038193685949,0.18336635961772757,0.48985292246282436,0.2704998500391086,1.1786565923051227,0.43977764298724825,-0.3946219224521064,0.12158446835304804,0.16457471037672156,-0.25837745928324385,0.08691281869923999,0.10680930144762982,0.04687494634199932,-0.1045418194863407,-0.01337783691413141
-0.1007797036391725,0.27207551530745167,0.35240309365428,0.1813804802245555,0.128502003407554,0.3535059508576643,0.20090150979159604,0.31416233543722794,0.31398585172566335,0.23265407757760612,0.27994778994869374,0.17825839226648246,0.21399592771647072,0.2484620121408388,0.317774499914911,0.26167767110297563,0.3087528353120984,0.22831050725137605,-0.044831592996340854,0.46377654329945006,0.18871977971946227,0.33912849412768925,0.5581569862254618,0.16982895622742739,0.868441049019319,0.3056461042998376,0.21558316859727397,0.3344288449911476,0.7032301693258997,-0.24431620021298012,-0.10932699519796871,0.1177951178383092,0.052291701796092736,2.4097804101785463,0.5367647134706026,-0.22433635517170222,0.6541936592779345,0.1992265344098779,0.40754080782677987,2.023008101085144e-5,0.5226655801359249,0.22534390554821887,0.3206063739877154,0.10285837117559825,-0.20802384252802308,0.019346088383321264,1.0674364582370484,0.5376059359841402,1.3116839165971192,-0.5840444591281001,-0.2027443750334306,-0.2280785293099745,0.8512558267569721,-0.22256449681311072,-0.14472491212691893,0.12047134829544574,-0.1845161147890304,0.07511088770115913,0.16372594497316745
