1.0006143900823077,0.36051176698103654,0.6623480726738946,0.13421631421704408,0.3377680472471592,0.26365703360560805,0.26226151947956305,0.20088460923204038,0.2067145048184234,0.10820864061806525,0.1994737951655115,0.221152351501018,0.12254664820621765,0.23361604833904115,0.22714121433618384,0.1794937554272729,0.16155936808542162,0.27425013898101575,0.10267021266682058,0.15430933303810365,0.20155090880862436,0.21795902676587503,0.14756286825918744,0.02681555683316348,0.20285811222613684,0.2230516317766892,0.16525640779074802,0.08735024385858488,0.17347672197268613,0.12421325024940329,0.18703378289638548,0.2235877508697739,0.21335928265033247,-0.08367311177855509,0.007865500308100834,0.19513677186222567,0.11893391459879367,0.13563160919572897,0.222956295603982,0.029481837524003743,0.1230731115426992,0.18795777332400795,0.09343966125984488,0.03250170918867698,0.1807936608595964,0.23596304603643634,0.31786120894979497,-0.008286059998641624,0.06182264846725288,-0.054075202837243014,-0.004931437506230765,0.10200545284777149,0.039080343456132725,-0.0461327731847417,0.21072139314768784,-0.054047386439680774,0.13981909367367118,0.21680251572701895,-0.5208654803592928
0.36051176698103654,2.0615515832982663,0.9987570338138021,0.08425731482332913,0.13915736782103508,0.30396411686460945,0.20442479832971694,0.2721031974048477,0.3336301628262601,0.1841583915498616,0.1713729791874633,0.16359387930080813,0.1549874526905843,0.15922196646538556,0.27902733141180025,0.1507737262136906,0.11865840607665776,0.28869937764906023,-0.09522243978746284,0.3513043473404919,0.301536609576407,0.11717836639216903,0.03676279438793969,0.05102556888658476,0.1828129263750763,0.4296908850926406,0.17500503264970116,0.10278426781269716,0.31604712733815965,-0.0728832863735427,0.210458731092147,0.19605511814564983,0.19988318331315824,0.27105168073166963,-0.08590996116370951,0.2717628367654844,0.20492993954997923,0.2072408362719918,0.07876753755977367,0.06923591372611557,0.13491642316649338,0.2855944355396639,0.0724204476332146,0.03197752600796876,0.3559240162915193,0.3932703616337023,0.27614703100315774,-0.007283188366769945,-0.0972613279003354,-0.2725012984980781,0.23905512707509627,0.6210508246107509,-0.2974999057163981,-0.30385903944524106,-0.5097856692390685,-0.16976216738599084,-0.3747721887096629,0.5300062565657951,0.2519167523935501
0.6623480726738946,0.9987570338138021,3.0913883076576734,-0.12986075789668644,-0.4880944141813489,0.23568018157921583,0.23826911917521978,0.2742359735326811,0.5426500499607346,0.051298338011754166,0.13251357092944735,0.13264798088718166,0.10158653319626171,0.10882425782199158,0.30596606650366726,0.07679186508692262,0.10670096404710447,0.18139295019074775,0.13953483173746445,0.23237059295051557,0.21253622993421725,0.1758201949574347,0.005209885466246863,0.06632562081906039,0.12839214715542543,0.28509355812272513,0.14140600732100114,0.14258104895223267,0.0867178812641882,-0.4214911130848385,0.2092773040749886,0.1641639805252754,0.2706910319130503,0.09255210457795958,-0.2515969445822313,0.5284897236150083,0.2637881330858184,0.16119381271379946,0.1401352951765467,-0.31754422442163655,-0.010599302495165734,0.20347652571944555,-0.19162110720750375,0.040884853428998065,0.3919198582782146,0.6571401866481343,-0.014282331936381988,-0.03970430364414923,-0.470523178221306,0.02356405703981952,0.14502349003177797,0.39244183293942003,-0.39962555443110565,-0.23770873320680327,-0.025565537789503136,-0.057096158698067355,0.1390499322067014,0.04569421463145239,-0.3587344297350684
0.13421631421704408,0.08425731482332913,-0.12986075789668644,1.9603279048513325,1.0038509817592618,0.5226224835577958,0.4252687097951662,0.3190414426734688,0.21342534123427168,0.411709525770766,0.3194944105084759,0.4017557568772872,0.22747368682734206,0.41325566541532505,0.2635325561616053,0.3705302615770993,0.3723989571283189,0.325760009707954,0.07628456750578799,0.3167687011137865,0.3197353486538879,0.32278034615035694,0.3754558360116919,0.28328617296855524,0.3636706303611105,0.40209877700181573,0.26645746688661337,0.11567138239606534,0.3535234940877971,0.19450403696713262,0.3017592751635347,0.36200460955673736,0.2596269366516171,0.5155166197046636,0.1385176808918813,0.2921672798882795,0.22808801883282498,0.2271841530363687,0.2837360619481751,0.20815355745636016,0.19357628358984752,0.3425230842274564,0.3514472650941783,0.040891023877161585,0.04047391461875549,0.23417928741021377,0.6917869935218809,-0.013251150998841941,0.06670021656672295,-0.09347264011129251,-0.03423150358455991,0.1976116055110449,0.11542618049411983,-0.13367920294057184,-0.13270616535344124,-0.11637368460744162,-0.5814117858671995,0.8090647872350696,-0.07835016675910976
0.3377680472471592,0.13915736782103508,-0.4880944141813489,1.0038509817592618,2.5075700796601725,0.7167716131106197,0.3879792911669104,0.15063123599053438,0.10451737908461545,0.3991149439562622,0.3709029991030092,0.4191693312860197,0.25743539875502874,0.4161682606252131,0.3279807056607519,0.41936298004462047,0.3691135821218515,0.44315156664517963,0.17969204828382998,0.37375201968187466,0.3656469963338361,0.3430067184595103,0.47235774367213096,0.4246948069951383,0.37956943648246344,0.4134059497474852,0.30927216276359787,0.11753534621261652,0.3396978159067,0.2364762849082577,0.4151553078486325,0.3746886402684974,0.258638600284894,0.5971899985676755,0.27229438874207906,0.3724681059664064,0.5197849707061301,0.2813095004206636,0.3090682099773758,0.31448562293973104,0.24026739809353734,0.3843062888372939,0.3937143110981625,0.05483816504331577,0.08530815787821046,0.11781510376541914,0.7690531214592711,0.022559100980425958,0.16715863997990418,-0.02830830116653661,-0.08295102024105643,0.025169103675090367,0.35941885078005315,-0.06682193311929124,0.001847740366192511,-0.028256309945267462,0.008848964547170738,0.07142113430328276,0.04089384484217066
0.26365703360560805,0.30396411686460945,0.23568018157921583,0.5226224835577958,0.7167716131106197,0.9026575761091927,0.31354189829082413,0.40361156575233464,0.26751993282580133,0.3348443183149203,0.37218089612093236,0.26719496516015334,0.23804846794432832,0.32469088667716506,0.3778478468396411,0.2782226828362231,0.4348070098476553,0.24419308536498496,0.2953384529322664,0.47854512934345833,0.3392651332903163,0.44275583243206496,0.2534463571340226,0.3547864256276881,0.31246451182625645,0.4088194339861103,0.28296940657707975,0.24726486933478006,0.43964649065010836,0.10897403333773414,0.32373282831218914,0.37917953525230547,0.2106338447081194,0.49886545088770035,0.11896094793803742,0.23729931952650732,0.4795732230422714,0.300067732882067,0.39204441335375023,0.18448276465316257,0.17645164924448561,0.33814153752478876,0.3741559055828492,0.07378048842296618,0.12801132331936446,0.2665661001485206,0.6774219774606239,-0.009718273745045457,0.3220085268036238,0.2655292196836024,-0.13286468880613042,0.17263740795068513,-0.3224840963968197,-0.03197751662824623,0.025732964552725775,-0.020616109744381786,0.05877937952738335,0.10114883562697961,-0.12496977412626382
0.26226151947956305,0.20442479832971694,0.23826911917521978,0.4252687097951662,0.3879792911669104,0.31354189829082413,0.5633955259589698,0.20422430847218817,0.3113502606251532,0.24083570903195672,0.2554101096068074,0.36724853613199204,0.17815502822005924,0.27304752489721795,0.20632832618593075,0.27958048249371237,0.2745290097563768,0.2950618151780593,0.08526731526769254,0.22313119799170256,0.24435394714287786,0.32913201803148784,0.3008394316438431,0.2489415583350927,0.26988242590846645,0.2658327284312695,0.23179425055009792,0.13128572229790436,0.23606286182359032,0.1291361336112725,0.25319339070392466,0.27682237827791983,0.22633379645260876,0.320118467080931,0.10664024786950961,0.37039077029177675,0.22571104155946947,0.16248335228257246,0.2733139741348867,0.1271791631976807,0.13876011461233936,0.2463450167917757,0.22629391314560135,0.031315901239759115,0.03827927010604527,0.21881617447706223,0.3010046599338447,-0.005834554187268551,0.32682267955395705,-0.12213011772291821,-0.02971781649877754,0.14263111491553468,0.052761972270933113,-0.0913734387720424,0.07779937162447663,0.03100126920239061,0.0058169429054874,0.06177679610895605,-0.16434991614482253
0.20088460923204038,0.2721031974048477,0.2742359735326811,0.3190414426734688,0.15063123599053438,0.40361156575233464,0.20422430847218817,1.3795964759975883,0.0009340394233751148,0.35849992925520463,0.5025030368181653,0.37353320161314607,0.3036543403312319,0.3159220373570604,0.30544787110962407,0.295124115075027,0.504964257733693,0.3430343104835969,0.37331096059304375,0.5219405449495895,0.22730564493893363,0.2957270760794953,0.263187627525068,0.19993168356597127,0.45643153813715664,0.26271584905632817,0.3128134438320735,0.32626784077172,0.38287183807071296,0.07933975471812806,0.2658975746766512,0.3718813793967044,0.3086211781634432,0.5695844896876524,0.15790127883364768,0.10308935114915826,0.5895889257880594,0.26890432440886936,0.6563523982673948,0.240247666987203,0.199148945870509,0.258540319510955,0.3302034865492622,0.052125914882008004,0.14510841788645729,0.2920521667868875,0.8515480127550227,-0.0007831745406697641,0.33828339691324555,0.2437319030471524,-0.035272915829793285,0.4416350610464345,-0.4183746211517268,-0.15043896374335877,-0.0029386221023832452,-0.1304357728031408,0.1318790658826854,0.40933640988209175,-0.3472140138089602
0.2067145048184234,0.3336301628262601,0.5426500499607346,0.21342534123427168,0.10451737908461545,0.26751993282580133,0.3113502606251532,0.0009340394233751148,0.9350938121515262,0.23412067554091234,0.09552831188173194,0.11073161712412613,0.1416298645912023,0.2544710275643915,0.2587176808008692,0.13556368275252884,0.1968114778502505,0.2331054296451804,-0.039088559021644806,0.15798140741348177,0.2471072414649891,0.2920335620528613,0.3376117415518526,0.284542641367466,0.15353835020251988,0.3704946218680423,0.14859368395779665,0.14522355898336303,0.15400559595526758,0.022845868839384463,0.23301610644393478,0.22542768998675958,0.2670969423713819,0.2568071384364545,0.13952836011039582,0.281276570065983,0.21108174639926638,0.13770962158718938,0.15599054121032513,0.058187775193608196,0.13503884768917623,0.23294959382853092,0.15961648667147116,0.013451664939888548,0.026309133227827824,0.2510612747545415,0.3533491532674901,-0.007276727449988323,0.3774654698835617,-0.024973550719735445,-0.025755763358382932,0.057376034800065284,0.11835175428927905,-0.12812602298878611,0.1074806824665579,0.12203481478432594,-0.02940870383905551,-0.3058425339261029,0.16285705834996325
0.10820864061806525,0.1841583915498616,0.051298338011754166,0.411709525770766,0.3991149439562622,0.3348443183149203,0.24083570903195672,0.35849992925520463,0.23412067554091234,0.961540285329884,0.38209941674567816,0.3283320651026025,0.26190661226545203,0.25990476305593546,0.36205949927380066,0.2031695825557036,0.4196810617316762,0.33277062116502454,0.20391969820850128,0.2818307871990889,0.217221761639308,0.3035377375801755,0.40782833184032447,0.3675573192714918,0.315544763298053,0.2270484663314463,0.2447332524195061,0.2698979480795638,0.34443137425562514,0.2609299920741554,0.3068898183503245,0.2679979682463626,0.27400233718721545,0.4015751276599429,0.293249721963891,0.37370083444158825,0.4713159167057376,0.18663901575883665,0.39091946772053643,0.19932860780402326,0.29025643132489065,0.2352151439901445,0.18415678458592333,0.03167758616704987,-0.015664841415270515,0.261209598854067,0.731902383222421,-0.007968402811757053,0.11339127956988021,0.2623548846692561,-0.08276601869851744,0.09771477374987186,-0.058520231697849305,-0.08461160623845226,0.0818424084914273,-0.02147466487207332,0.018998056868574042,-0.3796581034823809,0.3797728301152479
0.1994737951655115,0.1713729791874633,0.13251357092944735,0.3194944105084759,0.3709029991030092,0.37218089612093236,0.2554101096068074,0.5025030368181653,0.09552831188173194,0.38209941674567816,0.6431500633269578,0.36807470902354145,0.2566653630874568,0.31239315023914205,0.363568468207909,0.25688546562020975,0.4261245846376641,0.2913476627981924,0.21487061022046056,0.389980876041241,0.25967335869012037,0.2790190134873565,0.28472762177820793,0.2743394851883407,0.3309915424624925,0.2673212656774476,0.27601096936048336,0.22437197842930454,0.34798986416424516,0.18249205920037423,0.2734370648239801,0.320057401024945,0.25244660115700013,0.40481414608171806,0.21320930159664386,0.24647848315778562,0.4133684234403296,0.2243848550949037,0.4269839023339249,0.2040838778115632,0.19742440609495573,0.2728758009983478,0.27022791935553997,0.03926102919344974,0.11372903814559245,0.22968642829055202,0.6438708904599059,0.007619750207386205,0.12830824026463233,0.1281680048978372,-0.06867018466688779,0.11998246514333243,-0.028293843152669206,-0.05501540329381372,0.020486114427548607,-0.06103679774726709,0.09877980533942125,0.11102991174236922,-0.1404063976640858
0.221152351501018,0.16359387930080813,0.13264798088718166,0.4017557568772872,0.4191693312860197,0.26719496516015334,0.36724853613199204,0.37353320161314607,0.11073161712412613,0.3283320651026025,0.36807470902354145,0.8396824057213726,0.2199130188295342,0.3096412020003099,0.17680875136107546,0.3358654103534909,0.2437689287613379,0.38735319421930736,0.21197919257201808,0.21219119673713108,0.20109542419134463,0.23775614439577508,0.2688662793777128,0.20005772211752781,0.3878089143927133,0.2063180376850045,0.32018367396106456,0.12561650970386762,0.24255209498490216,0.11591348339340878,0.2544043272392833,0.3360654813046164,0.2502806023840368,0.3288132808391153,0.05911568464694608,0.3410818516243372,0.13195120533978857,0.15004809989499807,0.35200546289199036,0.18087755975140205,0.07932820775771615,0.22619364460868369,0.2342465911486784,0.027921833724781412,0.029712572813824483,0.18219819117724434,0.4150453896464183,0.013817528187605592,0.2288289366807873,-0.39272467601280625,0.03506989886513508,0.32313444962643917,0.01699133568527469,-0.10067855535507839,-0.0008438186994111233,-0.04459548542157331,0.05772911152363614,0.11120522393918585,-0.10823172460582307
0.12254664820621765,0.1549874526905843,0.10158653319626171,0.22747368682734206,0.25743539875502874,0.23804846794432832,0.17815502822005924,0.3036543403312319,0.1416298645912023,0.26190661226545203,0.2566653630874568,0.2199130188295342,0.40395496027725264,0.1995203114140877,0.1579073682707586,0.1960016929414692,0.22896985869461026,0.2090111681670767,0.12991126765224167,0.1778531162863087,0.16788824358046345,0.2404732060717612,0.22940606602999028,0.18268046562317652,0.19505316787151228,0.15208699352157357,0.21149522811047514,0.19777480744250525,0.2554458434220323,0.15551676560173383,0.17310918724158297,0.2314214079440107,0.19168093791381766,0.2573291673764224,0.14629851063630583,0.20854210068569154,0.23581563876287817,0.10984859774925149,0.29761569975954466,0.14366482351980442,0.1384503667550134,0.1780091943467811,0.18990738148017047,0.03308630220551913,0.029381962092445816,0.21567108396337803,0.3900266526205707,-0.00699131234747117,0.17562939312261688,0.1532613693475335,-0.018525341588087312,0.11715769954771697,-0.15989956359906635,-0.05316638776182465,-0.038124326024189824,-0.05627005576325069,0.04997343099318778,-0.040344662143169646,0.06918149944778726
0.23361604833904115,0.15922196646538556,0.10882425782199158,0.41325566541532505,0.4161682606252131,0.32469088667716506,0.27304752489721795,0.3159220373570604,0.2544710275643915,0.25990476305593546,0.31239315023914205,0.3096412020003099,0.1995203114140877,0.6713993094240938,0.29025282080478293,0.3768657679328096,0.3490493660687118,0.30376110282352653,0.16769327697790393,0.294277461704702,0.28438338971086813,0.36564376779957775,0.28509696880921065,0.22722569634658735,0.3103692611207739,0.357693005855851,0.26135138462219226,0.10585973866337313,0.3160788114073305,0.21332938255485054,0.26392250301504294,0.5358147634345058,0.28996707921694104,0.38369703388453597,0.21043558350298372,0.20692701463632465,0.2726858009353168,0.23988369896502304,0.2730711784149089,0.19794816477637878,0.2579997385291512,0.30258187634777767,0.3367849970983437,0.03015557043423805,0.025134054343443925,0.218531495066126,0.7457083843382892,0.0008787505695740715,0.46521965114816033,-0.006767228940340926,-0.06965400864489964,-0.03914917801901004,0.31321003521606455,-0.08067836966942532,0.01734976181783787,-0.0987503550025464,0.12407253395602384,0.08913502071541556,-0.08289819455910985
0.22714121433618384,0.27902733141180025,0.30596606650366726,0.2635325561616053,0.3279807056607519,0.3778478468396411,0.20632832618593075,0.30544787110962407,0.2587176808008692,0.36205949927380066,0.363568468207909,0.17680875136107546,0.1579073682707586,0.29025282080478293,0.8671910272552962,0.21500337866139435,0.44204098483608356,0.34017936477280897,0.19458144036752986,0.426090378968462,0.2843251387816007,0.23741416726664194,0.333909898049566,0.32264799607558037,0.33417435228985,0.304685385302112,0.2361111029492127,0.32991983123955343,0.33193776303281664,0.18485808948244045,0.3251656293510146,0.27936633601172406,0.31250983687333195,0.4126147176315363,0.2666952420186644,0.31208853988797,0.6142674237712384,0.24350203764018202,0.33819952184434027,0.1322766345122754,0.2472035856468032,0.2855792690005987,0.2418134855283289,0.022197321453711488,0.1724913129991853,0.2331771740322784,0.6022894307691241,0.015158357884942724,0.11175368091142464,0.4970486674933691,-0.1408793302355349,0.2245541630192681,-0.26176049799825646,-0.1383884925371831,0.11285395047808551,0.06519591000982886,0.053861267525793226,-0.07671854614962552,-0.07777281427636835
0.1794937554272729,0.1507737262136906,0.07679186508692262,0.3705302615770993,0.41936298004462047,0.2782226828362231,0.27958048249371237,0.295124115075027,0.13556368275252884,0.2031695825557036,0.25688546562020975,0.3358654103534909,0.1960016929414692,0.3768657679328096,0.21500337866139435,1.0263600671989848,0.2772478319583602,0.31345415843848845,0.3386495579608445,0.22710298571440862,0.24027416724677006,0.26097998332198896,0.2315927094198289,0.22670948274634523,0.40059004469635756,0.15688446235439713,0.3520118469749476,0.24679595559401915,0.27914429354880577,0.334097768032639,0.273639184072694,0.35489735012169127,0.26062264297954124,0.3531859692903583,0.28091983911197005,0.30185574431579015,0.32928085251823036,0.17190812851276405,0.3798983126072916,0.24232478043521566,0.2236285651775205,0.2956881649975832,0.3542330935034697,0.06798310293442265,0.13290595156037413,0.18361663760980262,0.529836144393266,0.0029370645059742964,0.22395509979545972,-0.14529566194296625,-0.012628117317519156,0.1930079003466215,-0.010817010582209638,-0.14680190186823888,0.0121473242050226,0.031304427448222094,-0.0676481712197548,0.22292723558888464,-0.11368860427157351
0.16155936808542162,0.11865840607665776,0.10670096404710447,0.3723989571283189,0.3691135821218515,0.4348070098476553,0.2745290097563768,0.504964257733693,0.1968114778502505,0.4196810617316762,0.4261245846376641,0.2437689287613379,0.22896985869461026,0.3490493660687118,0.44204098483608356,0.2772478319583602,1.1184865975047908,0.4097910064486214,0.1795626404717983,0.5300952341305848,0.3356065915007481,0.4454396696706802,0.4215944925759807,0.3205023480403226,0.4079678258919807,0.29549678096857607,0.30502957181713647,0.32523904307394513,0.40947481336849345,0.2728812633319923,0.38141836721210515,0.32502562327005213,0.3882627175809181,0.532525444285734,0.34810364987423936,0.2751006422939206,0.775400022766665,0.3364070187564031,0.4557041932164855,0.24607269197678336,0.34587017670626596,0.3426359282139543,0.3858329574727207,0.023115859767238695,0.1712974862644968,0.31065066225278815,1.0425846853908132,-0.008077873060939607,0.29203071322421237,0.2925093719841545,-0.15434789093515433,0.1338358923936844,0.034992876007988845,-0.050804879162579926,0.09355077654241317,0.00438181456314795,0.04550244986382611,0.08276052481405052,-0.16706340563677613
0.27425013898101575,0.28869937764906023,0.18139295019074775,0.325760009707954,0.44315156664517963,0.24419308536498496,0.2950618151780593,0.3430343104835969,0.2331054296451804,0.33277062116502454,0.2913476627981924,0.38735319421930736,0.2090111681670767,0.30376110282352653,0.34017936477280897,0.31345415843848845,0.4097910064486214,1.569667942323587,0.13429425913741136,0.1297921327061294,0.37627850027702486,0.21937431361966386,0.7589608789400107,0.2188801071525383,0.40044872643487944,0.3832092198810712,0.27580289442720585,0.3143674733969039,0.4436970707902573,0.19400112812568485,0.4868109792834545,0.2725699697642907,0.40449890091567353,0.4327259320998996,0.2864495511593694,0.619837362419278,0.522135200954184,0.16096516856395873,0.2854211840059869,0.2572340811611719,0.3604609128335954,0.35082178424327637,0.10655007722990475,-0.03206184229752649,0.1591256891938351,0.34050373641577164,0.7686234969779663,0.005608851545140649,-0.032861115873593014,0.2136400626381438,0.06957225001054415,0.4790358575127264,-0.10148314797375599,-0.31137285110442503,0.017782913746156752,0.01471908183475166,0.15535120351928378,-0.007786352828441081,-0.19969530985155523
0.10267021266682058,-0.09522243978746284,0.13953483173746445,0.07628456750578799,0.17969204828382998,0.2953384529322664,0.08526731526769254,0.37331096059304375,-0.039088559021644806,0.20391969820850128,0.21487061022046056,0.21197919257201808,0.12991126765224167,0.16769327697790393,0.19458144036752986,0.3386495579608445,0.1795626404717983,0.13429425913741136,1.5504548604384352,0.23416001293241476,0.15688266347741434,0.2538140611147868,-0.3097318713183442,0.1191321191810929,0.19191194092720604,-0.15699067486131518,0.19122534536562139,0.30429218364738125,0.11155609524903742,0.1696798210921179,0.2875426578073838,0.17417405248851617,0.35485925198639157,0.15675690528281863,-0.011137970104030205,0.5100887330870257,0.6332509431585704,0.1627075736421988,0.5273527694212465,0.043902119997795266,0.14075970413459013,0.1453945954453191,0.0055626643000219545,0.07018813896256916,0.16418310110412465,0.05927933463860064,-0.12488050104351352,0.0222743862752698,-0.06596021052163069,0.445298462433201,-0.059662010309696215,-0.020758473796543234,-0.3807217242637026,-0.0432213221337853,0.09102293386061765,-0.004089596246176869,0.1601903948984348,-0.06620171679108026,-0.11529313959713472
0.15430933303810365,0.3513043473404919,0.23237059295051557,0.3167687011137865,0.37375201968187466,0.47854512934345833,0.22313119799170256,0.5219405449495895,0.15798140741348177,0.2818307871990889,0.389980876041241,0.21219119673713108,0.1778531162863087,0.294277461704702,0.426090378968462,0.22710298571440862,0.5300952341305848,0.1297921327061294,0.23416001293241476,1.1345338195769603,0.23487867021048753,0.14772777861143466,0.2569716553781552,0.3524373994584406,0.3504795359753115,0.3349729354241333,0.34620512734368514,0.34780622272975453,0.431310580844436,0.28909088389950144,0.33174519155268783,0.2869051112040727,0.28617522935217865,0.5648584217693073,0.3603039608256139,0.22451559603927718,0.892235071383092,0.5061755480161512,0.5229195580527354,0.3087814547839571,0.2601212880073873,0.29717975955625714,0.4825104527623703,0.033160544398373966,0.44543134824914465,0.2577564479280745,0.5673722549372874,0.0877197014532703,0.22474236106022794,0.21857227468091375,-0.13140921740468073,0.2537538685997195,-0.10670506601697993,-0.17911727928635626,0.04740995694971831,-0.04700946984204768,0.11623185211890617,0.007358223224504923,-0.07090936144357973
0.20155090880862436,0.301536609576407,0.21253622993421725,0.3197353486538879,0.3656469963338361,0.3392651332903163,0.24435394714287786,0.22730564493893363,0.2471072414649891,0.217221761639308,0.25967335869012037,0.20109542419134463,0.16788824358046345,0.28438338971086813,0.2843251387816007,0.24027416724677006,0.3356065915007481,0.37627850027702486,0.15688266347741434,0.23487867021048753,0.5573191318659173,0.2531006652605037,0.2972936105536235,0.22301700601326355,0.2461526261099583,0.3511758342417673,0.19106873939324656,0.1996560772331057,0.24702555807214763,0.1897392738364292,0.315478737513077,0.27639146893521677,0.2982556512583209,0.3011291242372576,0.18907791968939103,0.3730725304240049,0.2937180233253889,0.1903575986323157,0.2492424601271173,0.17154962641410693,0.2937488894994963,0.46861453305774026,0.17076630468406834,0.03252317973261275,0.17939785470353722,0.22362721382842757,0.6493644767097121,0.02824729558340998,-0.001500918901197172,0.09556790718851815,-0.03906865398838553,0.11362484299319395,-0.001731749423232435,-0.08947939800285919,-0.032000110278837354,-0.0191793453698877,-0.06759898713837575,0.11872100487492529,-0.04541663077635816
0.21795902676587503,0.11717836639216903,0.1758201949574347,0.32278034615035694,0.3430067184595103,0.44275583243206496,0.32913201803148784,0.2957270760794953,0.2920335620528613,0.3035377375801755,0.2790190134873565,0.23775614439577508,0.2404732060717612,0.36564376779957775,0.23741416726664194,0.26097998332198896,0.4454396696706802,0.21937431361966386,0.2538140611147868,0.14772777861143466,0.2531006652605037,1.8399569320951223,0.2263874219064394,0.20564228298157433,0.18031880612031534,0.13737525078073765,0.26777238703124373,0.36567398683299646,0.41231204457479104,0.4505991871511238,0.3536798950054484,0.4904546631268309,0.362089220506038,0.500506483429033,0.2610590199453974,0.46734301514516846,0.28817952312169753,0.3126021430747676,0.5530560522404216,0.23541033031384373,0.30336588765360073,0.2535146758180961,0.5977476659786374,0.07706968807374963,-0.3449397053638373,0.8096792130073918,0.5450808311221673,-0.29294469454208627,2.4745656127184135,-0.0709710041102095,-0.031094633244711515,0.11608852963018847,-0.36717188401473916,0.008120288232892358,0.04085769874632615,0.037879753984257004,0.07088621850545399,0.00018629106011804742,-0.14264620419205631
0.14756286825918744,0.03676279438793969,0.005209885466246863,0.3754558360116919,0.47235774367213096,0.2534463571340226,0.3008394316438431,0.263187627525068,0.3376117415518526,0.40782833184032447,0.28472762177820793,0.2688662793777128,0.22940606602999028,0.28509696880921065,0.333909898049566,0.2315927094198289,0.4215944925759807,0.7589608789400107,-0.3097318713183442,0.2569716553781552,0.2972936105536235,0.2263874219064394,1.7226736827781841,0.5331643261988468,0.5319402180955431,0.12708918108050896,0.20246701618197965,0.30835066415546225,0.39434302547603,0.4266167375728089,0.25292389754993777,0.20408619409375675,0.5187749929726349,0.4182645307839452,0.4314780178403697,0.2922006633006941,0.6995295569084298,0.15963802928272047,0.5447180249370837,0.28671772383067184,0.33438591538416823,0.3169314830581895,0.24501902779059595,0.019945882005257456,0.02234750677470986,0.3401391009565311,1.1422286424145138,0.04597516221828231,0.22546662985162155,0.3021066869909501,-0.14100729820644384,0.04794325861564712,0.33541901909746163,-0.18820031870967352,0.17802444061163206,0.10852543600403425,0.13200148495170339,-0.30260245979411543,0.03144935035347498
0.02681555683316348,0.05102556888658476,0.06632562081906039,0.28328617296855524,0.4246948069951383,0.3547864256276881,0.2489415583350927,0.19993168356597127,0.284542641367466,0.3675573192714918,0.2743394851883407,0.20005772211752781,0.18268046562317652,0.22722569634658735,0.32264799607558037,0.22670948274634523,0.3205023480403226,0.2188801071525383,0.1191321191810929,0.3524373994584406,0.22301700601326355,0.20564228298157433,0.5331643261988468,0.8914551641190009,0.30375937073676285,0.2271417557802551,0.20284698406083831,0.2911177393296381,0.2621879095649026,0.3761097243127555,0.34612261393166655,0.21866956938864338,0.3098874362182654,0.10421236740395777,0.3176075742058039,0.47566377084150646,0.37782125691280743,0.21635087862368269,0.3268371496678099,0.19000922579858476,0.23519433609364124,0.24817358977325707,0.20664853239811848,0.05298515941620579,0.15763861116448677,0.18247157853100554,0.5482411475091353,0.03531674097389246,-0.06682079114296612,0.20234889225983702,-0.12936643064422565,0.02271161381596747,0.035783391648972436,-0.04773897128748178,0.13225958846730188,0.10022627095666166,0.24652402133630408,-0.675582257116312,0.32508681654457083
0.20285811222613684,0.1828129263750763,0.12839214715542543,0.3636706303611105,0.37956943648246344,0.31246451182625645,0.26988242590846645,0.45643153813715664,0.15353835020251988,0.315544763298053,0.3309915424624925,0.3878089143927133,0.19505316787151228,0.3103692611207739,0.33417435228985,0.40059004469635756,0.4079678258919807,0.40044872643487944,0.19191194092720604,0.3504795359753115,0.2461526261099583,0.18031880612031534,0.5319402180955431,0.30375937073676285,0.9695727574624023,0.1568547795524074,0.271880759471105,0.16701114647678902,0.37529743452402836,0.2926374874533635,0.2869486866448836,0.27535613556656485,0.29386615571837293,0.5012913831591188,0.2889781093932678,0.21901008494225746,0.4561957442498705,0.22643881208683167,0.47862285344924566,0.2176230951881495,0.20448265289220624,0.27709954440930934,0.3266442464810298,0.05370549578200523,0.12643074643180016,0.2010139813135124,0.7426614578417507,0.019879555634026356,0.12844527304895773,-0.4036443647757395,-0.0836052966540563,0.2899789816163,0.24669430724283786,-0.14042929070962534,0.07536680054790826,0.003540816446037249,-0.020424014667868584,0.14144944347559635,-0.12006906243998468
0.2230516317766892,0.4296908850926406,0.28509355812272513,0.40209877700181573,0.4134059497474852,0.4088194339861103,0.2658327284312695,0.26271584905632817,0.3704946218680423,0.2270484663314463,0.2673212656774476,0.2063180376850045,0.15208699352157357,0.357693005855851,0.304685385302112,0.15688446235439713,0.29549678096857607,0.3832092198810712,-0.15699067486131518,0.3349729354241333,0.3511758342417673,0.13737525078073765,0.12708918108050896,0.2271417557802551,0.1568547795524074,1.657850775745175,0.19658486860418667,0.009067649846413364,0.1896557259416381,-0.3324780327593223,0.21619329417206068,0.36441670261356995,0.043756999358148425,0.363665618863413,0.13211550972476044,-0.0012788619565738649,-0.3129001817923719,0.2068171092747868,-0.37182468869632257,0.13276130245206147,0.20902297247311816,0.38013213208403174,0.4905628979553307,-0.02001734015783484,-0.07690091451381402,0.15510893238118795,0.49061214945630377,0.03696132548350143,0.05728243565142648,0.1707745839430302,-0.14952543713840535,-0.022337775777839377,0.015441479881552997,-0.05874669875515789,-0.0880098845301018,-0.044904928240192134,-0.15182528058455033,0.27039244177375377,-0.021442996633624114
0.16525640779074802,0.17500503264970116,0.14140600732100114,0.26645746688661337,0.30927216276359787,0.28296940657707975,0.23179425055009792,0.3128134438320735,0.14859368395779665,0.2447332524195061,0.27601096936048336,0.32018367396106456,0.21149522811047514,0.26135138462219226,0.2361111029492127,0.3520118469749476,0.30502957181713647,0.27580289442720585,0.19122534536562139,0.34620512734368514,0.19106873939324656,0.26777238703124373,0.20246701618197965,0.20284698406083831,0.271880759471105,0.19658486860418667,0.5779546649981894,0.24401030646722577,0.2395741844981518,0.23249730006226813,0.2747136399359046,0.3081044837318343,0.24054294530919446,0.34133945552528594,0.1847597394321108,0.37079081865733615,0.3611026153282783,0.2063610578295619,0.31996649795798054,0.19327697273420313,0.16504933543812686,0.2196662524082397,0.40047402706767743,0.018750980995769707,0.1307815660319378,0.247195175635075,0.3871451234317191,0.01021589706829256,0.18175639477047317,0.031227449339598395,-0.026768909294520502,0.2715381185629676,-0.1763751210910905,-0.09876687390402175,0.02557069322124663,-0.011756499036746762,0.09021858091571958,-0.012124912037481202,-0.045812030650592084
0.08735024385858488,0.10278426781269716,0.14258104895223267,0.11567138239606534,0.11753534621261652,0.24726486933478006,0.13128572229790436,0.32626784077172,0.14522355898336303,0.2698979480795638,0.22437197842930454,0.12561650970386762,0.19777480744250525,0.10585973866337313,0.32991983123955343,0.24679595559401915,0.32523904307394513,0.3143674733969039,0.30429218364738125,0.34780622272975453,0.1996560772331057,0.36567398683299646,0.30835066415546225,0.2911177393296381,0.16701114647678902,0.009067649846413364,0.24401030646722577,2.1955976177482897,0.024527482844460814,0.5494399944283911,0.352347880043985,0.36587413132620616,0.7997694943282657,0.3116621988815897,1.0985919529972854,0.552089231418268,1.1410692750473628,0.2363658347956552,0.44350861589010565,0.29622068848305166,0.27486397401954704,0.22403718669442318,0.29089947289456397,0.020885908616800185,0.30478050236517235,0.41271634342267494,0.32801917016672977,0.027675668488260037,-0.03913436133627149,1.1534606403329972,-0.05132727132731505,1.2364163600295572,-2.1867118500374674,-0.08969553714775323,0.2375289542051837,0.011412756867790343,0.2646551956421256,-0.3011091263865524,-0.07814515057171292
0.17347672197268613,0.31604712733815965,0.0867178812641882,0.3535234940877971,0.3396978159067,0.43964649065010836,0.23606286182359032,0.38287183807071296,0.15400559595526758,0.34443137425562514,0.34798986416424516,0.24255209498490216,0.2554458434220323,0.3160788114073305,0.33193776303281664,0.27914429354880577,0.40947481336849345,0.4436970707902573,0.11155609524903742,0.431310580844436,0.24702555807214763,0.41231204457479104,0.39434302547603,0.2621879095649026,0.37529743452402836,0.1896557259416381,0.2395741844981518,0.024527482844460814,1.8811727685133874,0.5730763355822461,0.1992858284482045,0.32788957074713443,0.008313370286248876,0.4772144837832193,0.1848769406894927,0.23732040821309147,0.05957680968086441,0.15960484100909425,0.39585678269504276,0.21604581778096685,0.3742784208402029,0.2437447122975444,0.1957341156625661,-0.03542794463204546,-0.06843088644625361,0.4128271429444972,0.8732861243910292,-0.06101766471682597,0.5655016842612586,0.5728865199886333,-0.24775140018088598,-0.04048193291543424,-0.2280796913157747,-0.07640681423363649,-0.08893584842590785,-0.03569496183135903,-0.0763781539962775,0.20316193785000075,-0.0662369462619768
0.12421325024940329,-0.0728832863735427,-0.4214911130848385,0.19450403696713262,0.2364762849082577,0.10897403333773414,0.1291361336112725,0.07933975471812806,0.022845868839384463,0.2609299920741554,0.18249205920037423,0.11591348339340878,0.15551676560173383,0.21332938255485054,0.18485808948244045,0.334097768032639,0.2728812633319923,0.19400112812568485,0.1696798210921179,0.28909088389950144,0.1897392738364292,0.4505991871511238,0.4266167375728089,0.3761097243127555,0.2926374874533635,-0.3324780327593223,0.23249730006226813,0.5494399944283911,0.5730763355822461,2.4918812247408377,0.29282522102550873,0.21726485788106553,0.32932188476011776,-0.016905328426058203,0.9440709684321399,0.291169372061505,0.4333908577194211,0.25919920737252683,0.5610507611745666,0.3199679323602587,0.6293953271386659,0.2648192926108588,1.1110214489505992,0.18962083796094278,0.4304540145182053,0.44337704548723045,0.8849020161209106,0.011741592602067698,0.40129130936293844,0.14712300232039832,-0.1608600108462609,0.1389715668031761,-0.07130420790457329,-0.051625260581793786,0.18927674690939963,0.006179308898692652,0.03347771823944239,-0.054440093280897814,-0.111561123007946
0.18703378289638548,0.210458731092147,0.2092773040749886,0.3017592751635347,0.4151553078486325,0.32373282831218914,0.25319339070392466,0.2658975746766512,0.23301610644393478,0.3068898183503245,0.2734370648239801,0.2544043272392833,0.17310918724158297,0.26392250301504294,0.3251656293510146,0.273639184072694,0.38141836721210515,0.4868109792834545,0.2875426578073838,0.33174519155268783,0.315478737513077,0.3536798950054484,0.25292389754993777,0.34612261393166655,0.2869486866448836,0.21619329417206068,0.2747136399359046,0.352347880043985,0.1992858284482045,0.29282522102550873,0.9940545568203288,0.27827471949067145,0.3483361521136612,0.29739935736375867,0.24838399601338232,1.037200716742203,0.46222350174188287,0.292844835672548,0.3633306206301462,0.2095825631077635,0.3169195405348514,0.3117840825539947,0.11983351688394402,0.04917996778011399,0.1883330868797576,0.2530074648062773,0.4816567507260715,0.004316530103107176,-0.281063773732804,0.18359505569496923,-0.023096332989500565,0.3456164708061705,-0.2321382380104106,-0.1290653718879307,0.039495974281378105,0.032901995045143594,0.08773183482960292,-0.14641682676231366,0.002075002483392528
0.2235877508697739,0.19605511814564983,0.1641639805252754,0.36200460955673736,0.3746886402684974,0.37917953525230547,0.27682237827791983,0.3718813793967044,0.22542768998675958,0.2679979682463626,0.320057401024945,0.3360654813046164,0.2314214079440107,0.5358147634345058,0.27936633601172406,0.35489735012169127,0.32502562327005213,0.2725699697642907,0.17417405248851617,0.2869051112040727,0.27639146893521677,0.4904546631268309,0.20408619409375675,0.21866956938864338,0.27535613556656485,0.36441670261356995,0.3081044837318343,0.36587413132620616,0.32788957074713443,0.21726485788106553,0.27827471949067145,0.7538771135757439,0.2756482190424376,0.4112148778553443,0.16558467770393015,0.32388919508394887,0.22800502622323635,0.23425286845608614,0.30813570029568627,0.19858785209731752,0.23213086074137226,0.30293717877857246,0.37813695253647134,0.04026063032625963,-0.005283091290160046,0.3103423613226592,0.6023173870333695,-0.02544494531279548,0.5146827967496101,0.14399123444020762,0.01474896637997782,0.5535478542762793,-0.6548184236270281,-0.05569248055584736,0.009060879514661344,-0.13671441907732756,0.28026000096914655,-0.05428077026608661,-0.07387632673561981
0.21335928265033247,0.19988318331315824,0.2706910319130503,0.2596269366516171,0.258638600284894,0.2106338447081194,0.22633379645260876,0.3086211781634432,0.2670969423713819,0.27400233718721545,0.25244660115700013,0.2502806023840368,0.19168093791381766,0.28996707921694104,0.31250983687333195,0.26062264297954124,0.3882627175809181,0.40449890091567353,0.35485925198639157,0.28617522935217865,0.2982556512583209,0.362089220506038,0.5187749929726349,0.3098874362182654,0.29386615571837293,0.043756999358148425,0.24054294530919446,0.7997694943282657,0.008313370286248876,0.32932188476011776,0.3483361521136612,0.2756482190424376,1.7515458071880374,0.0999266291986471,-0.03340312005225937,0.15978613172637907,1.0307980823151337,0.2658544818250189,0.4177223867371045,0.034590644394835945,0.02677706966407921,0.3725170222685596,0.34273943891816594,0.05267797521391851,0.22887958854692886,0.20831707977450517,0.8559040521286558,0.02415396711945915,-0.11264545427502641,0.36282643343993,-0.1736141594809791,0.1674892667035926,-0.09541621409561321,-0.2805185914359739,0.11164992324064185,-0.05304898318913751,0.06491760936375436,-0.04481956959209798,-0.04991017810330243
-0.08367311177855509,0.27105168073166963,0.09255210457795958,0.5155166197046636,0.5971899985676755,0.49886545088770035,0.320118467080931,0.5695844896876524,0.2568071384364545,0.4015751276599429,0.40481414608171806,0.3288132808391153,0.2573291673764224,0.38369703388453597,0.4126147176315363,0.3531859692903583,0.532525444285734,0.4327259320998996,0.15675690528281863,0.5648584217693073,0.3011291242372576,0.500506483429033,0.4182645307839452,0.10421236740395777,0.5012913831591188,0.363665618863413,0.34133945552528594,0.3116621988815897,0.4772144837832193,-0.016905328426058203,0.29739935736375867,0.4112148778553443,0.0999266291986471,1.8129585505470636,0.6339324186858574,0.17875696258242804,1.0268966409575109,0.3254805431883914,0.37790986164934726,0.2524039127038711,0.35718634372538033,0.3322707497853116,0.6041583466431963,0.07592353559418508,-0.24741592400949836,0.3558134449778064,0.8054038501106348,-0.023815573280053643,0.9047540943282285,-0.004273337910627393,-0.09541862691466722,0.3492661680090972,-0.1172469873349793,-0.22438331906035328,-0.005232641447509187,0.021281380233964423,-0.03503722845315014,0.23368525136583393,-0.10369305196391661
