0.9723109713200169,0.35270580780048816,0.6470005373955164,0.11917798584933033,0.31427562000650167,0.24825236577872398,0.24058445977263043,0.20911785633480842,0.17756420053896,0.11341065768263621,0.20401633639724295,0.21770891015330002,0.11799182084401155,0.2283805597423483,0.23570813438667984,0.17286278192068927,0.16552833002468423,0.25996510175894166,0.09712632140915678,0.13866972987109996,0.19895217766577702,0.20767810695845232,0.13272409926964002,0.01241404883332112,0.19895844187028625,0.22498505162142365,0.16032780895087415,0.07134348232199411,0.17948540808503585,0.1178988542806851,0.16930831009476754,0.22289705109955946,0.20890805567203102,-0.08251422698409941,-0.008877453458498937,0.1535834867840872,0.08451319431339524,0.1258664953014723,0.20779502285612872,0.028649563494376137,0.11590064446325822,0.18414401181520657,0.10252238152373346,0.03151430690385743,0.13840643251775167,0.23300909374218431,0.33158729298920236,-0.005805216407993257,0.04026301862832454,-0.047078479662697896,-0.002564098404607922,0.13188551954482947,0.018857068408298556,-0.060962436856078175,0.22617690966116502,-0.09100726864046937,0.13940576496813892,0.244499486447072,-0.4945615901173385
0.35270580780048816,1.9074808429531995,0.9375635901944207,0.03558130881927749,0.11096764343327052,0.29648799819515026,0.18846684489859525,0.25720752676899183,0.277090533558995,0.14873179584759985,0.15995660556963523,0.13060645296849213,0.1333104982112709,0.1327549472366384,0.2538727827048924,0.11049268632248456,0.12701315106579047,0.1833875898166363,-0.06959809056277114,0.2843122474501863,0.28336509886186134,0.15165557306632274,-0.01605853180913889,0.04656544749972216,0.14890280421612348,0.4300244209881011,0.15260904119954466,0.09378781405607499,0.2972796147724029,-0.10102142290891147,0.17074873713615502,0.18593410000852398,0.15369037643468975,0.2079507670530201,-0.09754516368567767,0.2367069483824719,0.09560101819833768,0.1714697772755306,0.04260687221159943,0.046116232905057994,0.09879267586402574,0.2545404991455848,0.06490092617211507,0.025113033386968343,0.1788221801186586,0.3520100837026,0.22611841570633606,0.007085925326492066,-0.14000978969297823,-0.2696509663755665,0.20634323450516748,0.5830411029212547,-0.276837669800752,-0.2648565579233774,-0.42861486299674095,-0.19463006498834726,-0.32570467830107896,0.4812247418792022,0.2648118477342367
0.6470005373955164,0.9375635901944207,3.093969442659186,-0.17238135303228339,-0.571802721073202,0.2037315890086308,0.2210432414686778,0.29690734895842963,0.5081218222980842,0.03542758507420243,0.13073282118255794,0.11304305652644003,0.09259731606267027,0.07611897091094305,0.28589257521091244,0.02298088184291629,0.10473976975882789,0.10096163522798621,0.13583003237123575,0.18104499704430452,0.1941650205386032,0.1972431378383689,-0.02214519637327286,0.06310094434111342,0.10781602255838102,0.29706126295543117,0.11834875176832395,0.14248137683219408,0.059152721900331676,-0.45678927529034663,0.17700091334979515,0.1450698897115795,0.25683230188054074,0.039811349484436015,-0.26668450734265037,0.48642550389618244,0.1640684500861379,0.12446906898453977,0.13270135840952224,-0.36340027386931884,-0.04442684536586662,0.17611239346827878,-0.20545170848079788,0.02050292120441673,0.24584846117356796,0.6586392598033287,-0.03620906660342369,-0.03293522541436609,-0.5043973023998151,0.015188959138648308,0.13130334831869012,0.4486413304140216,-0.400641861841851,-0.28568441714291265,0.08560496134959661,-0.05330080225782949,0.10490914974055518,0.002184132908274695,-0.3702934725362791
0.11917798584933033,0.03558130881927749,-0.17238135303228339,1.9008125402410119,0.9986633170948924,0.5045200050709446,0.391001720943182,0.28391373331550773,0.2045239174402222,0.40786339680594946,0.29576286888551073,0.38379398286200134,0.2164043845874922,0.3961250445950841,0.26417874758504506,0.35484879763438215,0.3673378210338664,0.30456893814454994,0.0901146156807175,0.2592594127584471,0.30954808359873864,0.32165038933615886,0.34859872092952937,0.2736425979128161,0.3453708599688117,0.41005448915205767,0.2551686588154747,0.12666218682128041,0.36678914671422747,0.14442635871046122,0.2808599558067655,0.35420550569958176,0.24599179498402,0.48703405477115125,0.10947305117774603,0.2891747244461096,0.14132444690201848,0.18645491913182252,0.22912045135722994,0.19004353384987907,0.17218027511122946,0.3198981564122118,0.2662969373156933,0.037500229691899464,-0.11251554879290038,0.20238875574504106,0.6477673873809352,0.00054779801724129,0.06330165380054065,-0.05336565665339628,-0.04502371009185122,0.23238309850521643,0.0634286473346031,-0.13310124879658075,-0.1272181394385607,-0.15819223238112523,-0.5667164557487192,0.7786948232837385,0.010894560194388997
0.31427562000650167,0.11096764343327052,-0.571802721073202,0.9986633170948924,2.5321124710312737,0.7088215922233958,0.3711553874021396,0.11590280743061224,0.10590343028706144,0.3767127114821159,0.3485125982961446,0.40567318032887045,0.2360582545569164,0.41967738801313637,0.35482145709520035,0.41983287354798104,0.3642976499532555,0.42696124892323484,0.18167580124857302,0.3424277153016585,0.3651563636185864,0.34648801123360407,0.44652125944951526,0.4101442568411474,0.36712250937741914,0.42397132054718134,0.301261361108175,0.144688630438949,0.34229636655546714,0.22014500087694835,0.40387131331277826,0.38415179765762403,0.23932748236762308,0.5950110685772999,0.2594440900374452,0.35148900588230997,0.4807301980671777,0.2530895656181853,0.2531372824270091,0.3129517056114389,0.23322103539109873,0.37723360837881337,0.3649102234337353,0.05976561191843118,0.0031805626066385025,0.08471039956064841,0.7373166013379138,0.033855679806298826,0.20715006954220191,0.012831940412834314,-0.09039190583804403,0.07334271422331201,0.26292339551031807,-0.05411348395949382,-0.07760631382059621,-0.002358849915672183,0.011611544200346127,0.16521131025640257,0.014351427793524949
0.24825236577872398,0.29648799819515026,0.2037315890086308,0.5045200050709446,0.7088215922233958,0.8624710012038318,0.2993445995591794,0.4015281895095983,0.25788367109414706,0.3404756478604759,0.36623563719328933,0.27297379925515414,0.23057643480920534,0.3224933278460041,0.396933694135947,0.2770744874520286,0.4345165056875951,0.26202355320102744,0.28665232419472214,0.4558287207965497,0.3390955990400513,0.4208799050629542,0.25420421545048566,0.34688119198301004,0.31573007841449297,0.4201522198566071,0.2814529622534732,0.24196988596290034,0.44195787774582196,0.09117369688151993,0.31795521233170304,0.37339126372882186,0.2155926598574588,0.49640242617871094,0.10917096397226943,0.22239380637227846,0.4456108653790017,0.2777752883309533,0.3644759670680307,0.17963093130621707,0.1748991645309939,0.335373456333041,0.33955178342546444,0.07111075264379275,0.06187833880656044,0.24915050723643295,0.6803197415742245,-0.0023300317506562166,0.3034783395219912,0.26338930678760825,-0.1355333361833797,0.2072775648258022,-0.31739183186592496,-0.06387546565227749,-0.010794447381517264,-0.015789796899443573,0.06724741842535407,0.11989542387603196,-0.109424807030904
0.24058445977263043,0.18846684489859525,0.2210432414686778,0.391001720943182,0.3711553874021396,0.2993445995591794,0.5287450077711808,0.19405415809374757,0.28085900953107606,0.2390077510527616,0.24777939252530923,0.3535285300547488,0.1755580143019288,0.2474951441441957,0.1985274386110261,0.250098022578589,0.2675881198340754,0.27905007825653205,0.07746017665918412,0.18721948415092776,0.2379375074306694,0.3203118739581349,0.2797543258220382,0.24220604398177709,0.25551227113891484,0.28457506102919833,0.2158881973381758,0.12905804250926997,0.23953529458400633,0.09230376586403825,0.23617930932400136,0.2620739250381118,0.20405469501218296,0.2930625066218005,0.08749184592390286,0.3397546179025001,0.1582791766985304,0.13125705895242912,0.24736064285625606,0.11114196893305961,0.12202498314208196,0.23543362618842828,0.1738298840034448,0.030182943285391957,-0.04096534898350433,0.20864174791792525,0.2904075828453012,0.0014069678092307857,0.29969000817568037,-0.1003714860974928,-0.03397415605509249,0.16173022986533353,0.02178725233348781,-0.09510926795927516,0.03987399122203201,0.04656502516332527,-0.009018363294398065,0.034943417384437465,-0.10444597624745848
0.20911785633480842,0.25720752676899183,0.29690734895842963,0.28391373331550773,0.11590280743061224,0.4015281895095983,0.19405415809374757,1.4041838181496398,-0.008678175014622523,0.3653047044486009,0.5002811058025172,0.35321090974973934,0.28822354674912154,0.3081383386401723,0.29818927133702455,0.28219255694726775,0.5285728763699725,0.33776580956172036,0.39294855464828166,0.5029816723809725,0.23579432308602763,0.34344455536251356,0.2600236575514934,0.19715817080564968,0.44521970549541073,0.2853602739279674,0.32444177923487444,0.34904790897310356,0.39772383538863154,0.044078744982567204,0.2639048725119851,0.37950793965949337,0.3322381284727002,0.5862012321565508,0.14452864868959292,0.10397863040136851,0.5669673485562928,0.25208089754147456,0.6558629919729295,0.22586319866988788,0.19222134345591457,0.25712562977868025,0.28759410042651395,0.047007898239202206,0.0012978765339965734,0.32280569148236443,0.868866296374411,0.010924566867032134,0.4013581797249823,0.30964580084149124,-0.0504342729518542,0.5463634058047235,-0.4812970174984395,-0.24061781095612042,0.02294481763520659,-0.17137981369840558,0.1979387007064028,0.40359191537174016,-0.3539455983506679
0.17756420053896,0.277090533558995,0.5081218222980842,0.2045239174402222,0.10590343028706144,0.25788367109414706,0.28085900953107606,-0.008678175014622523,0.8720972869953678,0.18486636571264525,0.09112528253069241,0.10248312201583311,0.14963589726527501,0.2189184703077049,0.2108067571711027,0.08193611286323085,0.17199289616879454,0.17081157358504762,-0.0393777700736883,0.11888822512489523,0.22805411535033668,0.2708493645912802,0.29149522000977024,0.2787783191514049,0.12477705811013173,0.375787615986153,0.11843360076887767,0.1234250998836095,0.129881589857367,-0.02116045018165815,0.2033849393771482,0.1948161085472337,0.21544390840730165,0.19250490642632664,0.1130657132402081,0.24096614842444108,0.11326966487194279,0.10129957018024748,0.13108845574195602,0.03064154834794729,0.09757230469234933,0.20856166667479267,0.11801623212900372,0.009141371156178038,-0.03437683619226536,0.22713581418735643,0.28832386506658564,0.0009406542537769375,0.3031846322628073,-0.01934280143443203,-0.0256097375749132,0.014450713740328113,0.13963613628968194,-0.10239920710029969,0.07670454571184074,0.18527958011977483,-0.07963892304531622,-0.34987542297557916,0.20019250430234176
0.11341065768263621,0.14873179584759985,0.03542758507420243,0.40786339680594946,0.3767127114821159,0.3404756478604759,0.2390077510527616,0.3653047044486009,0.18486636571264525,0.9068368066949898,0.38608909850914613,0.3177022349416888,0.2453777895029627,0.25820727095767587,0.3294645777534783,0.21589278154149533,0.4240499558413469,0.2806765342866474,0.2102981438871715,0.26383570879018786,0.20783923359293133,0.30984603298382896,0.3585315440316948,0.34435902975473687,0.3009723800509632,0.22142677502032654,0.24366924171516452,0.25915736334299966,0.343841275981101,0.22216750122394038,0.28623857338003184,0.26842745247568944,0.24880056739166187,0.3877332641837879,0.26221702978090283,0.34642004466797505,0.41248353912034175,0.16008803667505983,0.36692652876101656,0.17816890013026807,0.2593174253279395,0.21920864223548425,0.1383845189791793,0.033782259641207964,-0.08836513197294524,0.2503469032993214,0.6776425554985994,0.0034127605921776753,0.14430793869640018,0.2544605440101882,-0.09331320897047114,0.13781019613701967,-0.07844459721767946,-0.08606694596129945,0.10006889985931161,-0.04729448771655436,-0.003157814029354367,-0.30689686243386705,0.3418446067051593
0.20401633639724295,0.15995660556963523,0.13073282118255794,0.29576286888551073,0.3485125982961446,0.36623563719328933,0.24777939252530923,0.5002811058025172,0.09112528253069241,0.38608909850914613,0.6253237300657482,0.36449571516713014,0.23728482647098356,0.31235533822565764,0.3427690547768184,0.2588630327302602,0.43034797769782435,0.2775064226013282,0.22662215580219372,0.3700230618148291,0.25632809627550557,0.2821845801356096,0.259413149512704,0.2554025786946636,0.3190807405030415,0.26929275398629965,0.27471269157408584,0.2201379097747926,0.347778355739951,0.1608758515438355,0.2611256579560795,0.3235036430252661,0.24949427429822282,0.4007062216184286,0.1918439658052396,0.23177000560673486,0.3828091571300495,0.20674875464162848,0.4000836670801451,0.18985134680462853,0.1861205644876935,0.26537150378705654,0.24293989049040177,0.04076892020187322,0.051209363736802564,0.22265967060869793,0.6224296852889715,0.015308327914613054,0.14092589867891914,0.13928904062981742,-0.07369498968683406,0.1566725290314086,-0.04478276092200327,-0.07555465934714001,0.03091289207516105,-0.08997405851243193,0.1406917296582363,0.16166303932694837,-0.20467483917978196
0.21770891015330002,0.13060645296849213,0.11304305652644003,0.38379398286200134,0.40567318032887045,0.27297379925515414,0.3535285300547488,0.35321090974973934,0.10248312201583311,0.3177022349416888,0.36449571516713014,0.8190933932515221,0.20702527987081523,0.3081527306494046,0.14243199351172123,0.3343209476771555,0.24805059267665855,0.3486673060370057,0.22969533950424773,0.18146273293188533,0.1942461307422958,0.24826121556398467,0.2280835612531812,0.18544561507271998,0.37123566852233203,0.2147718123849267,0.31580304631991385,0.13732173617620624,0.24961335416260982,0.08560475452771518,0.2374747225500537,0.3438546323980019,0.23893965505543382,0.31848976469864615,0.039910558431456876,0.319282344626486,0.07849858348067669,0.12595375023128136,0.31902185512952835,0.15910812535294222,0.06036668021847469,0.21263845668850775,0.19367969512230715,0.02778584684035079,-0.06608206334403227,0.1684802340498105,0.3768106631508249,0.023088383122821212,0.25439678130393123,-0.3606779005474932,0.021516147816710917,0.3857031815853511,-0.0470828457905042,-0.11120567048003081,0.015434821330685926,-0.06983210661429426,0.08295147505472612,0.1341722187081099,-0.13967945168682888
0.11799182084401155,0.1333104982112709,0.09259731606267027,0.2164043845874922,0.2360582545569164,0.23057643480920534,0.1755580143019288,0.28822354674912154,0.14963589726527501,0.2453777895029627,0.23728482647098356,0.20702527987081523,0.3945017747473013,0.1939520370679319,0.11796015817078889,0.18249911739195152,0.2159839817041109,0.18028049717092523,0.12302175008069102,0.14956522433000716,0.160798566446048,0.2394956610985744,0.207584172576733,0.17341671803753225,0.1743035027186908,0.1598009244406293,0.20210037050477042,0.1862234391734876,0.2526379880488787,0.12338579065408398,0.15599488887930058,0.2268345628811488,0.1830315880476454,0.23801553772685716,0.12189098476257319,0.1970709140380932,0.18061432357156643,0.08639033234085072,0.2627264957827455,0.12588364969756127,0.11725606027181591,0.164523577667355,0.1526955469441431,0.032110482177121744,-0.04358465813330234,0.19971149115805337,0.3489115664327866,-0.0025054282006195167,0.17080381179160478,0.15069438372364996,-0.025797417984005217,0.11769078069631479,-0.1520536679748071,-0.05232465025068158,-0.017224439476677764,-0.080252609130689,0.058010170129764865,-0.05686425630697924,0.09846945551693932
0.2283805597423483,0.1327549472366384,0.07611897091094305,0.3961250445950841,0.41967738801313637,0.3224933278460041,0.2474951441441957,0.3081383386401723,0.2189184703077049,0.25820727095767587,0.31235533822565764,0.3081527306494046,0.1939520370679319,0.6503034388284759,0.28993290559664414,0.3546403117803042,0.33976683791854123,0.26686456853579593,0.18027483699007973,0.26945361472755264,0.27314270878310387,0.35629764862711083,0.2503769989180979,0.21371687584166563,0.2917344600642141,0.3519742965017233,0.2559482873405503,0.10732990982987342,0.3095510033224804,0.1861132144271649,0.24230616217212653,0.5290660248749274,0.2762793831703329,0.3688054926064756,0.17441583499191132,0.18319475179095795,0.2264879581224931,0.21796991919445868,0.24026366887292808,0.18858562538542034,0.23758659745515673,0.28665231994858226,0.32410588283950426,0.028873202674355516,-0.058083460528842085,0.19606505509244268,0.7046825059760158,0.011825277013673306,0.4603839568039441,0.02424530152141069,-0.0684767673455937,0.014732893830365799,0.2614877049333934,-0.0940245268961265,0.032261686549582794,-0.12905335676180632,0.17383227682371408,0.07611309419172071,-0.06889097445755614
0.23570813438667984,0.2538727827048924,0.28589257521091244,0.26417874758504506,0.35482145709520035,0.396933694135947,0.1985274386110261,0.29818927133702455,0.2108067571711027,0.3294645777534783,0.3427690547768184,0.14243199351172123,0.11796015817078889,0.28993290559664414,0.9424652877438406,0.2233638275889631,0.4425045227098893,0.24657858986618894,0.1833322474971926,0.41761810735752025,0.2794433702161752,0.23582093645678345,0.27712035725213474,0.31834033641102477,0.3301870336566534,0.3066400821091847,0.2229120200017828,0.3161883838421277,0.3013784551070899,0.17028366923442784,0.30462013629331947,0.28251833512043756,0.2596213629055824,0.3952207545171244,0.2658665857154461,0.26205871613833526,0.5710011598945766,0.2276516744312246,0.2992803461330729,0.10550108085203665,0.22413085374479297,0.27803661201682095,0.2462777586178104,0.025916851094122752,0.12535496758184192,0.212172885227457,0.5778504547803539,0.026726674277780207,0.07214113212264568,0.39792151450233776,-0.1611184135196556,0.26984607194154087,-0.2382654093435083,-0.12963566984422845,0.105389716649765,0.11012197244708082,0.03905200434523792,0.001953157657048917,-0.19017850389277938
0.17286278192068927,0.11049268632248456,0.02298088184291629,0.35484879763438215,0.41983287354798104,0.2770744874520286,0.250098022578589,0.28219255694726775,0.08193611286323085,0.21589278154149533,0.2588630327302602,0.3343209476771555,0.18249911739195152,0.3546403117803042,0.2233638275889631,0.9508052814421181,0.2709405538223404,0.2570552289917639,0.3399155123364966,0.19076599056100632,0.2285926927903844,0.2557018153278607,0.1918442702492015,0.21284358976172346,0.381827739796848,0.15556864253505104,0.3325769148658085,0.23520676001749724,0.27434339358120224,0.3046026454814511,0.24186494937845007,0.34710564778232295,0.21974512129607476,0.3208455530636714,0.25952658530904593,0.2633187061302895,0.25673296220995573,0.14303876424824927,0.3280744882707852,0.22286609264944593,0.19757697780548095,0.2721930204713175,0.31836482670601873,0.06300621096009025,0.029201155134772207,0.14941868334288438,0.49310208692253116,0.01377945227716808,0.16822729522604105,-0.1500719256252628,-0.01924801815862297,0.18233598146283822,-0.0105194787060741,-0.10791198922571266,0.011122262167660798,-0.02306162270999179,-0.04662456845648917,0.23920062731911157,-0.10169879977428171
0.16552833002468423,0.12701315106579047,0.10473976975882789,0.3673378210338664,0.3642976499532555,0.4345165056875951,0.2675881198340754,0.5285728763699725,0.17199289616879454,0.4240499558413469,0.43034797769782435,0.24805059267665855,0.2159839817041109,0.33976683791854123,0.4425045227098893,0.2709405538223404,1.1128728947000288,0.40929684391138155,0.18455446129562614,0.5227094627713186,0.3402603711488849,0.4523736421496336,0.41365235330332806,0.3128482624864517,0.4073338055365725,0.30313622861344547,0.3085894402768295,0.32660564200711056,0.40702166589322086,0.25663746121568193,0.37505567129883166,0.32973370280957115,0.38739505199791713,0.5357037098103162,0.32148181880367804,0.26515931408579835,0.7473240472003059,0.32192874777273933,0.4397190301770974,0.23872807348580105,0.3394096352254089,0.3455201834347175,0.37926234566878636,0.02191607312472349,0.1104660513709932,0.3159048235740182,1.0349016857047133,-0.0019880868969953023,0.2814568826538832,0.29134037271473096,-0.1526709198798694,0.2163118234573843,-0.0004820455790254027,-0.09818091778431493,0.08201713983151548,-0.026789950607459177,0.060722083781248125,0.12737187208187498,-0.18429313119012852
0.25996510175894166,0.1833875898166363,0.10096163522798621,0.30456893814454994,0.42696124892323484,0.26202355320102744,0.27905007825653205,0.33776580956172036,0.17081157358504762,0.2806765342866474,0.2775064226013282,0.3486673060370057,0.18028049717092523,0.26686456853579593,0.24657858986618894,0.2570552289917639,0.40929684391138155,1.4241946895308462,0.1620232143527627,0.06369241773789691,0.35424710555076755,0.26474651632214785,0.6562364437975391,0.18710799993520316,0.339226881219294,0.38021016163313726,0.24604519146994683,0.31457004491404417,0.4133072567802365,0.15284796790668945,0.4353371211759638,0.2702429604785855,0.3283278405270865,0.3684879841460266,0.24819766345181238,0.5590603586388224,0.39822680413160966,0.11059016780569761,0.23133245344533035,0.2270270505502986,0.303989888975108,0.31758861652361897,0.09256023115290511,-0.03317751011263253,-0.009858749067203531,0.3073957565086905,0.6775755738069844,0.02376500779036249,-0.06651259861547021,0.20671255250738485,0.043049658115517614,0.47353614928217347,-0.14605595537470278,-0.2384345963013525,0.042138429191485235,-0.02916014047313853,0.15239711174018483,0.06947427799846227,-0.24020395666604
0.09712632140915678,-0.06959809056277114,0.13583003237123575,0.0901146156807175,0.18167580124857302,0.28665232419472214,0.07746017665918412,0.39294855464828166,-0.0393777700736883,0.2102981438871715,0.22662215580219372,0.22969533950424773,0.12302175008069102,0.18027483699007973,0.1833322474971926,0.3399155123364966,0.18455446129562614,0.1620232143527627,1.5165511874981115,0.224081131714666,0.1676778967503473,0.2806757777252517,-0.28322600590174557,0.09992958222179961,0.19729073156767937,-0.16637118298740566,0.1942496427038444,0.28817612455678304,0.09664970378101519,0.17636574962383433,0.28463496967906815,0.1872456232086726,0.36322918826774553,0.17469637442726155,-0.027566773950937897,0.46102834137660936,0.6254724309584944,0.15740613597190573,0.5346307713685743,0.04833254837870354,0.14613153151667213,0.1583654682416733,0.026991699262070932,0.07172404439706723,0.1544224113584762,0.09136777748491155,-0.050273464916440816,0.028176204724049976,0.029398344917608985,0.3924817859913866,-0.047320849661079904,0.08440905126238953,-0.4005939576938666,-0.126404181201229,0.06369988831018884,-0.03755389561369285,0.16500143664666198,0.01189891746344054,-0.14962918994948757
0.13866972987109996,0.2843122474501863,0.18104499704430452,0.2592594127584471,0.3424277153016585,0.4558287207965497,0.18721948415092776,0.5029816723809725,0.11888822512489523,0.26383570879018786,0.3700230618148291,0.18146273293188533,0.14956522433000716,0.26945361472755264,0.41761810735752025,0.19076599056100632,0.5227094627713186,0.06369241773789691,0.224081131714666,1.0652102119842466,0.22494254905716196,0.18118125342021704,0.22162948969591945,0.3359346767990057,0.31582135354132124,0.31376016102711557,0.32194486513151527,0.33007745721500054,0.39997614845397267,0.26780408843616327,0.29944616079602016,0.28025750569720737,0.22665168381248568,0.5212061645555306,0.35585719920053116,0.1715808111236461,0.8275825407195542,0.4640269962946731,0.48469449229563943,0.2919072003580165,0.24155788311615692,0.2786062468055816,0.4352812642161628,0.03671519430374027,0.3527922595263271,0.23945318865789972,0.557442391266848,0.09856423497779895,0.2686060571615726,0.21458061483589064,-0.1465911800107055,0.2549980984978692,-0.12758728184723062,-0.13797125010805011,0.029175975610940687,-0.02064615919822895,0.1663798584992962,-0.0017184352353700686,-0.10044315266469384
0.19895217766577702,0.28336509886186134,0.1941650205386032,0.30954808359873864,0.3651563636185864,0.3390955990400513,0.2379375074306694,0.23579432308602763,0.22805411535033668,0.20783923359293133,0.25632809627550557,0.1942461307422958,0.160798566446048,0.27314270878310387,0.2794433702161752,0.2285926927903844,0.3402603711488849,0.35424710555076755,0.1676778967503473,0.22494254905716196,0.5648415097681783,0.26778457744486367,0.28096973264238095,0.21906346602808988,0.23661395721195586,0.3631639470703792,0.18998491005851634,0.20098085062143908,0.2416405633889822,0.20142140839047154,0.3040686693844636,0.2791690991519643,0.2930509635528296,0.28983706877592447,0.16026498712291626,0.3434153720248379,0.2529998997506198,0.18756254186540622,0.2359104192695809,0.16918681798632065,0.29390576056914214,0.4785591310263803,0.2446379584527945,0.034569730107045483,0.13830420470180807,0.2191502546618908,0.638426935185903,0.027192994761405555,-0.06226433927256956,0.11508592224038916,-0.038713629475867165,0.17163573422156653,-0.046947082774021695,-0.12241473141372257,-0.025098483528598864,-0.030473497640615115,-0.057366932888810666,0.1274288230495843,-0.042425260960043704
0.20767810695845232,0.15165557306632274,0.1972431378383689,0.32165038933615886,0.34648801123360407,0.4208799050629542,0.3203118739581349,0.34344455536251356,0.2708493645912802,0.30984603298382896,0.2821845801356096,0.24826121556398467,0.2394956610985744,0.35629764862711083,0.23582093645678345,0.2557018153278607,0.4523736421496336,0.26474651632214785,0.2806757777252517,0.18118125342021704,0.26778457744486367,1.8321163369080236,0.24499229284139895,0.21393722984592684,0.1828715288229864,0.13885943992383654,0.2760059595336087,0.3820580313235188,0.413745837288143,0.43878164385247037,0.3750201993411441,0.4867012286125179,0.41687415406613604,0.5145357615384761,0.21748011095258285,0.503087725704784,0.33298547123345257,0.3229594809286965,0.5837102623510968,0.238402350979552,0.3155020378275054,0.2685431628788855,0.5779424926340463,0.06794747289409506,-0.3544690359643695,0.8431163928714375,0.5701184752645841,-0.2783592685849095,2.5200257385384712,0.04346965938354273,-0.009492682136739497,0.24629857682000728,-0.4433571005111361,-0.1418385950695443,0.0001322716520589183,0.04565134780514684,0.08291115595539954,-0.003335665715587331,-0.12826079190926276
0.13272409926964002,-0.01605853180913889,-0.02214519637327286,0.34859872092952937,0.44652125944951526,0.25420421545048566,0.2797543258220382,0.2600236575514934,0.29149522000977024,0.3585315440316948,0.259413149512704,0.2280835612531812,0.207584172576733,0.2503769989180979,0.27712035725213474,0.1918442702492015,0.41365235330332806,0.6562364437975391,-0.28322600590174557,0.22162948969591945,0.28096973264238095,0.24499229284139895,1.607062701293382,0.5148613648396907,0.4792327613983298,0.13988441983247987,0.17917112207088018,0.3045923356457097,0.3739243921065354,0.37589895280350266,0.22563216864262958,0.1935691309628073,0.46303090554025267,0.3655758108691866,0.3965989242252939,0.26605057140573235,0.5994405881093753,0.12146638658403429,0.4991729735890113,0.2468784577236533,0.2909443472349067,0.2920779139620791,0.18150553161541505,0.020234230341261792,-0.08310784487756931,0.33163373758099957,1.040720875460771,0.060004590292841116,0.2060488380435574,0.3003250678078545,-0.15196235669587674,0.08155938589766568,0.29053767194529045,-0.17325945079107696,0.14222981444805385,0.14153915200453682,0.10193848730637646,-0.28033851566728607,0.009813853622949172
0.01241404883332112,0.04656544749972216,0.06310094434111342,0.2736425979128161,0.4101442568411474,0.34688119198301004,0.24220604398177709,0.19715817080564968,0.2787783191514049,0.34435902975473687,0.2554025786946636,0.18544561507271998,0.17341671803753225,0.21371687584166563,0.31834033641102477,0.21284358976172346,0.3128482624864517,0.18710799993520316,0.09992958222179961,0.3359346767990057,0.21906346602808988,0.21393722984592684,0.5148613648396907,0.8842200062226864,0.2931211830592448,0.2367052015757873,0.19277306436359673,0.29406277528729313,0.25757593772585596,0.3390917744508885,0.3392635346629756,0.21023490235708933,0.2886411736211407,0.099775645825429,0.32123366419105553,0.46592523469967556,0.3422454722969193,0.19141529749409802,0.3049191334859117,0.1617451496215557,0.2223425535812536,0.23891539550911461,0.12334603996850094,0.05330491747896363,0.10044615575073616,0.18804390536557933,0.5152433082745319,0.03915710424512517,-0.027823453921777666,0.20084916618740295,-0.13624788752322503,0.058457683741929105,0.01967408109562589,-0.06280551992341309,0.06139581087670046,0.18044510338924202,0.21125778461204445,-0.6823959383389444,0.3062728961126081
0.19895844187028625,0.14890280421612348,0.10781602255838102,0.3453708599688117,0.36712250937741914,0.31573007841449297,0.25551227113891484,0.44521970549541073,0.12477705811013173,0.3009723800509632,0.3190807405030415,0.37123566852233203,0.1743035027186908,0.2917344600642141,0.3301870336566534,0.381827739796848,0.4073338055365725,0.339226881219294,0.19729073156767937,0.31582135354132124,0.23661395721195586,0.1828715288229864,0.4792327613983298,0.2931211830592448,0.9492669283342324,0.17116800091666365,0.2615103081652418,0.15745254276489665,0.3751182861264994,0.2470581846984834,0.2622753461398829,0.2679042020790514,0.26216561290716606,0.47876932805601236,0.26439507043565935,0.18470111783070645,0.3697500027608697,0.1940923420650911,0.4337395728889267,0.1876074325512753,0.1747161727826621,0.2601088535034394,0.27459456200570403,0.052276887592031196,0.004544927056688824,0.17306906765863486,0.695357014172911,0.030955203038253876,0.10857849282343197,-0.44175915688494066,-0.10708582392004554,0.33658507452843556,0.24086148612387137,-0.13369108847904262,0.07554678217744988,-0.0021582533097780597,-0.03133076949828961,0.17584070382626035,-0.13957045618683653
0.22498505162142365,0.4300244209881011,0.29706126295543117,0.41005448915205767,0.42397132054718134,0.4201522198566071,0.28457506102919833,0.2853602739279674,0.375787615986153,0.22142677502032654,0.26929275398629965,0.2147718123849267,0.1598009244406293,0.3519742965017233,0.3066400821091847,0.15556864253505104,0.30313622861344547,0.38021016163313726,-0.16637118298740566,0.31376016102711557,0.3631639470703792,0.13885943992383654,0.13988441983247987,0.2367052015757873,0.17116800091666365,1.6767641490101322,0.2015971372118254,0.029223021508470715,0.23765528352682327,-0.3687051461518207,0.20573449106465228,0.3690603644598964,0.08888532317817037,0.3819323332037318,0.09490004902113203,-0.022455336621868757,-0.3890157299333747,0.1953949145081027,-0.3995051372552253,0.10492691385687969,0.18708307288577022,0.3833526823343965,0.4546837866261827,-0.0216260871998677,-0.21295586147232748,0.17015534056071563,0.4822355530021281,0.037863785482543565,0.05895171452455271,0.19492305703353915,-0.15608509171742477,0.06136409543338488,-0.006577928745370856,-0.12905684773323808,-0.09559202912662244,-0.053096010957095825,-0.14562570860601234,0.2716971476827834,-0.003539402362525204
0.16032780895087415,0.15260904119954466,0.11834875176832395,0.2551686588154747,0.301261361108175,0.2814529622534732,0.2158881973381758,0.32444177923487444,0.11843360076887767,0.24366924171516452,0.27471269157408584,0.31580304631991385,0.20210037050477042,0.2559482873405503,0.2229120200017828,0.3325769148658085,0.3085894402768295,0.24604519146994683,0.1942496427038444,0.32194486513151527,0.18998491005851634,0.2760059595336087,0.17917112207088018,0.19277306436359673,0.2615103081652418,0.2015971372118254,0.5635849919639735,0.24145793350626304,0.2425173738946044,0.20523503482308703,0.25669435905377536,0.3115847634430425,0.22727783345170696,0.33045383118563054,0.1647589592108392,0.33945229815923716,0.3123486552010321,0.1849108262479304,0.29261352812133784,0.17827599389998086,0.15063650482582364,0.21190544932377495,0.35897704316774687,0.019388417318856817,0.04279281772311588,0.2419157889523858,0.3777997425267792,0.019179671846314934,0.19067813533245773,0.04132772536090558,-0.03315486311929641,0.3148210036632925,-0.1984577003881451,-0.11404021071339616,0.02190562818519655,-0.03919399760640821,0.11416214961389666,0.005456130858210667,-0.05335468044693393
0.07134348232199411,0.09378781405607499,0.14248137683219408,0.12666218682128041,0.144688630438949,0.24196988596290034,0.12905804250926997,0.34904790897310356,0.1234250998836095,0.25915736334299966,0.2201379097747926,0.13732173617620624,0.1862234391734876,0.10732990982987342,0.3161883838421277,0.23520676001749724,0.32660564200711056,0.31457004491404417,0.28817612455678304,0.33007745721500054,0.20098085062143908,0.3820580313235188,0.3045923356457097,0.29406277528729313,0.15745254276489665,0.029223021508470715,0.24145793350626304,2.1408750761225837,-0.002065094503014439,0.4816687885369736,0.3518405753141323,0.3545265921546153,0.7924795357363843,0.339166033993796,1.071175773428418,0.5182692341853108,1.0791680120549831,0.18933801702996178,0.38134937309896944,0.2545645889011085,0.22998375550156022,0.22257710331706934,0.2354990451521941,0.026356272880321337,0.21490766569594255,0.42636002699528763,0.336416463684495,0.045809583845813164,0.04786472560869347,1.0478616238345864,-0.04984205706126718,1.2897757279663555,-2.0300021470832585,-0.19963212221727442,0.18507043028143472,0.043702743684708285,0.2689368301119408,-0.287421161495464,-0.08711175524034018
0.17948540808503585,0.2972796147724029,0.059152721900331676,0.36678914671422747,0.34229636655546714,0.44195787774582196,0.23953529458400633,0.39772383538863154,0.129881589857367,0.343841275981101,0.347778355739951,0.24961335416260982,0.2526379880488787,0.3095510033224804,0.3013784551070899,0.27434339358120224,0.40702166589322086,0.4133072567802365,0.09664970378101519,0.39997614845397267,0.2416405633889822,0.413745837288143,0.3739243921065354,0.25757593772585596,0.3751182861264994,0.23765528352682327,0.2425173738946044,-0.002065094503014439,1.8595004118666787,0.5029704114978542,0.17600474214198547,0.3287118660138073,0.004641764786234889,0.4592275154207967,0.11595558923067142,0.2193491335375495,-0.04048198851760798,0.12939239192924215,0.34482448554531675,0.2057234931593254,0.34592880934637027,0.2357010200340862,0.1771478638820193,-0.044428016746466216,-0.24608977180876251,0.36954393403597247,0.8197889739856002,-0.05491199340207037,0.5317360983145463,0.489142674218157,-0.2661030916467392,-0.020013753551369962,-0.19439468363639378,-0.054300778498145845,-0.063567577052929,-0.14371757787599976,-0.07872390907615204,0.26942714169638743,-0.02533908290202882
0.1178988542806851,-0.10102142290891147,-0.45678927529034663,0.14442635871046122,0.22014500087694835,0.09117369688151993,0.09230376586403825,0.044078744982567204,-0.02116045018165815,0.22216750122394038,0.1608758515438355,0.08560475452771518,0.12338579065408398,0.1861132144271649,0.17028366923442784,0.3046026454814511,0.25663746121568193,0.15284796790668945,0.17636574962383433,0.26780408843616327,0.20142140839047154,0.43878164385247037,0.37589895280350266,0.3390917744508885,0.2470581846984834,-0.3687051461518207,0.20523503482308703,0.4816687885369736,0.5029704114978542,2.464862360616316,0.2588220283767381,0.19016148839613267,0.2476467182688947,-0.06701565090808992,0.9024112234683724,0.19858616742927668,0.42601060467436064,0.26445743017716894,0.5340553538411517,0.3287581617793424,0.6335206276686086,0.2767893344605371,1.1262872520636817,0.19902370074113243,0.5217446903200375,0.43419990258778224,0.8832673867406148,0.01825868321820237,0.42218447848910856,0.14172460114456492,-0.14430832416974199,0.11526422527321509,-0.051497162142217,-0.02455967412446393,0.14330314259959065,0.049846469315218474,0.06421597633750441,-0.045714107323961056,-0.15402633830833595
0.16930831009476754,0.17074873713615502,0.17700091334979515,0.2808599558067655,0.40387131331277826,0.31795521233170304,0.23617930932400136,0.2639048725119851,0.2033849393771482,0.28623857338003184,0.2611256579560795,0.2374747225500537,0.15599488887930058,0.24230616217212653,0.30462013629331947,0.24186494937845007,0.37505567129883166,0.4353371211759638,0.28463496967906815,0.29944616079602016,0.3040686693844636,0.3750201993411441,0.22563216864262958,0.3392635346629756,0.2622753461398829,0.20573449106465228,0.25669435905377536,0.3518405753141323,0.17600474214198547,0.2588220283767381,0.9598888490496422,0.2701274289452513,0.30994443854020226,0.2696721070613237,0.23308169747339935,0.9994674563925791,0.41732624490864584,0.2545940846589866,0.3421878465987835,0.18719904382984748,0.2929645619822695,0.2934270842435148,0.06092320693357079,0.048008508868726735,0.11142691612674112,0.24549485267316204,0.4511732634142827,0.01703126571037543,-0.21699253390142006,0.18909678825339452,-0.03017380832363608,0.3833813469298702,-0.26368629768598184,-0.13317702744029786,0.015920995330933198,0.05928471159114739,0.08961722477856565,-0.14388052549987265,-0.01574501479942782
0.22289705109955946,0.18593410000852398,0.1450698897115795,0.35420550569958176,0.38415179765762403,0.37339126372882186,0.2620739250381118,0.37950793965949337,0.1948161085472337,0.26842745247568944,0.3235036430252661,0.3438546323980019,0.2268345628811488,0.5290660248749274,0.28251833512043756,0.34710564778232295,0.32973370280957115,0.2702429604785855,0.1872456232086726,0.28025750569720737,0.2791690991519643,0.4867012286125179,0.1935691309628073,0.21023490235708933,0.2679042020790514,0.3690603644598964,0.3115847634430425,0.3545265921546153,0.3287118660138073,0.19016148839613267,0.2701274289452513,0.7440362853391012,0.2907175005004394,0.41468301153029574,0.12500842863810277,0.30290170889322976,0.20360320090407055,0.22221996903626542,0.2873618232327425,0.19400332465601217,0.22321713501106535,0.3016726391862233,0.36535748127890794,0.038876459335824794,-0.0858819763728012,0.3049306530337671,0.5970270181973113,-0.013316469360613129,0.547321634634858,0.17007309695265815,0.014987720095945274,0.6160486906588731,-0.6472919635762604,-0.1263041543502657,0.022185615839270936,-0.16890337114660062,0.3343998871684873,-0.06337054298038973,-0.05835188659463962
0.20890805567203102,0.15369037643468975,0.25683230188054074,0.24599179498402,0.23932748236762308,0.2155926598574588,0.20405469501218296,0.3322381284727002,0.21544390840730165,0.24880056739166187,0.24949427429822282,0.23893965505543382,0.1830315880476454,0.2762793831703329,0.2596213629055824,0.21974512129607476,0.38739505199791713,0.3283278405270865,0.36322918826774553,0.22665168381248568,0.2930509635528296,0.41687415406613604,0.46303090554025267,0.2886411736211407,0.26216561290716606,0.08888532317817037,0.22727783345170696,0.7924795357363843,0.004641764786234889,0.2476467182688947,0.30994443854020226,0.2907175005004394,1.7053005217494566,0.0673646721464228,-0.1120609763445177,0.11326292935017732,0.8753150540851752,0.21847931187230718,0.35926727776527295,-0.001378458486206876,-0.006406957659067337,0.3550747498992726,0.2973623942720452,0.037379421179402544,-0.018054535319153284,0.21405752289523966,0.8176142807766671,0.043310996806606696,-0.02894563776914064,0.3709105593934893,-0.18546550204668072,0.3048014079405813,-0.16810967771976573,-0.3538434033925925,0.1326914321764098,-0.14961845451285122,0.09404061123424705,-0.033024546966601134,0.005743232547196953
-0.08251422698409941,0.2079507670530201,0.039811349484436015,0.48703405477115125,0.5950110685772999,0.49640242617871094,0.2930625066218005,0.5862012321565508,0.19250490642632664,0.3877332641837879,0.4007062216184286,0.31848976469864615,0.23801553772685716,0.3688054926064756,0.3952207545171244,0.3208455530636714,0.5357037098103162,0.3684879841460266,0.17469637442726155,0.5212061645555306,0.28983706877592447,0.5145357615384761,0.3655758108691866,0.099775645825429,0.47876932805601236,0.3819323332037318,0.33045383118563054,0.339166033993796,0.4592275154207967,-0.06701565090808992,0.2696721070613237,0.41468301153029574,0.0673646721464228,1.7386750940897557,0.5684334140668041,0.15234749291980582,0.9226484524298734,0.27695838928193817,0.33376462918449273,0.2309885481917717,0.31718365259227205,0.31317462909059357,0.5775812833270167,0.07123968535139136,-0.39673539142756725,0.3108157526256446,0.7553500267201948,-0.0012138401568096303,0.8599420070515681,0.010267289633087155,-0.11463831753767156,0.3943127931795501,-0.1510916435427514,-0.21860619502478662,-0.00811316710974395,-0.0160906667272208,0.019115992671487142,0.25686926428635465,-0.1237935629982845
