1.0492350879491021,0.23705347489689668,0.3848495220472643,0.0666839531744168,0.17294679158326645,0.13661352017451428,0.22995139929739475,0.1323260439355256,0.131949198740706,0.15195214737595272,0.13185855672202312,0.16592473204208627,0.09003685084109463,0.1574316544178643,0.1441328324629943,0.12962589649296943,0.10589291842079708,0.1648648357388455,0.12060633982491058,0.10474124262408539,0.12204640304476311,0.1398588114187405,0.07868099652958224,0.06041774986294113,0.15813934679116426,0.11646771980774308,0.12136171287252936,0.07752859297739818,0.1436533001478318,0.09546955945409291,0.13316016103220402,0.13482624772328172,0.09542832798806031,-0.0694286729200114,0.07347697900569754,0.1402232564594954,0.09842159944434115,0.09591619097512534,0.12266157607352503,0.04125217815842483,0.10812417672453252,0.09794305955879472,0.10754625211100009,0.03264252684594685,0.1309058030082581,0.16847247632567047,0.12209200118653017,-0.01645896068908377,0.04337683324900929,-0.004754933424766596,-0.009567642059510642,0.00025285966012559543,0.012856749741134823,-0.004492644601342498,0.12304753215289979,-0.00993517185635328,0.0993556193122109,0.08041611312737328,-0.2758119655640872
0.23705347489689668,2.256425694772201,0.8005794987081447,0.10270800659001077,0.1357037193832761,0.25316707286354817,0.19886989206754105,0.26005689346609284,0.23657501113413287,0.23875074788474712,0.22920778747497428,0.21632116954101327,0.18652451932994818,0.1590810032673148,0.31755592077055245,0.16503500433514048,0.23330724340400508,0.3302203921628448,0.1623897998730561,0.3437063511042449,0.26437739057887716,0.1945034120343352,-0.0197123050679163,0.12648426369098856,0.18578622512245851,0.2609978980851026,0.22464468294401355,0.2109883996464707,0.38670759807848143,0.07913410488076737,0.20670725464601053,0.1446006198688537,0.19800094953260114,0.25557164801925886,0.13856908806062573,0.23797009282543613,0.4830396545484444,0.21087161463543386,0.15794526970827663,0.06721787168741657,0.20597314409693226,0.22702251010874727,0.2255628018529222,0.053285764181055136,0.30388379092669215,0.25606270382921476,0.2077070765952917,0.006307754673220111,-0.014185603965104949,-0.04525264380982629,0.14218224980894234,0.07955495595919433,-0.07421146627470414,-0.12614895622956404,-0.3704249949707914,-0.1294930689363154,-0.3411659667930606,0.35464242023195014,0.2889856107709724
0.3848495220472643,0.8005794987081447,2.1846602777249244,0.15020488455620626,-0.03534943366585335,0.35065581000700324,0.20556704795299766,0.3421413093960344,0.41829316779085307,0.3900314204003576,0.2821593399186349,0.28515657648102904,0.21216631698814056,0.18755176197706513,0.3217563803471881,0.16805689183407785,0.31295012387163623,0.29936871876212895,0.2342380104297367,0.2750421102742188,0.25827150229645846,0.30370988795411374,0.14453152979675762,0.22114914841225256,0.25524808596279436,0.2756769718852007,0.22326835192403127,0.22375868025771642,0.37181361259356976,-0.10385289452439317,0.2651513285519406,0.20920866874696914,0.22152141774385253,0.32663393426721915,0.18834483170610475,0.4025556695850076,0.3877340750133688,0.20818909270117736,0.21230031728512522,-0.12031214374558392,0.1969259000553217,0.23556461676456758,0.15375307655373222,0.08993239687900331,0.2956404800411887,0.4625099392982574,0.1914095497241733,-0.06065819120022641,-0.26800173228596547,0.08038321437111043,0.047629349033591784,0.1517278977236279,-0.0760911433279284,-0.18055890687146606,0.040407565159453054,0.014194096174069417,-0.06508935228145096,-0.18376913016173602,0.040616441180053905
0.0666839531744168,0.10270800659001077,0.15020488455620626,1.2649688370432226,0.4222906765333744,0.314344595225203,0.30285969137445834,0.285831298837054,0.16875800652585715,0.20299377200494742,0.23200128962217623,0.30198568451857244,0.1849803050257206,0.27434261306029467,0.20095708617319444,0.2809643332452735,0.2291102644172049,0.2196013441928873,0.2306315161870701,0.21454424044363873,0.19706286061142259,0.23466800653090067,0.1855105996415096,0.1992629681240841,0.21582650687216065,0.2353783020838828,0.18167905845935398,0.0789871410886497,0.2634124793046383,0.10829585873475414,0.16655868008644842,0.2275925159035576,0.16618788790093375,0.3159774101423381,0.003081729546268594,0.2191549587857405,0.24989431427750583,0.15277434769048198,0.23818654325262936,0.0580436799158519,0.13644024785152917,0.18746744387355244,0.23301866530107865,0.10863003897278402,0.10138869804803695,0.16804520051032285,0.21664000711323725,-0.0009383647725746362,0.12824835448748725,0.12315724767295519,-0.09948215466341707,0.05265278247765836,-0.01574264553837227,-0.10581609182421606,-0.02164413357852568,-0.03175548935665812,-0.19557469265427732,0.25006798627854665,-0.10020891237246282
0.17294679158326645,0.1357037193832761,-0.03534943366585335,0.4222906765333744,1.102869585721207,0.2703959549852835,0.23268441587023367,0.28322008701828694,0.15777500750143425,0.17637845249250456,0.20692903216755937,0.250901809127701,0.19036980549931246,0.22809966778091886,0.21183655964447567,0.26245423540359764,0.18321554945316412,0.2000795186014058,0.4098876140237661,0.18439533544851505,0.17658721181299092,0.2153312639232643,0.15061255362282186,0.1757576560941605,0.17819227792709252,0.20638803049992502,0.15060544509290572,0.04335901072301388,0.22502233377259198,0.07184632345744894,0.17448984890883257,0.21126541768862245,0.15246682873064804,0.300367044321616,-0.02319080156598058,0.21292753120699898,0.2593471187606326,0.13237960558100886,0.23329743577245457,0.09100257698543186,0.14250140473083564,0.18379093140442693,0.14472227900627213,0.07448700201439536,0.02640281484620707,0.15544503050243505,0.18093360402040384,0.015766822320688375,0.22123314084706144,0.19409090052781772,-0.05742972705668601,-0.08478415230351365,0.04460339524278003,-0.07630547383394153,-0.08340669779559093,-0.05842869222055783,-0.075940120088131,0.14553972771615575,0.024436336107112433
0.13661352017451428,0.25316707286354817,0.35065581000700324,0.314344595225203,0.2703959549852835,0.8083832198712201,0.1580346884521769,0.35429455147481315,0.2551526978338285,0.18836887302610725,0.27481695177140436,0.2857402028334172,0.19253747096427634,0.26065773152542254,0.24863166972504785,0.25337095065499443,0.27931936069962976,0.2231697022836217,0.37571889149238175,0.32954146138082746,0.23651173718778568,0.28087937915740346,0.1086752658616563,0.20936189190943305,0.26882607044585194,0.2979793134312633,0.23095188247039597,0.15573162986008365,0.3916755123702942,0.10163955906987762,0.21032195536158274,0.266514678840168,0.09066232375561613,0.3383518054713663,0.1466084749959123,0.19624506075554823,0.3065524019029984,0.21302658981154488,0.28108682618866937,0.11182633901630737,0.11275236924824819,0.2180708883866451,0.3042384707464273,0.10002837598212397,0.2331140973063431,0.17978527127146537,0.273691495623139,-0.002110254622536178,0.24264233086484105,0.15920705659408585,-0.2530704008330855,0.0809302363073853,-0.0971762336158136,-0.01041083184104939,-0.059846535473199805,0.009332547569263395,-0.035244670209955344,0.20857644711079118,-0.17814683820898114
0.22995139929739475,0.19886989206754105,0.20556704795299766,0.30285969137445834,0.23268441587023367,0.1580346884521769,0.6907032615864624,0.14731846229473552,0.2653685238504771,0.17367898506241392,0.22525598564314248,0.32500246592227033,0.15901391210556218,0.17104678438962584,0.13293324989120608,0.22230318318410344,0.2208449789373835,0.21444364084979806,0.1370812179304818,0.16460034622642952,0.1901826771163858,0.25524323006101896,0.18067057347447274,0.17028710424851595,0.2064920102694676,0.20668913792116353,0.18906230290898546,0.09973296967013709,0.21845714555796217,0.095042313679285,0.17619689740442163,0.19239214897307322,0.15445160945432612,0.2491916567578105,0.07641631728082068,0.23158899641268824,0.19329625712851303,0.11783220260414473,0.21494443843261368,0.059230417220706676,0.1219458569660297,0.17580636782727388,0.18730357532860079,0.0642342214068272,0.09929712254324359,0.16519555628063692,0.13091146454062777,-0.016019130422598254,0.2167765579825366,0.007302088200878854,-0.06886224188566688,0.011290617503916486,-0.018894580886410384,-0.067460053004973,0.041654393070299015,0.08547294455972758,-0.04158486952005115,0.10539209719190419,-0.2629656346825205
0.1323260439355256,0.26005689346609284,0.3421413093960344,0.285831298837054,0.28322008701828694,0.35429455147481315,0.14731846229473552,0.8469331691851747,0.09699435755418555,0.2348739987915047,0.2754824635575606,0.1544537661917996,0.21847861216762263,0.2516103228328121,0.17669642665477062,0.22267632214806513,0.2622142460506052,0.2695983972350428,0.26177667840510005,0.288440195629549,0.187079192546578,0.20080489960839903,0.1325942616216397,0.1695422125030819,0.24173772939781465,0.29037041384031975,0.20806237535355668,0.09420506048143884,0.27275066780609863,0.13312306797521603,0.1859966827344109,0.21308208202902423,0.10371154849636752,0.30935440334840314,0.15917535614672346,0.17910269856982505,0.28409707190539557,0.17616959288025863,0.30315326489113825,0.12495583062165441,0.1706015751924323,0.1856694620293366,0.2825626773713891,0.09192506391350955,0.18739240078161737,0.2039543770468105,0.2939473636249012,0.016834341176317304,0.22103647578044272,0.10529731136364252,-0.033150129899280754,-0.02720141900640124,0.04802898376802613,-0.08063327866939417,-0.08510943357019944,-0.06993845370859779,0.018208358729517465,0.29408441907543204,-0.17276652064072956
0.131949198740706,0.23657501113413287,0.41829316779085307,0.16875800652585715,0.15777500750143425,0.2551526978338285,0.2653685238504771,0.09699435755418555,0.7883476968328884,0.11476714172358096,0.15618261012256307,0.19185791199608174,0.15412414853225556,0.17762672052974326,0.14271107872073444,0.13706954146127115,0.1935751301969108,0.2037155920182509,0.15901138867345188,0.15285033098349635,0.1949046065167588,0.36819279153285,0.17492766955402925,0.18948404704479208,0.13912306639054547,0.26906996395539373,0.16715027934460552,0.12942269560197706,0.18383158544710135,0.0639225465844275,0.1983952910949802,0.19175882964853347,0.2024632155428293,0.21053882372407245,0.08687823585895907,0.23213643527034336,0.1999329132834292,0.1252049811073663,0.19377018786518724,0.034722890562774916,0.11632789319822769,0.17126720165858664,0.17216591445022797,0.0728928909142999,0.08485591819494144,0.1985535890665393,0.15639216459061783,-0.04147423986290649,0.22077263056429366,-0.0024307934965447247,0.0015121350912123384,-0.027535754617098365,0.028372397954701326,-0.08028290855316915,0.04435973657393731,0.1433460023123385,-0.047453605689118744,-0.040979982041668264,-0.15519597607122382
0.15195214737595272,0.23875074788474712,0.3900314204003576,0.20299377200494742,0.17637845249250456,0.18836887302610725,0.17367898506241392,0.2348739987915047,0.11476714172358096,0.7512860030804394,0.19538096522161166,0.22052951444863403,0.1704462783906171,0.16568247356093763,0.23172162619626777,0.18330688786339416,0.2237683317879129,0.26598547099510533,0.16452662969966458,0.1542649827513152,0.14934096170858813,0.18066541206975992,0.17681963267602904,0.170003224991064,0.20932971485914414,0.16092156656425716,0.1852438220255293,0.14028010050794046,0.25873586005830485,0.13567856474635953,0.18610614109023904,0.178130293792223,0.09292824251005077,0.31070134472012645,0.1839311087162388,0.242994928358154,0.2523501394512398,0.10653302800248005,0.21224292394302335,0.07212849105294042,0.21896574613894093,0.1553934391653901,0.14856397462733595,0.08115007977301308,0.09464197313053238,0.21865570476888493,0.27137760751527507,-0.003911251123602574,0.11421110726858325,0.04631757183918863,0.0004839542148531137,0.00033517491444768043,-0.046549250775104974,-0.010527120653432474,0.051420776275318984,0.016997999146218603,0.041091149651800114,-0.12526482272954198,-0.014190451202257353
0.13185855672202312,0.22920778747497428,0.2821593399186349,0.23200128962217623,0.20692903216755937,0.27481695177140436,0.22525598564314248,0.2754824635575606,0.15618261012256307,0.19538096522161166,0.5395730214038378,0.30249479017146885,0.20796716334753965,0.19523919472645537,0.258910507962485,0.22750808897094324,0.28150806287711816,0.21876253499561504,0.17611834714596397,0.28511389228270784,0.2054838590221268,0.20108898963691774,0.14014360726029537,0.18683650375844107,0.21969396418002282,0.24205911168954622,0.21814062598143333,0.1307038411496161,0.2697679396672356,0.11396829682987977,0.20227394855580713,0.20166521714001384,0.13059588062640462,0.26361050512987694,0.18654002058918,0.23662304917739577,0.23474646312644815,0.16766487725015475,0.26060314379800875,0.11766692674808527,0.1620061023060052,0.20224419736074134,0.21114887002074953,0.06667267858260435,0.16335882546758654,0.2133351080688085,0.21638177378567555,0.005697266866627867,0.10741697503262254,0.021985845602852043,-0.048705760132418445,-0.021495908749530702,0.08081769807462039,-0.03349301096386797,-0.06821290893673843,0.015652270049277762,-0.04443675808035261,0.1478193369490181,-0.1547483813997559
0.16592473204208627,0.21632116954101327,0.28515657648102904,0.30198568451857244,0.250901809127701,0.2857402028334172,0.32500246592227033,0.1544537661917996,0.19185791199608174,0.22052951444863403,0.30249479017146885,0.6809720720048225,0.1591977437539418,0.23392568047660112,0.23477396939239878,0.2752165759405303,0.2589778055247869,0.2033390587616818,0.20784478441749102,0.22504666248737953,0.1919442507786009,0.22584622563346018,0.15177848884475328,0.17651470221793086,0.26972537981424566,0.24773499789254827,0.262386239023391,0.0986025850444185,0.2511405896443657,0.06998729610495548,0.19018028312327082,0.25721888628737977,0.12162969831477609,0.27541158020824863,0.138817774431145,0.26561946843086826,0.14924874368732066,0.14921439295689246,0.22985880459989916,0.09625506939370065,0.13086383910388366,0.1875805359747559,0.20479556158451306,0.05469710615338011,0.13994490119469732,0.19391975254530527,0.18090557519356498,-0.0022640313169306255,0.20458673593454016,-0.09781410663165263,-0.03172391764881365,0.06304294376390307,0.02074202080489077,-0.03501969217437943,-0.0562780302382339,0.09281411786583604,-0.048925290414114024,0.16040508909029735,-0.3056362890803153
0.09003685084109463,0.18652451932994818,0.21216631698814056,0.1849803050257206,0.19036980549931246,0.19253747096427634,0.15901391210556218,0.21847861216762263,0.15412414853225556,0.1704462783906171,0.20796716334753965,0.1591977437539418,0.40145115286192873,0.164666869134484,0.09367449420747627,0.18473237105555335,0.17343330044099817,0.15397238647528738,0.15840384580190928,0.1517430224489421,0.1438505132271777,0.20479863005156246,0.11811836768800403,0.15390672075179462,0.1493779452851714,0.167384392130836,0.1664917424678698,0.10348955394480443,0.22926030195420188,0.0979818670711583,0.12914720895502396,0.16837785718923118,0.1170966555139377,0.20740413531262428,0.13618289325600635,0.18092600951676635,0.1680582930502251,0.096269550270221,0.1941928413536941,0.07557031651324454,0.1348493254152514,0.1403186657820294,0.14477097019731566,0.07834686580623473,0.02699328118767606,0.16113057479378312,0.15792307747515352,-0.007674718965523972,0.1587591391366792,0.07052609696906903,-0.024526086265162148,-0.04096811037320281,0.026117570077693275,-0.041268898052175325,-0.026995829919085088,-0.025590135363688288,-0.06729296944727198,-0.003903717789694933,0.0815088917209674
0.1574316544178643,0.1590810032673148,0.18755176197706513,0.27434261306029467,0.22809966778091886,0.26065773152542254,0.17104678438962584,0.2516103228328121,0.17762672052974326,0.16568247356093763,0.19523919472645537,0.23392568047660112,0.164666869134484,0.5605217621642232,0.2203320338437398,0.3195540971722467,0.2109798761223059,0.16078777024419616,0.19223367583025003,0.2339211492109108,0.18255859246933778,0.245212353411857,0.13517242990086414,0.20561166084147514,0.2193799789692407,0.26721414099796986,0.19556544061430323,0.12575545757316225,0.25211771788268056,0.16812787214893157,0.1790187885844372,0.35439889657831103,0.11450044935713553,0.22639672952688777,0.1593515862095597,0.22506167178789635,0.19345408511244505,0.16202220200362524,0.17469872939323897,0.11463874417213236,0.2104157406324133,0.1887075322269456,0.23448039726739486,0.08209761612843673,0.11481877385667426,0.17678859229172453,0.23154518737787205,0.004455811947470666,0.3229512317290921,0.028636656592398876,-0.023793379466164426,-0.04637079284430623,0.05149630516098917,0.0037327970287719847,-0.11842737565609464,-0.0039001506036308096,0.007265988218272067,0.19335433944103755,-0.13671585146885995
0.1441328324629943,0.31755592077055245,0.3217563803471881,0.20095708617319444,0.21183655964447567,0.24863166972504785,0.13293324989120608,0.17669642665477062,0.14271107872073444,0.23172162619626777,0.258910507962485,0.23477396939239878,0.09367449420747627,0.2203320338437398,0.8602033700006361,0.19627317368477137,0.23891743340588598,0.2542589261261875,0.19692322352448136,0.2718513172868076,0.21128528586716222,0.1437649898831234,0.17775467955892665,0.2008795704859777,0.27240651684455275,0.21217039984075053,0.18930613241010422,0.2137689111870436,0.2928409395920887,0.18808791125260954,0.21741728790587544,0.18489725329594114,0.1649320861542636,0.27890938448613656,0.17810627723295808,0.24060825782105422,0.3380629113050832,0.15508173000501674,0.21043113383376988,0.07010578684300148,0.21766387715898863,0.20856198855897987,0.23171112557175355,0.06972231683156693,0.14157478614912417,0.21158300483238313,0.2489679773688812,0.022149611893375467,0.12568318287975996,0.11485178347463655,-0.14136901660378742,0.2324812624772532,-0.13981076972834677,-0.06329231401177517,-0.01787059100687741,0.08199809604235045,-0.13307923599652258,0.08946323889711073,-0.045674308677887826
0.12962589649296943,0.16503500433514048,0.16805689183407785,0.2809643332452735,0.26245423540359764,0.25337095065499443,0.22230318318410344,0.22267632214806513,0.13706954146127115,0.18330688786339416,0.22750808897094324,0.2752165759405303,0.18473237105555335,0.3195540971722467,0.19627317368477137,0.7125569063879348,0.2692239113557818,0.20129465071447467,0.22727849257534213,0.20141217171852943,0.194287673397449,0.3496666274128824,0.147492825686784,0.19933912983136906,0.24652518183601974,0.20400892156039332,0.2495002146963535,0.17289092302998296,0.29875793778115456,0.1799155103572185,0.1842767982159015,0.28036309172481866,0.10717629790851226,0.27727778623540816,0.2589230824566133,0.2407731018395515,0.22197062785568195,0.14546319094711216,0.24220681182112538,0.14881838338249334,0.2106865445973875,0.2223657069157454,0.286551643804529,0.09981671258790359,0.11954870241500852,0.1810072421928695,0.2398957089630417,-0.024312682565045093,0.2915458077029574,-0.053994639632203204,-0.04499696781503159,0.0037365419715817173,0.0232478719920325,-0.012416934149021456,-0.0686716457480358,0.04709224532161648,-0.10964891125603793,0.21536756288772932,-0.13906731315367268
0.10589291842079708,0.23330724340400508,0.31295012387163623,0.2291102644172049,0.18321554945316412,0.27931936069962976,0.2208449789373835,0.2622142460506052,0.1935751301969108,0.2237683317879129,0.28150806287711816,0.2589778055247869,0.17343330044099817,0.2109798761223059,0.23891743340588598,0.2692239113557818,0.7589069487078258,0.18748168128816217,0.2120861408139668,0.3548970789793883,0.25052865877626634,0.2696561233335727,0.11543873909173064,0.2102403964455601,0.2668116548633505,0.2013373646174331,0.2380875110929676,0.29726345707175855,0.279735047970342,0.1621539678756369,0.2472817928275972,0.20505322631549627,0.22796492204646157,0.2716749612551692,0.2525615326140804,0.2809910807190964,0.4239887837664717,0.22299960419530673,0.2944120340928645,0.13498824889810918,0.22459874689467274,0.27786705964209696,0.2790844544277484,0.08893345406581478,0.3080102238986593,0.24263888815272552,0.2865326005976028,0.0052403110636933545,0.11813469865670333,0.1613910052791513,-0.026913538450715778,-0.007154357563102551,-0.05600667828659413,-0.05339233355383844,-0.08731438834984787,0.00515648480953186,-0.06965193252174491,0.14114158490903503,-0.1593986224975842
0.1648648357388455,0.3302203921628448,0.29936871876212895,0.2196013441928873,0.2000795186014058,0.2231697022836217,0.21444364084979806,0.2695983972350428,0.2037155920182509,0.26598547099510533,0.21876253499561504,0.2033390587616818,0.15397238647528738,0.16078777024419616,0.2542589261261875,0.20129465071447467,0.18748168128816217,0.8910177509193833,0.19277416596891822,0.04402965081916955,0.22862745911473883,0.23956624164431944,0.3783019284597589,0.15987494138474848,0.23296123085453221,0.2948355634417207,0.1227026919813202,0.15908864914099793,0.27417912117442617,0.04750375813063597,0.3004869397780567,0.17392440615767996,0.1710583858579487,0.2828675374106752,0.10954401102308972,0.2746769238366438,0.30735660752929705,0.08051869753472189,0.1846322404001544,0.09659154426824125,0.20043215571231174,0.17944245007178722,0.3092089372219329,0.07643830819775597,0.2227488350200774,0.25045733961802275,0.38809760480897687,-0.018155142480883756,0.027151674831917234,0.1294412785185516,0.17123501457223286,-0.043722648265685164,-0.18130468038722444,-0.11045703971995156,-0.0023632383376449274,0.07473586381177016,0.010015793324503214,0.20977284229073087,-0.3242638383636026
0.12060633982491058,0.1623897998730561,0.2342380104297367,0.2306315161870701,0.4098876140237661,0.37571889149238175,0.1370812179304818,0.26177667840510005,0.15901138867345188,0.16452662969966458,0.17611834714596397,0.20784478441749102,0.15840384580190928,0.19223367583025003,0.19692322352448136,0.22727849257534213,0.2120861408139668,0.19277416596891822,0.8341009619824991,0.16785447591571323,0.19875492496650757,0.2268131103846262,0.015597929072158448,0.16012989235238254,0.17711848682241893,0.13951221408979406,0.14957599746796182,0.18169087076013468,0.19460859652222673,0.1000082839915265,0.20847934663680334,0.19819817890311756,0.1814162551168539,0.21245000364088515,0.05784226987864072,0.21024781157194505,0.24991602690551326,0.14623705002979226,0.24344910115277243,0.07161186335279728,0.13828347812635108,0.17440435856575595,0.1762627774660755,0.0609529222898818,0.1490737615401642,0.18747055003102522,0.16207481324507136,0.01365472907842017,0.08887150009499915,0.10558887744186778,0.08509235691229637,0.19644638039772674,-0.1917971560927619,-0.1286460317318545,-0.04839123213124595,0.00023686783465064152,-0.023735189879268096,0.12196957842232668,-0.08074632398997375
0.10474124262408539,0.3437063511042449,0.2750421102742188,0.21454424044363873,0.18439533544851505,0.32954146138082746,0.16460034622642952,0.288440195629549,0.15285033098349635,0.1542649827513152,0.28511389228270784,0.22504666248737953,0.1517430224489421,0.2339211492109108,0.2718513172868076,0.20141217171852943,0.3548970789793883,0.04402965081916955,0.16785447591571323,1.190711766620953,0.19503533493366032,0.1462339910783708,0.031704522569385274,0.2491294660980651,0.25471693145281804,0.2534053885353875,0.32594002163727415,0.23457807083212243,0.36524782399593014,0.3558653375458535,0.2659612719087411,0.22730537434033496,0.19019092739263785,0.33899845871075407,0.24689547935534692,0.19131101617474067,0.6591047150043833,0.5311392464747158,0.364347996788302,0.23699385222172598,0.22425899647100203,0.26333290803473586,0.4935097820872349,0.07016613824600056,0.5203579211504512,0.253726363799613,0.26216359483480767,0.09756217620250053,0.35942371002953416,0.00428800984505003,-0.17175977840610737,0.13384667581584614,0.07000495617371498,-0.0630528901820454,-0.056253648157017735,-0.04073802865979078,-0.03509310448748922,0.13461665711809115,-0.07409631951158621
0.12204640304476311,0.26437739057887716,0.25827150229645846,0.19706286061142259,0.17658721181299092,0.23651173718778568,0.1901826771163858,0.187079192546578,0.1949046065167588,0.14934096170858813,0.2054838590221268,0.1919442507786009,0.1438505132271777,0.18255859246933778,0.21128528586716222,0.194287673397449,0.25052865877626634,0.22862745911473883,0.19875492496650757,0.19503533493366032,0.5648963006770265,0.20694309449978956,0.14671915854242704,0.172087706234872,0.18361242613552695,0.18824032267466184,0.1626773238264174,0.20119628542078397,0.21478927751183405,0.19892612705320434,0.2594153248651251,0.18549453155543585,0.19989054225113428,0.20795787233811724,0.21050036193103988,0.2922972863637393,0.33402128671398373,0.17151249839252555,0.28799409191754466,0.17299399279545935,0.26874228087525015,0.38064551870670627,0.30603534053497,0.08406561156188175,0.40637282119376483,0.1988142478023803,0.2744273882964424,0.020473345358672117,0.01695261631361314,0.09915959723138566,-0.018457029195983056,0.0021700838484462423,-0.03855348049343873,-0.05163946528580897,0.024016812929637116,0.008429721700353412,-0.11241966333184673,0.09948894694873213,-0.06191730772281328
0.1398588114187405,0.1945034120343352,0.30370988795411374,0.23466800653090067,0.2153312639232643,0.28087937915740346,0.25524323006101896,0.20080489960839903,0.36819279153285,0.18066541206975992,0.20108898963691774,0.22584622563346018,0.20479863005156246,0.245212353411857,0.1437649898831234,0.3496666274128824,0.2696561233335727,0.23956624164431944,0.2268131103846262,0.1462339910783708,0.20694309449978956,0.8542795271683045,0.23986466862031158,0.2127110777225742,0.19603267458244333,0.21475253165151928,0.22039172387197306,0.14285802687875673,0.3206415632253308,0.14411780153925388,0.20091673440093089,0.27915014043431585,0.18959577538583408,0.2889546865148896,0.1403156558265033,0.2956583628482863,0.2119699395661251,0.1534342119486869,0.28328625122152573,0.09416434672234315,0.18858162053286548,0.2134209898477233,0.27178428792135634,0.12564464533053865,0.010772147537447258,0.26013709382101463,0.2341484730377103,-0.14392492108642468,0.49831260435198443,0.022447018817738022,-0.023746505602677034,-0.0871199004963252,-0.0034377669769197826,-0.05712339538565349,-0.030086533194541985,0.07490076004561329,-0.07014809043475405,0.10115079667099176,-0.15194802536326246
0.07868099652958224,-0.0197123050679163,0.14453152979675762,0.1855105996415096,0.15061255362282186,0.1086752658616563,0.18067057347447274,0.1325942616216397,0.17492766955402925,0.17681963267602904,0.14014360726029537,0.15177848884475328,0.11811836768800403,0.13517242990086414,0.17775467955892665,0.147492825686784,0.11543873909173064,0.3783019284597589,0.015597929072158448,0.031704522569385274,0.14671915854242704,0.23986466862031158,1.3493602046674895,0.2917739877983643,0.3441704091260824,0.014048623853624586,0.09851792555242708,-0.11575765898527161,0.3970494087771584,0.2695937867740539,0.01270608252381116,0.11423801587555403,0.1736767704615345,0.3238494855528393,-0.06643678396250319,0.4331442736392736,0.17352541615429667,0.015969105854665013,0.33198370611046013,0.08884226667628085,0.1988891496165044,0.12601737330753418,0.20474769234892368,0.23516734595570493,-0.1482920914103367,0.28075164335789937,0.313331475323687,-9.590417821858191e-5,0.17796299507729954,0.01488792987097407,-0.021859456703849027,-0.08796359504430253,0.11186973113009673,-0.062499136225290755,-0.006464112019491451,0.029916236192785436,-0.04413455292987568,0.018225729756336847,-0.03680295317384143
0.06041774986294113,0.12648426369098856,0.22114914841225256,0.1992629681240841,0.1757576560941605,0.20936189190943305,0.17028710424851595,0.1695422125030819,0.18948404704479208,0.170003224991064,0.18683650375844107,0.17651470221793086,0.15390672075179462,0.20561166084147514,0.2008795704859777,0.19933912983136906,0.2102403964455601,0.15987494138474848,0.16012989235238254,0.2491294660980651,0.172087706234872,0.2127110777225742,0.2917739877983643,0.6676291936264558,0.248945576503046,0.12658505160333405,0.17908091579469926,0.2082314833121745,0.25419624418533615,0.3830059413924161,0.21992199414253077,0.24742903169949226,0.38658340307238725,0.19967916231445473,0.1724461205238871,0.3416690298927638,0.30763851376364526,0.1692793888919453,0.23174278757252487,0.07042612975161194,0.18726077913009842,0.1902386297039581,0.1851535498958983,0.11516164128941268,0.05170997458454247,0.22975324095735655,0.28298921330719706,0.015094470942722362,0.26505096007346063,0.015881867678722742,-0.09702356306938796,0.045498734726814156,0.06361593752543895,-0.06664641829767597,0.002961196766886534,-0.022755444588835255,0.05656602860744832,-0.10928134075365951,0.028293506303463348
0.15813934679116426,0.18578622512245851,0.25524808596279436,0.21582650687216065,0.17819227792709252,0.26882607044585194,0.2064920102694676,0.24173772939781465,0.13912306639054547,0.20932971485914414,0.21969396418002282,0.26972537981424566,0.1493779452851714,0.2193799789692407,0.27240651684455275,0.24652518183601974,0.2668116548633505,0.23296123085453221,0.17711848682241893,0.25471693145281804,0.18361242613552695,0.19603267458244333,0.3441704091260824,0.248945576503046,1.3168353145141514,0.14676253412134638,0.22690637106532427,0.1149833127503957,0.5835034793794387,0.3042223057840041,0.1788191528016209,0.2083552147927781,0.10776688590152629,0.44340486398997514,0.25628428939124387,0.3107392389955717,0.27546852397856164,0.17945075200062435,0.3130892527462991,0.08980851466165622,0.19328062131457535,0.19673641038375933,0.2876313073916394,0.1302976410934514,0.15246110008630576,0.3355418373856735,0.31201405053769166,-0.03458969936301455,-0.03866368037891544,-0.35074293303646753,-0.1571226125037185,0.17288091861966945,0.15091893872564402,-0.017956482575950738,-0.008420710490237652,0.06618587365408793,-0.003360477648356147,0.08028395724088186,-0.18924052142534226
0.11646771980774308,0.2609978980851026,0.2756769718852007,0.2353783020838828,0.20638803049992502,0.2979793134312633,0.20668913792116353,0.29037041384031975,0.26906996395539373,0.16092156656425716,0.24205911168954622,0.24773499789254827,0.167384392130836,0.26721414099796986,0.21217039984075053,0.20400892156039332,0.2013373646174331,0.2948355634417207,0.13951221408979406,0.2534053885353875,0.18824032267466184,0.21475253165151928,0.014048623853624586,0.12658505160333405,0.14676253412134638,1.5145472494663916,0.2098053741616954,0.2026196124365889,0.014862133223807568,-0.21370714013390438,0.2256057786843505,0.3256507647427995,0.09016548912524693,0.27142604184791785,0.23928287400807893,0.15994600341398918,-0.03954612655908889,0.16792248987169095,-0.30788168756101775,0.105523741543412,0.2402198371748242,0.2377238442339144,0.3083154666643177,-0.003097241158722291,0.1458048651507666,0.0977201072764447,0.06727033679874485,0.03172195590226257,0.2940631532711793,0.17819454499101453,-0.07440245158251847,-0.03454109341575928,-0.17648683097021306,0.00112573143656802,-0.11529103036872343,0.03558860535885709,-0.074513149934394,0.2595536276060335,-0.18762642972595506
0.12136171287252936,0.22464468294401355,0.22326835192403127,0.18167905845935398,0.15060544509290572,0.23095188247039597,0.18906230290898546,0.20806237535355668,0.16715027934460552,0.1852438220255293,0.21814062598143333,0.262386239023391,0.1664917424678698,0.19556544061430323,0.18930613241010422,0.2495002146963535,0.2380875110929676,0.1227026919813202,0.14957599746796182,0.32594002163727415,0.1626773238264174,0.22039172387197306,0.09851792555242708,0.17908091579469926,0.22690637106532427,0.2098053741616954,0.7964977430712133,0.2097095139765555,0.18906948876565177,0.16177871084292533,0.21906393757172382,0.24659689837299484,0.18922749667458924,0.23529012264805857,0.2220316396022423,0.31492491738255024,0.2726511165933844,0.19217585088243053,0.20018409622938127,0.14472357834222888,0.20406957302675557,0.19851917428350993,0.365964748843327,0.03806299754913512,0.15735320455623975,0.22335496639101918,0.17211056022017868,0.013068790609236275,0.2782694506001138,-0.026745849743082622,-0.11110339441367872,0.08949446773640109,0.014981720272090339,-0.0007059198325550116,-0.008825218407952367,0.04308029420605167,0.021880777839351575,0.10094949770999269,-0.1688806736582792
0.07752859297739818,0.2109883996464707,0.22375868025771642,0.0789871410886497,0.04335901072301388,0.15573162986008365,0.09973296967013709,0.09420506048143884,0.12942269560197706,0.14028010050794046,0.1307038411496161,0.0986025850444185,0.10348955394480443,0.12575545757316225,0.2137689111870436,0.17289092302998296,0.29726345707175855,0.15908864914099793,0.18169087076013468,0.23457807083212243,0.20119628542078397,0.14285802687875673,-0.11575765898527161,0.2082314833121745,0.1149833127503957,0.2026196124365889,0.2097095139765555,1.2121150409739876,-0.026860315231100194,0.22406145891643683,0.31361794493641454,0.1523134799697723,0.47813749375743775,0.040664754611726105,0.6881553379020737,0.24539082600462636,0.40795534367120057,0.17155477924822168,0.12337658201121605,0.14007680922063973,0.2638656468293797,0.21821216880126706,0.258014373765942,0.1672354793821979,0.23571950650218074,0.11026949764074397,0.1837774923822798,0.05551930343199003,0.07951981265501137,0.13585121791494265,-0.053593551164458,0.47903467631884405,-0.5745555278839697,0.0038952936549039633,0.1165035949632001,-0.0009043389259478055,-0.017919668203924773,-0.06646866929315018,0.08284325290394534
0.1436533001478318,0.38670759807848143,0.37181361259356976,0.2634124793046383,0.22502233377259198,0.3916755123702942,0.21845714555796217,0.27275066780609863,0.18383158544710135,0.25873586005830485,0.2697679396672356,0.2511405896443657,0.22926030195420188,0.25211771788268056,0.2928409395920887,0.29875793778115456,0.279735047970342,0.27417912117442617,0.19460859652222673,0.36524782399593014,0.21478927751183405,0.3206415632253308,0.3970494087771584,0.25419624418533615,0.5835034793794387,0.014862133223807568,0.18906948876565177,-0.026860315231100194,2.4805520373513055,0.28637061575562706,0.0028861332880761497,0.2682003404284137,-0.05358371161089478,0.5868362572701113,0.0838358132519564,0.4888728316442454,-0.010215637102089706,0.08056299091586941,0.38449592190372656,0.14495238701125002,0.2987199451312472,0.16697573906670435,0.10709541789683782,-0.08321013140238624,0.040379405619626905,0.4010479539768398,0.3795039364202672,-0.10592288813491266,0.5653463828361078,0.2198775683997912,-0.3639753885221667,0.021962911816574626,-0.08443979765802143,0.05045653502296754,-0.11642714456696576,0.0006566287254904018,-0.1610775296855205,0.20051071802197978,-0.033937177640033116
0.09546955945409291,0.07913410488076737,-0.10385289452439317,0.10829585873475414,0.07184632345744894,0.10163955906987762,0.095042313679285,0.13312306797521603,0.0639225465844275,0.13567856474635953,0.11396829682987977,0.06998729610495548,0.0979818670711583,0.16812787214893157,0.18808791125260954,0.1799155103572185,0.1621539678756369,0.04750375813063597,0.1000082839915265,0.3558653375458535,0.19892612705320434,0.14411780153925388,0.2695937867740539,0.3830059413924161,0.3042223057840041,-0.21370714013390438,0.16177871084292533,0.22406145891643683,0.28637061575562706,2.4677241428826067,0.18996057328774116,0.11930022249538667,0.18650825866671486,-0.036394894991675565,0.511712195228641,0.35537737335528863,0.6317998090989704,0.2609757577926878,0.5634544006280632,0.17668661767636318,0.622536420773259,0.23456804622816932,0.6762530689827372,0.2974108336886058,0.41087782512629484,0.29814725609008863,0.9049314626771711,0.05497151991819198,0.47082103887824883,-0.12942691008463408,-0.17682086593168028,-0.16200346044920472,0.2611848971980161,0.038449748792920964,0.09041634382356663,-0.12478718260207786,-0.041694820365340245,0.20406450694610923,-0.12033573383231086
0.13316016103220402,0.20670725464601053,0.2651513285519406,0.16655868008644842,0.17448984890883257,0.21032195536158274,0.17619689740442163,0.1859966827344109,0.1983952910949802,0.18610614109023904,0.20227394855580713,0.19018028312327082,0.12914720895502396,0.1790187885844372,0.21741728790587544,0.1842767982159015,0.2472817928275972,0.3004869397780567,0.20847934663680334,0.2659612719087411,0.2594153248651251,0.20091673440093089,0.01270608252381116,0.21992199414253077,0.1788191528016209,0.2256057786843505,0.21906393757172382,0.31361794493641454,0.0028861332880761497,0.18996057328774116,1.1129773874498459,0.21662962371409958,0.2739724874707907,0.18646912984358494,0.2636313634478672,0.49892948077438626,0.4014330876350263,0.25375245623832227,0.24030556558877292,0.0963170500169685,0.2598060542300779,0.2471951268239578,0.19666668564972253,0.08599336788294913,0.31300722703221434,0.28302004982161755,0.26423888001660195,-0.0077216309404040066,-0.1725939368169129,0.15481762200616325,-0.005154781004145941,0.10787003840597133,-0.12075853563545809,-0.09915448364576797,0.049984760397848126,0.07158262512042447,0.10162880340291523,-0.04511748330045515,-0.19303508903806374
0.13482624772328172,0.1446006198688537,0.20920866874696914,0.2275925159035576,0.21126541768862245,0.266514678840168,0.19239214897307322,0.21308208202902423,0.19175882964853347,0.178130293792223,0.20166521714001384,0.25721888628737977,0.16837785718923118,0.35439889657831103,0.18489725329594114,0.28036309172481866,0.20505322631549627,0.17392440615767996,0.19819817890311756,0.22730537434033496,0.18549453155543585,0.27915014043431585,0.11423801587555403,0.24742903169949226,0.2083552147927781,0.3256507647427995,0.24659689837299484,0.1523134799697723,0.2682003404284137,0.11930022249538667,0.21662962371409958,0.6990101156263957,0.09650807269198051,0.2551375884487912,0.1222566427695306,0.2774464621182581,0.05699102024669118,0.1774134016202873,0.14821743797002251,0.10498653881028212,0.19737795739168368,0.18906029023617354,0.17926987111588005,0.05399006615194098,0.11049241427520314,0.20610861905997227,0.2083018114063948,-0.01983540379565924,0.29549297454577783,0.0387986157809853,-0.0014133580670735255,0.10733284357738064,-0.15426380690032918,0.01186153988473438,-0.0982674538662757,-0.006959563692883385,0.2394279698775046,0.024116747304968135,-0.24069445362571706
0.09542832798806031,0.19800094953260114,0.22152141774385253,0.16618788790093375,0.15246682873064804,0.09066232375561613,0.15445160945432612,0.10371154849636752,0.2024632155428293,0.09292824251005077,0.13059588062640462,0.12162969831477609,0.1170966555139377,0.11450044935713553,0.1649320861542636,0.10717629790851226,0.22796492204646157,0.1710583858579487,0.1814162551168539,0.19019092739263785,0.19989054225113428,0.18959577538583408,0.1736767704615345,0.38658340307238725,0.10776688590152629,0.09016548912524693,0.18922749667458924,0.47813749375743775,-0.05358371161089478,0.18650825866671486,0.2739724874707907,0.09650807269198051,1.6754723533373832,-0.15230909626272932,-0.3363903416262655,0.14973672393242488,0.5828307767691883,0.18124790491695422,0.09136378342348005,-0.08137443562932929,-0.09081991788819109,0.2121707019615914,0.18283803390125208,0.12375200076385788,-0.14597433716943542,0.17527481815894191,0.2695051888074373,0.09606584673341818,0.269624202451289,0.17607261184537684,-0.07485094221807502,0.12332815041779345,0.048127321568386755,-0.2792855273505057,0.032242388619055054,-0.017236673816311793,-0.08917976529660054,0.004714599734079768,0.06214305717473822
-0.0694286729200114,0.25557164801925886,0.32663393426721915,0.3159774101423381,0.300367044321616,0.3383518054713663,0.2491916567578105,0.30935440334840314,0.21053882372407245,0.31070134472012645,0.26361050512987694,0.27541158020824863,0.20740413531262428,0.22639672952688777,0.27890938448613656,0.27727778623540816,0.2716749612551692,0.2828675374106752,0.21245000364088515,0.33899845871075407,0.20795787233811724,0.2889546865148896,0.3238494855528393,0.19967916231445473,0.44340486398997514,0.27142604184791785,0.23529012264805857,0.040664754611726105,0.5868362572701113,-0.036394894991675565,0.18646912984358494,0.2551375884487912,-0.15230909626272932,1.7688860923624645,0.3249370075062225,0.2219581718526922,0.5244281782015076,0.16705795470548754,0.29357007910624033,0.013361545498677806,0.24478430023030714,0.2606358712849652,0.4203503860188403,0.19041205652826973,0.038420520351685264,0.21121179939246396,0.33832829370650164,0.023273279686402658,0.4094727969810891,-0.17514313401991471,-0.08021450452396856,-0.0020878241925874077,0.10955870149888161,-0.06911299506134137,-0.09977068761845642,0.0918193049205578,-0.18264721157441258,0.10242617868724761,0.05210465119205575
