4.727696765805839,0.4212101055080283,0.411440997256215,0.4998427155784471,0.17840315321261557,0.24156401749826723,0.17892884392453,0.07872521988665365,0.15885877115318559,0.0982301753488496,0.14264787006906593,0.22935817537074385,0.18964423871860955,0.17893679473444768,0.17163815911039973,0.13993894104521978,0.20391675618531616,0.1747885545319551,0.12639799587436873,0.28001209329015064,0.5659080290182954,0.1770537942647706,0.462977205157692,0.12538243497097462,0.2794497015317999,0.23137929388028522,0.18486614167468127,0.07881414981184698,0.11890737780010724,0.3380419850603525,0.35013153621051474,0.11216646354320886,0.158481091948597,0.20998812352321994,0.25779546119575,0.289584030315401,0.20055762523816506,0.26905803663410177,0.1841195805282631,0.2221705059001284,0.10097622463067847,0.44169457916293653,0.24352351966924846,0.3338981106256738,0.17321813763095578,0.08524367307877886,0.2931887494330035,0.1452870176551119,0.5572846986827981,0.21763618905726376,0.0011851523054119315,-0.32678371240228876,0.16710912005919257,0.1344658703228863,0.40984643895559086,-0.1309443245394536,0.25616664919764187,-0.29091619051136697,-0.23044759496927858
0.4212101055080283,1.37080113862562,0.2407982199134709,0.22456066088358095,0.18833629518498923,0.30597036223856583,0.2516203269093225,0.21457040311311143,0.283860622852343,0.29188734266982186,0.2936456812674456,0.27998894677148234,0.26015804588895197,0.28623803171243717,0.28829707336396754,0.26196059529174076,0.28110516335978236,0.23673565110146186,0.15240261697537152,0.21876450460271143,0.29688515201141336,0.1690692179280788,0.2622317577310952,0.14727613034357384,-0.007490861035524424,0.17004658692961122,0.06742675765028716,0.20529309899663714,0.13190456550845467,0.2000244726442435,0.04496406214452816,0.13481129300911768,0.25179927132511976,0.1495027900870059,0.26086062957784606,0.17407662403934795,0.13601959428311908,0.19487257668775163,0.09672342185720377,0.1994112075867369,0.1098368274665136,0.16162373749071446,0.2134805409679149,0.07291308526277263,0.23020593332246614,0.19120570655318553,0.2526438627586175,0.09665272886310756,0.23848756279264718,0.0395443086269836,0.017496684721414472,-0.02610942946683541,-0.03081814831122578,0.0026571839749981656,-0.03840157279693965,0.22447103353901063,-0.16500205101899346,-0.22635294601377673,-0.007867652472644648
0.411440997256215,0.2407982199134709,2.1706178237728486,0.35971998707211444,0.09981100324899324,0.3165406687400408,0.17277818102245127,0.3049071480433025,0.25464848260324346,0.27849581728276873,0.36548358821365506,0.3134710225171882,0.4225050012298179,0.2350326613640322,0.1509698587941282,0.2992046468378933,0.25663739585661094,0.30155735212667056,0.24763510400454816,0.3430434883827613,0.18088241221165038,0.23612088746204002,0.2952807114032928,0.19437036517725284,0.17986000546119443,0.17487920410356533,0.22256453931015255,0.16441305505414638,0.10332726031285606,0.20235666892625942,0.24598724506842518,0.21541863716170503,0.19019255030079874,0.1587532544022678,0.23986085184537065,0.16310230199445638,0.19677537516133783,0.2002362618355548,0.12099835723230767,0.16183517803106293,0.11896850248729005,0.14231785297762917,0.17791336885918568,0.15717194073063903,0.23475632840016836,0.19602277500757248,0.22182037214385616,0.12889994689118336,0.26766361585675497,0.3086310978955331,-0.018409327686104357,-0.16857538872777253,0.12099237912690794,-0.07827841664873393,0.03440190051407708,0.10555952393939863,-0.31136922183258703,-0.11375403335982318,0.09268697264378394
0.4998427155784471,0.22456066088358095,0.35971998707211444,1.9752449665744911,0.26090569899206156,0.39571250892046117,0.29223854114327696,0.5145962264585352,0.23480378655298315,0.2267649545897983,0.11769544716582031,0.30768102090697924,0.22283268110076498,0.19732961431341056,0.16890809561169454,0.1999957797199195,0.18048168582438542,0.26199609182734296,0.10042238169050363,0.13944157815736866,-0.09572178783709206,0.3823393412564434,0.22394380763787422,0.15945698114966705,0.06686308871629312,0.11164505070396175,0.05436472184485344,0.2968028688078747,0.10663319979775429,0.17884845137539765,-0.18092140829806067,0.14819890444517664,0.17371990796958953,0.15248433675424256,0.2105276939363779,0.13495604440694428,0.11690320987078533,0.1052669480453018,0.11320325353785339,0.1729216423140383,0.12982021169427443,0.16558605201347043,0.23101246639156536,0.11566213827790492,0.17746255841696637,0.08055419094248156,0.1674922525330054,0.07777873400379028,0.23536888332229045,0.2260702356574521,-0.06799532683520347,0.061885260723998,-0.06845899879012624,-0.1460971432949957,0.022066661393641485,-0.0005822183606595021,0.10289196621131948,-0.033592448704292406,0.07278313026862737
0.17840315321261557,0.18833629518498923,0.09981100324899324,0.26090569899206156,0.7873015159203195,0.27192978683836416,0.2777852433897452,0.3988887457384703,0.3116442903542463,0.3496447572407087,0.33657542555829956,0.2920480450825829,0.2463718499143827,0.28590872795200084,0.347442547316263,0.280723006599757,0.277039422268938,0.263219359941875,0.23387619269305687,0.20950768809885123,0.10553380692370394,0.23333997406349014,0.2246596311785663,0.14838116662327186,0.10706320106775666,0.22633541471397323,0.17588222186183078,0.19105514350333824,0.05631866218453999,0.1318595378314493,0.04761072579948214,0.16609044520541544,0.13935070650261605,0.15349684521708473,0.16625892413143484,0.1472896152313265,0.19414168921440816,0.13271039349035574,0.09172887725163588,0.17502713872051762,0.13133009563236822,0.1604992066414266,0.1668278911575654,0.0730326644688806,0.23342644593430592,0.14489751170473522,0.2036486541790638,0.1065889136693119,0.2737372004374957,0.1653776294534218,-0.03863031427884256,0.03643242203466665,-0.12279103795179341,0.0003350500061797715,-0.04547573374327793,0.04315927643475553,-0.09188880218674926,-0.04356160217914857,0.005521154386016944
0.24156401749826723,0.30597036223856583,0.3165406687400408,0.39571250892046117,0.27192978683836416,0.8909412596969413,0.27116182351676676,0.3904250898762549,0.2514643047228314,0.288723171833047,0.435664190479993,0.32363947476370225,0.3151452199480922,0.2328608033094282,0.31978396174314055,0.24835535408831738,0.2220388879919917,0.2368568682872767,0.21213937490629178,0.11133513375065636,0.11059441249077315,0.2852198110479159,0.24554128588031146,0.19353673360338572,0.1954413043915532,0.23379575076541387,0.11437496633056211,0.21927983106664245,0.08420277572094552,0.15131163552243387,0.08453371380104213,0.12101517707369658,0.16598385629227702,0.18837965083744246,0.18722170610276487,0.14732482356893173,0.1688739740383239,0.141836540800216,0.09472679146326399,0.18904138334039639,0.1407045316335037,0.20815211541239315,0.1659125413547563,0.11079893938503131,0.21738568198166466,0.11715419423416562,0.19355307195648153,0.1064120977712303,0.2217003792549467,0.12127809726262717,-0.008517495337864571,0.04963223824147352,0.010075908343039347,0.038813708959103445,0.009471341795012139,0.0673597236471404,-0.05840477919691801,-0.0654906367419343,0.009106356593656639
0.17892884392453,0.2516203269093225,0.17277818102245127,0.29223854114327696,0.2777852433897452,0.27116182351676676,0.6940648461851953,0.2520150725351194,0.40348786504720824,0.23374389399400705,0.3120575570605263,0.32176394971077127,0.2695926175487968,0.31058609444594076,0.2709322188469546,0.291101947096912,0.3155199349821895,0.2363289544711771,0.13814092896139976,0.09254241671882293,0.1357073623526595,0.2869756833505016,0.20045793446293328,0.1873092197907909,0.15242468119721486,0.22579060793639016,0.15707149110959895,0.21704256410487988,0.06141781122701066,0.12481107032309263,0.133463897401551,0.09937570503161569,0.13048011025717807,0.10649031569898464,0.17342011060086246,0.09311623725338476,0.19995962465680658,0.15159898384304504,0.1042085832934179,0.21938519854030514,0.12292531554371726,0.21317312158603577,0.1440258863032952,0.15883581410508477,0.2698974166312156,0.08584915230522733,0.23897117522134595,0.10953397653508097,0.21073779636234516,0.08141106885064534,0.006690151640933133,-0.06287540957135442,0.01833708377051641,-0.034622236961397844,0.07736710119404945,0.026715935920940907,0.032535526273767934,-0.08125716383291985,0.012791149155642105
0.07872521988665365,0.21457040311311143,0.3049071480433025,0.5145962264585352,0.3988887457384703,0.3904250898762549,0.2520150725351194,1.1697809970578832,0.18572140336596704,0.2976865937614826,0.35273746788495824,0.3307206489068192,0.3041841336791142,0.2557561441053585,0.30825196344274136,0.2683368308132178,0.21881744257402636,0.27873829737449785,0.34073043563738803,0.25642700152358266,0.06653970502253426,0.24849515803838498,0.24581864250326133,0.17159316547368883,0.14321608026364507,0.23510617327815211,0.238956104375009,0.19491505717290974,0.09985623160046816,0.14781949763394486,0.002444627356699681,0.24182036580103738,0.15720680134881088,0.18170543464373237,0.20124131316685273,0.16103296943168285,0.1958552535404666,0.15677206311208172,0.09727096252094317,0.17063495170612367,0.1991894578114706,0.19754188756533358,0.17750209726982308,0.07746424287543392,0.24254705862646592,0.2013244383050537,0.2220287046875459,0.12306891453445015,0.24278863596994998,0.09202976567928582,-0.12774256759535066,0.10329902224807813,-0.06696899633468227,0.057111345215286366,-0.22698769070941385,0.1123024119349112,-0.10825637690660724,-0.03332836426515484,0.04521511452806475
0.15885877115318559,0.283860622852343,0.25464848260324346,0.23480378655298315,0.3116442903542463,0.2514643047228314,0.40348786504720824,0.18572140336596704,0.7932923070550832,0.35661754489634667,0.35511609851991915,0.36869073745932784,0.3134822311062897,0.3167358882632787,0.33067501296004054,0.3279936738730392,0.3591897575605163,0.29871421311770047,0.24605462658110805,0.20352050277674702,0.14461841767486214,0.2900217492810884,0.22478132648167257,0.2105239625675092,0.16161461740748112,0.2513196087223234,0.1888665937679373,0.2358722936887588,0.12149323900547991,0.1606107762299141,0.13313020560868666,0.14456929883621442,0.18694901803942177,0.1500975251795235,0.21749700987801315,0.1405130641721942,0.18424599514368517,0.18316684341356396,0.10375383624138719,0.20791931802297683,0.0029492813472947934,0.21099092785601156,0.19250342658231234,0.10388738737029536,0.2510879220345633,0.1427781908778379,0.23784540531321285,0.11951259496838437,0.24879566119355298,0.294813417095726,-0.008211756553185545,0.00033572065841456415,-0.03713382602502241,-0.06763989566811468,0.1071914584291762,0.048923368042016836,-0.08048317257019456,-0.11206475071945377,-0.007895063826424109
0.0982301753488496,0.29188734266982186,0.27849581728276873,0.2267649545897983,0.3496447572407087,0.288723171833047,0.23374389399400705,0.2976865937614826,0.35661754489634667,0.8473108797663707,0.3147723111818874,0.3545147978474154,0.28791097839483015,0.3070330167775651,0.35221558144869297,0.3353395583647798,0.2992733309918247,0.35544534589899995,0.24053961958598435,0.1637880525089033,0.17437896721195034,0.38850103052386387,0.2779428950532693,0.22049291065246482,0.11878458553096767,0.25139382787312636,0.2081557874854328,0.2539890815750246,0.12135657176724243,0.1876175351799558,0.14656770019479542,0.19058406274147638,0.21544133240728125,0.22773090697485726,0.20877624997070215,0.21332984254993909,0.30023711548644544,0.19286846839654162,0.10221599649895005,0.16271712994678827,0.13026223954540633,0.20231565778794958,0.21222870525619011,0.05400504953423952,0.2734271692471115,0.1873436157038519,0.24937301403654907,0.13811202029823946,0.3285558615985821,0.24010914198060507,-0.019413195123043268,0.07428548913938154,-0.12382263735078257,-0.0249839232199883,0.02214210501876016,0.1064653113304868,-0.1887600209448035,-0.05493053420030138,-0.03200606422866155
0.14264787006906593,0.2936456812674456,0.36548358821365506,0.11769544716582031,0.33657542555829956,0.435664190479993,0.3120575570605263,0.35273746788495824,0.35511609851991915,0.3147723111818874,0.9957022215933662,0.3953084651028386,0.35512573522706303,0.32397124413500317,0.40454791266933526,0.34201730429231864,0.3168244401380516,0.24096934252554267,0.3168004803991977,0.1450571044312258,0.23289792587941452,0.3001820167866605,0.3250948150143168,0.1924014124897492,0.10841034493888309,0.2742585376509331,0.18572486312562408,0.2374206124959751,0.1095067602145092,0.13951128635923166,0.14510193928732448,0.1697674220795135,0.08444848975227966,0.1904701968577834,0.23620946681111474,0.18268366713835343,0.2702370337715636,0.19492801457647502,0.10055546101258564,0.2317578148084506,0.1129633716433288,0.2000457918869076,0.1716010121997543,0.06791992428974282,0.2701539646393148,0.2126643707861503,0.23310942985992733,0.10443795521503593,0.25448907836655255,0.37158804168762,0.06218633985211075,0.003924645553233861,-0.15594881059260754,-0.05123609634312043,0.06190348288183611,0.06995640076893857,-0.06453078172561635,-0.10747046274207453,-0.04051888224538343
0.22935817537074385,0.27998894677148234,0.3134710225171882,0.30768102090697924,0.2920480450825829,0.32363947476370225,0.32176394971077127,0.3307206489068192,0.36869073745932784,0.3545147978474154,0.3953084651028386,0.6072038946652968,0.37694916490824687,0.3513981353032002,0.36704026126200123,0.3502117268764794,0.33658225129033137,0.28834767436305386,0.3028730649372904,0.1817092446644733,0.19043739360964784,0.34481486782785337,0.3594385952141849,0.1990860939348768,0.1452394120450188,0.27238045541120554,0.21845553759951628,0.2906736344026835,0.10478218284992147,0.15988302747889124,0.09480753708782509,0.19880979628992845,0.14448206749908227,0.16750067916206343,0.25392312087758145,0.1663323297736921,0.24846026853088762,0.20393904806627441,0.10643226533921711,0.2062900621619651,0.12279152201392013,0.21396412166723844,0.19769416148627172,0.06959464306205379,0.2845011849679459,0.18920086854999493,0.22149290371303598,0.09816474300406502,0.25146173384185605,0.1211441615236447,0.038740883895294426,-0.028366674442231798,-0.0444658563697246,-0.0660170972133004,0.2357697939856757,0.09087720560311424,-0.1589318038240464,-0.1942573270573309,-0.003659973327611149
0.18964423871860955,0.26015804588895197,0.4225050012298179,0.22283268110076498,0.2463718499143827,0.3151452199480922,0.2695926175487968,0.3041841336791142,0.3134822311062897,0.28791097839483015,0.35512573522706303,0.37694916490824687,0.7127604556886709,0.290058761721046,0.3833003740515912,0.36016889881753295,0.26982836225450024,0.27319659758024367,0.36721025049770334,0.2739291871789913,0.21586244773678478,0.2375305552295949,0.33670791668679073,0.18503806208660553,0.08370640351732418,0.24756181192137094,0.27820642153051467,0.258162391156864,0.12316844366577016,0.15285443329549603,0.15146516272089844,0.25846433438586286,0.11404022306902847,0.16837896358436746,0.2653267760291917,0.1541831812543323,0.25562282678993015,0.20783626952447434,0.10248640903751569,0.17257646633099646,0.20563700529376758,0.20011489169017946,0.16843339515746042,0.08060147616886015,0.2732306264739763,0.19029310119773118,0.23820840088332523,0.11217006015880593,0.2242614446206657,0.08119477633205259,-0.021949367958931716,0.0005842180877095124,-0.02485703472407693,-0.032622784285933695,0.22130924380788874,0.07486546229662051,-0.20238648068200799,-0.19133631936580256,-0.011107532159462561
0.17893679473444768,0.28623803171243717,0.2350326613640322,0.19732961431341056,0.28590872795200084,0.2328608033094282,0.31058609444594076,0.2557561441053585,0.3167358882632787,0.3070330167775651,0.32397124413500317,0.3513981353032002,0.290058761721046,0.6398080967428151,0.36975015091046914,0.46442812322038396,0.4558424819856073,0.33689057299834174,0.26997574877243563,0.25540212886834274,0.21815433407765167,0.2643523320901919,0.3037738160900423,0.2435821248021058,0.17458209570150995,0.3141009634309511,0.15536861660363427,0.2845545449105529,0.0584919537874575,0.1628129818189664,0.06786514502955497,0.21458835945844756,0.16216580271213324,0.15744157758252816,0.17457529391598056,0.17190059001967156,0.1809001958591544,0.1841037737531262,0.10544294119540712,0.21735610581374648,0.16693036815394696,0.2570567687840813,0.1831359407208827,0.0981680245603609,0.3391396486093999,0.1463458629702876,0.26827345128965574,0.1212218229084427,0.25425215854427374,0.053065163152002486,0.04995068777988368,-0.16467009106327282,0.024690664273023806,-0.0667383857160298,0.2381655362991694,0.03754590212373345,-0.12214502365861234,-0.16386112486810211,0.025750486688911858
0.17163815911039973,0.28829707336396754,0.1509698587941282,0.16890809561169454,0.347442547316263,0.31978396174314055,0.2709322188469546,0.30825196344274136,0.33067501296004054,0.35221558144869297,0.40454791266933526,0.36704026126200123,0.3833003740515912,0.36975015091046914,0.7341775251996985,0.3862032804941738,0.37287500871152207,0.28454064650547517,0.36667751853981273,0.21558669784670706,0.23450140094174196,0.27369769857492776,0.3510468226473327,0.21330703366449508,0.08224494723508492,0.3665461894984019,0.26262608088845885,0.28135786373496985,0.047103777374341,0.17583915966517943,0.09099570543741324,0.22526884194346866,0.1286287592745939,0.16661022519313298,0.21519365085415662,0.1750830343733587,0.24148212118111145,0.20345025129422778,0.10821074404677358,0.21257331973471788,0.19976699784968563,0.2413445379808194,0.19132975446386502,0.08580663930387684,0.2782028913966654,0.16960234435252539,0.2576109459626256,0.1136392267789427,0.2820839692303967,0.11805762886824825,-0.03401405998331571,0.06082900865351093,-0.1092492467035555,-0.01819603943275145,0.19554502294223286,0.02841574809284427,-0.1318910797105566,-0.15154509281123849,-0.008884434837593512
0.13993894104521978,0.26196059529174076,0.2992046468378933,0.1999957797199195,0.280723006599757,0.24835535408831738,0.291101947096912,0.2683368308132178,0.3279936738730392,0.3353395583647798,0.34201730429231864,0.3502117268764794,0.36016889881753295,0.46442812322038396,0.3862032804941738,0.7375286727794464,0.42135989489916287,0.3584389834753497,0.2892224922152813,0.31440468161288215,0.17057688066025922,0.24753081667517068,0.31763651303581175,0.23966415734489344,0.16171052516236248,0.29031558178352024,0.16674814754970824,0.32933775713322666,0.04671762481223186,0.15684178578690094,0.06393859266948508,0.24981641891957315,0.15049339569613424,0.1303646692922034,0.16889202127240507,0.1807529735639872,0.1895461165165687,0.17867126747190684,0.1054716351592793,0.21215317088706864,0.19587753159315754,0.23688613868150254,0.1761711503527665,0.09528377156674347,0.34498573426505963,0.15285622188927253,0.2691663903035318,0.11822665765423551,0.24411277961066438,0.09648448631604048,0.003781694328409823,-0.11375042171459487,-0.0478558039347734,-0.02021418759228274,0.2869851770164501,0.0049664344443792145,-0.09803923539933711,-0.1802152559911595,0.011397174946727893
0.20391675618531616,0.28110516335978236,0.25663739585661094,0.18048168582438542,0.277039422268938,0.2220388879919917,0.3155199349821895,0.21881744257402636,0.3591897575605163,0.2992733309918247,0.3168244401380516,0.33658225129033137,0.26982836225450024,0.4558424819856073,0.37287500871152207,0.42135989489916287,0.6699386696840613,0.33162160734781504,0.22444626749742236,0.24731754169925121,0.2503519811340489,0.28804714421743643,0.3211413202613597,0.22440710793533244,0.17316766231512404,0.29522250596675337,0.13542893747412044,0.22714856612137865,0.08832831769603745,0.17102020582812585,0.10477024586567493,0.17725821003429015,0.18490657317270495,0.16101792665735462,0.17748615787621957,0.17709807432292507,0.1733449211782894,0.1680150767916827,0.10805202384204932,0.226437860379388,0.13730140975794247,0.2352856335362023,0.1841434164039267,0.0903870150244355,0.2974539544003742,0.1638584803489025,0.27032209063103513,0.11657658689593123,0.26637834671895794,0.026995194773418194,0.025589037495881387,-0.11856210374374479,0.006348689006980783,-0.048325882443858735,0.225792365162138,0.03529355552807448,-0.1184141353760922,-0.13721924129214352,0.027198536111378797
0.1747885545319551,0.23673565110146186,0.30155735212667056,0.26199609182734296,0.263219359941875,0.2368568682872767,0.2363289544711771,0.27873829737449785,0.29871421311770047,0.35544534589899995,0.24096934252554267,0.28834767436305386,0.27319659758024367,0.33689057299834174,0.28454064650547517,0.3584389834753497,0.33162160734781504,0.8169072014213882,0.31790652688317056,0.4303874576359637,0.1306199245283074,0.415775722118426,0.37393477681771126,0.3185698154514832,0.19589004783683492,0.28095724592386573,0.09731350504636214,0.3650538890035029,0.06241588086561394,0.17499664155139774,0.07838709638076471,0.266002192303268,0.1233737646737685,0.1822800585388917,0.2129599437165563,0.18223172528246565,0.26355797857365515,0.240448076872929,0.1014132938556377,0.16568868220427624,0.16211388544963903,0.21577358386164724,0.18567025540276394,0.10810151112232673,0.252413690750254,0.13930028548494322,0.26029521356911106,0.10472604799970774,0.22641110427061564,-0.029069435657511696,0.02847219266894185,0.05093317192425335,0.04751643535640788,-0.014012189761550099,0.13533107085734453,0.05229051819283887,-0.13531717339424076,-0.12663679975112782,0.010038274685715694
0.12639799587436873,0.15240261697537152,0.24763510400454816,0.10042238169050363,0.23387619269305687,0.21213937490629178,0.13814092896139976,0.34073043563738803,0.24605462658110805,0.24053961958598435,0.3168004803991977,0.3028730649372904,0.36721025049770334,0.26997574877243563,0.36667751853981273,0.2892224922152813,0.22444626749742236,0.31790652688317056,1.1307534988181982,0.5194681922137899,0.2321055856290379,0.04986199567662628,0.3340931478106258,0.2691874312800251,0.13064893787661883,0.38701380895605697,0.40447968973342036,0.20662858023184155,0.11577031415512787,0.13752615642118823,0.16565625070622594,0.30463170890819025,0.07811731285682391,0.15589621806806556,0.2748818575679163,0.15260455337982243,0.24264591083273612,0.2782002040068027,0.10012716130977946,0.1714844414291585,0.1154847267783667,0.20166350298849114,0.1838020806752499,0.09902524974895327,0.24113495749431535,0.20262215194830177,0.2773330493090301,0.10807333694988076,0.17990780655209587,0.17861679329292038,-0.06955246167960569,0.08554107934530789,-0.05968817479333607,-0.02044156010846834,0.2634640791876015,0.0861184503335739,-0.22603835615915796,-0.21394029390085584,-0.02288893126269908
0.28001209329015064,0.21876450460271143,0.3430434883827613,0.13944157815736866,0.20950768809885123,0.11133513375065636,0.09254241671882293,0.25642700152358266,0.20352050277674702,0.1637880525089033,0.1450571044312258,0.1817092446644733,0.2739291871789913,0.25540212886834274,0.21558669784670706,0.31440468161288215,0.24731754169925121,0.4303874576359637,0.5194681922137899,1.590062328211524,0.28801733457373013,-0.10802874530289772,0.2807571151806517,0.28439372700556,0.1967696241264225,0.24734768660724288,0.03597333188735422,0.2892968112189889,-0.03742165351459431,0.1382946086965548,0.06726879022504277,0.26416823112092064,0.1099693856581656,-0.004774089729915283,0.17681863940745116,0.09821704440523982,0.012433295029139764,0.1985363330096132,0.08580463565641143,0.18267073609385914,0.2753450673332471,0.2966902199217054,0.14969580360058465,0.14558133416023245,0.22166009517753707,0.09061231973578412,0.27417293078202715,0.11239711376760135,0.11551010755112229,-0.21460566393114155,0.0628635267017947,-0.052351429673561094,0.18498449164475095,-0.07171701674190885,0.031583237037967275,0.041494522742811124,-0.08315293712592306,-0.21466150362453346,-0.05479151797113192
0.5659080290182954,0.29688515201141336,0.18088241221165038,-0.09572178783709206,0.10553380692370394,0.11059441249077315,0.1357073623526595,0.06653970502253426,0.14461841767486214,0.17437896721195034,0.23289792587941452,0.19043739360964784,0.21586244773678478,0.21815433407765167,0.23450140094174196,0.17057688066025922,0.2503519811340489,0.1306199245283074,0.2321055856290379,0.28801733457373013,1.321934932502476,0.11779817364929104,0.25023952282751644,0.2258673824591657,0.18216096379656377,0.2414280286755915,0.049340032622831695,0.027580865703657115,0.1023296773162116,0.21652823838896557,0.27061655896787856,0.07803034885960411,0.14393364966961197,0.18810466590046893,0.22180635024847775,0.1733737533197384,0.18065070955337711,0.21926104535595628,0.11796558741206518,0.13522056616645178,0.1591548582194363,0.2563935542940087,0.20252072193833745,0.15165100621540115,0.21687393960540563,0.14034251432433323,0.2750906532435864,0.12460134184956052,0.1911544988220565,-0.016660559157729255,0.0816041165398768,-0.08962575001438824,0.01523908052602001,-0.05524213565809834,0.30193069668833544,0.012120441606612542,-0.14340569169860645,-0.14988268484134334,-0.04898031492151358
0.1770537942647706,0.1690692179280788,0.23612088746204002,0.3823393412564434,0.23333997406349014,0.2852198110479159,0.2869756833505016,0.24849515803838498,0.2900217492810884,0.38850103052386387,0.3001820167866605,0.34481486782785337,0.2375305552295949,0.2643523320901919,0.27369769857492776,0.24753081667517068,0.28804714421743643,0.415775722118426,0.04986199567662628,-0.10802874530289772,0.11779817364929104,1.1766645178290152,0.447019268604309,0.3597560465576324,0.14638589072275962,0.2222849266572751,0.175207840818611,0.2606281784729576,0.15550417236366293,0.14494473526368976,0.09780073605634937,0.16141498072855692,0.12632466187131677,0.2899883650847023,0.18373831632537782,0.2300489974172359,0.3449918875341163,0.20329143031098384,0.10319443827882106,0.16109735444485984,0.08219459917704815,0.12922092852860534,0.18514561252379205,0.07162618869174903,0.2302279368809392,0.1657506971687686,0.22622344190317115,0.08444241281940487,0.28909869455828696,-0.02883208350653255,0.05857527277801252,-0.0007197221783800704,0.1859783960731274,-0.004412740967959479,0.12228010600787653,0.035971858974249926,-0.08168277856918062,-0.09021447865981357,0.01158387090427159
0.462977205157692,0.2622317577310952,0.2952807114032928,0.22394380763787422,0.2246596311785663,0.24554128588031146,0.20045793446293328,0.24581864250326133,0.22478132648167257,0.2779428950532693,0.3250948150143168,0.3594385952141849,0.33670791668679073,0.3037738160900423,0.3510468226473327,0.31763651303581175,0.3211413202613597,0.37393477681771126,0.3340931478106258,0.2807571151806517,0.25023952282751644,0.447019268604309,1.0714182043887417,-0.03535925432442111,0.08079971224637318,0.24100063768090527,0.21892064764141173,0.2732772210021724,0.11214850175973357,0.13728215748550077,0.1569346630687328,0.3637864670596407,-0.02673538467591871,0.1424215610487473,0.17882084708729146,0.22227293790508987,0.3956308473854127,0.26960095640282583,0.10274199077040536,0.1828223584854891,0.23647093446908254,0.16061184712836266,0.1390598378619013,0.04246516400954307,0.2515023787944108,0.2151054635629696,0.21528354385976647,0.03236475943661196,0.2671671462100571,0.08282624151812537,-0.014341349139011673,0.04508132614542109,-0.18123499310443963,0.02371220133786159,0.4595187195070056,0.10823025408499573,-0.27794731789176247,-0.2580257797319559,-0.035089214338167606
0.12538243497097462,0.14727613034357384,0.19437036517725284,0.15945698114966705,0.14838116662327186,0.19353673360338572,0.1873092197907909,0.17159316547368883,0.2105239625675092,0.22049291065246482,0.1924014124897492,0.1990860939348768,0.18503806208660553,0.2435821248021058,0.21330703366449508,0.23966415734489344,0.22440710793533244,0.3185698154514832,0.2691874312800251,0.28439372700556,0.2258673824591657,0.3597560465576324,-0.03535925432442111,1.092288029092109,0.2102572600595927,0.25576419522335814,0.21585426691839552,0.2638657028073043,0.12252595110468024,0.15952605365378025,0.0037094457658849124,-0.040750151980122995,0.2635300838990303,0.2573278483518737,0.16699615495415138,0.17152758852700814,0.043833774453498675,0.1498886082801677,0.10880992214769618,0.25861798692038945,0.06103429445126982,0.31406544655409663,0.23655676209584559,0.20707027389860005,0.24041473309034278,0.06671132167718155,0.2663755957028474,0.17252414668887858,0.1520268325719487,-0.17006487926569883,0.048204047093494656,-0.197062102686988,0.5053781216926299,-0.09311151016507276,0.013029753392438432,-0.02513324225969277,0.018996617688653437,-0.05252578467964846,-0.030198618526841234
0.2794497015317999,-0.007490861035524424,0.17986000546119443,0.06686308871629312,0.10706320106775666,0.1954413043915532,0.15242468119721486,0.14321608026364507,0.16161461740748112,0.11878458553096767,0.10841034493888309,0.1452394120450188,0.08370640351732418,0.17458209570150995,0.08224494723508492,0.16171052516236248,0.17316766231512404,0.19589004783683492,0.13064893787661883,0.1967696241264225,0.18216096379656377,0.14638589072275962,0.08079971224637318,0.2102572600595927,1.2063199858676812,0.41919083877684826,0.21606081049586237,0.32451665547732284,0.0023434407851339054,0.18634765756405627,0.1867080033807906,0.06734435714750944,0.11208676996382408,0.23103039515722296,0.20464384547207073,0.07180196148849623,0.13590152131176106,0.31858676236614974,0.0845678211928299,0.13834023759003217,-0.04684596351794272,0.4171481280249872,0.21987913274976537,0.1354202231176724,0.21416683536736641,0.14544188269377456,0.24895759420460978,0.1429731386496909,0.2218605520729983,0.01339296697087443,-0.08603208943564965,-0.060819595692742076,0.0778664705878862,0.068833433697187,0.1400065506464441,-0.0033789246893663805,-0.05625607271158679,-0.08868923677874968,-0.0056117675770519775
0.23137929388028522,0.17004658692961122,0.17487920410356533,0.11164505070396175,0.22633541471397323,0.23379575076541387,0.22579060793639016,0.23510617327815211,0.2513196087223234,0.25139382787312636,0.2742585376509331,0.27238045541120554,0.24756181192137094,0.3141009634309511,0.3665461894984019,0.29031558178352024,0.29522250596675337,0.28095724592386573,0.38701380895605697,0.24734768660724288,0.2414280286755915,0.2222849266572751,0.24100063768090527,0.25576419522335814,0.41919083877684826,0.8467194572606099,0.24203308619804456,0.28452095088358154,-0.01641501963639853,0.19172114514076732,0.08099244158491711,0.14173459310970818,0.139906066119755,0.2000373578333963,0.21522724443673286,0.13995395321505377,0.18612527941187385,0.23224914250145062,0.10556062151466054,0.22391694532662904,0.12059837966323006,0.28618077787670637,0.2140090279437946,0.14238673542230257,0.2579422250068252,0.11037263255267357,0.2828623653557048,0.11091624597797044,0.23076997124163354,0.04063102135734497,-0.039198931266481156,-0.025833634047977398,-0.027252887499112737,-0.01622571032297716,0.22196505560166532,0.006891471443276793,-0.09760402381513661,-0.1556204718420394,-0.022189764112973676
0.18486614167468127,0.06742675765028716,0.22256453931015255,0.05436472184485344,0.17588222186183078,0.11437496633056211,0.15707149110959895,0.238956104375009,0.1888665937679373,0.2081557874854328,0.18572486312562408,0.21845553759951628,0.27820642153051467,0.15536861660363427,0.26262608088845885,0.16674814754970824,0.13542893747412044,0.09731350504636214,0.40447968973342036,0.03597333188735422,0.049340032622831695,0.175207840818611,0.21892064764141173,0.21585426691839552,0.21606081049586237,0.24203308619804456,3.849377149444709,0.09263469063409986,0.3806637317985685,0.2359757663238334,0.36888118686519455,0.663851370577092,0.1177057886179214,0.1958350720500319,0.19391112655999238,0.027288468104935435,0.3758753763805449,0.22784280927842443,0.145457136511362,0.2766341965317316,-0.09274682705324563,-0.02370682328605828,0.17690774047930066,0.18025622331643004,0.33839693978877816,0.421030727631083,0.18330546037170473,0.19926947954078308,0.37154240145532746,0.23732395306026402,0.004418118554295445,0.05580402954100803,0.10236601186498522,0.07424956047915511,0.16192680361652279,0.04321113855915511,-0.16360879568362782,-0.2214465658306167,-0.003549556703186879
0.07881414981184698,0.20529309899663714,0.16441305505414638,0.2968028688078747,0.19105514350333824,0.21927983106664245,0.21704256410487988,0.19491505717290974,0.2358722936887588,0.2539890815750246,0.2374206124959751,0.2906736344026835,0.258162391156864,0.2845545449105529,0.28135786373496985,0.32933775713322666,0.22714856612137865,0.3650538890035029,0.20662858023184155,0.2892968112189889,0.027580865703657115,0.2606281784729576,0.2732772210021724,0.2638657028073043,0.32451665547732284,0.28452095088358154,0.09263469063409986,3.1133897430624633,-0.08921704993792096,0.18257508027876757,-0.11282176000994672,0.5286490244237466,0.23236722872586066,0.0574933541155352,0.2592046881074969,0.13157915542921086,0.20530650310111118,0.14062246128648825,0.09633114784760065,0.3368637161179066,0.158228673045943,0.4723727592548795,0.2530554353204665,0.13568610629179426,0.2559068289551342,0.05870170446899185,0.3270037994716567,-0.04557616400471213,0.0929312441233114,0.25561248937667813,0.07524596049983855,0.01851009387175893,-0.300581382661924,-0.038266679400031825,0.6072848274500133,0.008522045377378783,-0.2224843621673221,-0.09934541252395267,-0.14681713804595437
0.11890737780010724,0.13190456550845467,0.10332726031285606,0.10663319979775429,0.05631866218453999,0.08420277572094552,0.06141781122701066,0.09985623160046816,0.12149323900547991,0.12135657176724243,0.1095067602145092,0.10478218284992147,0.12316844366577016,0.0584919537874575,0.047103777374341,0.04671762481223186,0.08832831769603745,0.06241588086561394,0.11577031415512787,-0.03742165351459431,0.1023296773162116,0.15550417236366293,0.11214850175973357,0.12252595110468024,0.0023434407851339054,-0.01641501963639853,0.3806637317985685,-0.08921704993792096,2.4091327259164106,0.11121119919963883,0.4703088553874254,0.46067628975047936,0.1114177351156832,0.2431053014872366,0.3330117562606603,0.2322538659322135,0.23349550810947392,0.09919894034979775,0.08624141464174041,0.1861809384984531,-0.3041235941829384,0.1664878949400264,0.17097404555015797,-0.1039050047167448,0.10080178932921992,0.33184494566200834,-0.15108064703931592,0.316309389320062,0.05994964824642642,0.2298622985147793,-0.01635120099055635,0.05491765899510447,0.04987331197389982,-0.08829629252821306,0.06465658666973571,0.08922732980969139,-0.17699202343452597,0.030744746120687963,0.0766341062146481
0.3380419850603525,0.2000244726442435,0.20235666892625942,0.17884845137539765,0.1318595378314493,0.15131163552243387,0.12481107032309263,0.14781949763394486,0.1606107762299141,0.1876175351799558,0.13951128635923166,0.15988302747889124,0.15285443329549603,0.1628129818189664,0.17583915966517943,0.15684178578690094,0.17102020582812585,0.17499664155139774,0.13752615642118823,0.1382946086965548,0.21652823838896557,0.14494473526368976,0.13728215748550077,0.15952605365378025,0.18634765756405627,0.19172114514076732,0.2359757663238334,0.18257508027876757,0.11121119919963883,0.9069030753599238,0.07690364234367118,0.0929496996309325,0.3034856002533992,0.22964346043097641,0.3574972078495948,0.19329376751293187,0.099660930974938,0.1205062122867225,0.1571256437180818,0.29350277036007527,0.2240794186025905,0.15759444237287484,0.3416141988265541,0.08217205825280437,0.21003360008667504,0.17459826656672417,0.19475295759499373,0.1457483002484815,0.252197787479354,0.0493640845078306,0.06201020763418769,0.14011391680736915,-0.05732672882462604,-0.0765881981684849,0.01892187389104282,0.037152108505754476,-0.06946808709459981,-0.10659220126764697,-0.014886334952147778
0.35013153621051474,0.04496406214452816,0.24598724506842518,-0.18092140829806067,0.04761072579948214,0.08453371380104213,0.133463897401551,0.002444627356699681,0.13313020560868666,0.14656770019479542,0.14510193928732448,0.09480753708782509,0.15146516272089844,0.06786514502955497,0.09099570543741324,0.06393859266948508,0.10477024586567493,0.07838709638076471,0.16565625070622594,0.06726879022504277,0.27061655896787856,0.09780073605634937,0.1569346630687328,0.0037094457658849124,0.1867080033807906,0.08099244158491711,0.36888118686519455,-0.11282176000994672,0.4703088553874254,0.07690364234367118,2.2792304430513655,0.228025419728196,0.05934039613513382,0.11749083389938333,0.416132704643848,0.08124420902788398,0.15786686982019435,0.24096033740092987,0.08430655092090793,0.2652989294387466,-0.042143107793780124,0.014522474364198647,0.13004777991412875,0.01954804825469068,0.1377445763722962,0.30183511934430535,0.1591116240550493,0.35170186221685934,0.2215994081460755,0.12130156243565386,0.22236638771635003,0.32411981456035915,0.045254456519850196,-0.04747132320772466,0.1892297611592834,0.0020001209182696246,-0.14245734202080437,-0.007526679631020884,-0.001643086396038747
0.11216646354320886,0.13481129300911768,0.21541863716170503,0.14819890444517664,0.16609044520541544,0.12101517707369658,0.09937570503161569,0.24182036580103738,0.14456929883621442,0.19058406274147638,0.1697674220795135,0.19880979628992845,0.25846433438586286,0.21458835945844756,0.22526884194346866,0.24981641891957315,0.17725821003429015,0.266002192303268,0.30463170890819025,0.26416823112092064,0.07803034885960411,0.16141498072855692,0.3637864670596407,-0.040750151980122995,0.06734435714750944,0.14173459310970818,0.663851370577092,0.5286490244237466,0.46067628975047936,0.0929496996309325,0.228025419728196,4.326734813966092,-0.04938031553115912,0.3439799243922043,0.14932929032981795,0.2602124959594284,0.12211796154358301,0.25333908549429524,0.1314836084279344,-0.4682149246710289,-0.07227401456645952,0.1205662566924821,-0.0824515885189059,0.28985190310213205,0.4207967017289453,0.07766104954754893,0.26479981309223827,0.3703581898381643,0.10787889583168174,0.2870443282880211,-0.13785790070950701,0.7577273242972733,-0.30212963577939905,0.01761251443227104,0.4227079488247633,-0.08552898636563577,-0.2946401695751136,-0.2494748049276475,0.11824205292278733
0.158481091948597,0.25179927132511976,0.19019255030079874,0.17371990796958953,0.13935070650261605,0.16598385629227702,0.13048011025717807,0.15720680134881088,0.18694901803942177,0.21544133240728125,0.08444848975227966,0.14448206749908227,0.11404022306902847,0.16216580271213324,0.1286287592745939,0.15049339569613424,0.18490657317270495,0.1233737646737685,0.07811731285682391,0.1099693856581656,0.14393364966961197,0.12632466187131677,-0.02673538467591871,0.2635300838990303,0.11208676996382408,0.139906066119755,0.1177057886179214,0.23236722872586066,0.1114177351156832,0.3034856002533992,0.05934039613513382,-0.04938031553115912,1.0640699667118856,0.26834983024134224,0.17649359175693086,0.12471908318477327,-0.2784513179440755,-0.12693206193590972,0.09672696769983445,0.2865525402743861,-0.0781845561442384,0.17164799743160494,0.3409361304454588,0.1289206945861416,0.1980392271140239,-0.0316274873983488,0.2545116077440791,0.16291828877281028,0.1565057997166875,0.048925619798165475,-0.036308880930134416,0.01028188632128734,0.07995443218859685,0.0009643506662862117,-0.011257719551608838,0.07102226831773363,-0.20833195296788104,-0.07285463824693279,0.0004748539822091726
0.20998812352321994,0.1495027900870059,0.1587532544022678,0.15248433675424256,0.15349684521708473,0.18837965083744246,0.10649031569898464,0.18170543464373237,0.1500975251795235,0.22773090697485726,0.1904701968577834,0.16750067916206343,0.16837896358436746,0.15744157758252816,0.16661022519313298,0.1303646692922034,0.16101792665735462,0.1822800585388917,0.15589621806806556,-0.004774089729915283,0.18810466590046893,0.2899883650847023,0.1424215610487473,0.2573278483518737,0.23103039515722296,0.2000373578333963,0.1958350720500319,0.0574933541155352,0.2431053014872366,0.22964346043097641,0.11749083389938333,0.3439799243922043,0.26834983024134224,1.4111617469622832,0.358406416467325,0.29624371495734036,0.23875614509461318,0.1560179529126383,0.18959776169844456,0.11156779143408005,-0.05118842347980385,0.31101917079624053,0.19799307995910628,0.2683003859675955,0.24647013516907681,-0.03284059598290687,0.29525783725705806,0.18372341702428766,0.1280382326728565,0.10155200132131853,-0.10003048294254137,0.06517054191062875,0.06980609691676029,-0.03529393269891484,-0.06064773325208355,0.10085069269152483,-0.10780953519962261,0.013785070737756873,-0.04750712500370815
