0.7492380420470037,0.10609528749243825,0.1667673494389218,0.08487926011975157,0.2114796725858469,0.11073738882327072,0.23325674283623024,0.12787332092872386,0.11859666811403508,0.10466555139084822,0.11078613765195344,0.1472293328683645,0.14612067786411026,0.16712762869182982,0.1271763646995426,0.13661317818642574,0.10145727947032694,0.10869075347229396,0.13414568810249033,0.07793452239743257,0.11633732298115361,0.13782232929233215,0.023180729992908565,0.06103014829744427,0.09373872035881288,0.12295021819424293,0.106864805312406,0.09361234552852565,0.09308894148169453,0.08767220328049097,0.11126815887495049,0.12587381444615817,0.1370717644511381,-0.012838817752825714,0.04892062214368324,0.09605006089854136,0.08393297578422086,0.12331894635256255,0.11140931975672343,0.04576107161977215,0.07325357695125491,0.07852366084708659,0.09195518603813091,0.06734250515481716,0.048482687060236646,0.07612985113157449,0.1039158671188415,-0.005029339447782124,0.16741549551506238,0.020838448991811278,-0.04177905937878472,0.05235510937060942,0.014265287726897311,-0.024274830531118934,0.03692212459776924,0.004155934607745743,0.05311751112167969,-0.04163097349275205,-0.0007666500789859162
0.10609528749243825,1.90958962047471,0.8554685794111457,-0.14600072327660343,0.11800861175926167,0.4199904429585471,-0.03815832334819996,0.30392300304036474,0.14857814012515347,0.1899491372701886,0.22365686843187266,0.1789577829488385,0.19916737669216414,0.07832944558946922,0.21610363619888684,0.11499652195748719,0.2713065098894805,0.28452042251240234,0.18635541974097053,0.3282731722723578,0.22554578144136808,0.15821677778112445,0.08533987670153706,0.0479270374875669,0.12856053092726052,0.1453304528482771,0.15340086497596328,0.11024286996360855,0.5302600346471218,0.17984262047321703,0.09424526316363493,0.07035170480685478,0.24024880082778813,0.2407027130611207,0.02693111077566854,0.1261370024263949,0.38566179980779547,0.17131984673730027,0.3230212036318027,-0.04900270669016995,0.041879004632269304,0.12662447114827097,0.23031583356044993,0.04860226560868812,0.6296453457363845,0.3542833511869264,0.24807750188546301,-0.07722310908555666,-0.387727255339549,0.017651393963200476,0.21472713718514302,0.08159815323034877,-0.07956845260650004,-0.21863603963174655,-0.3246890618128541,-0.3454197181344315,-0.6800362893267105,0.2598072166844209,0.6659863009848972
0.1667673494389218,0.8554685794111457,1.9754848788695971,0.29631983852610405,-0.13930979195354826,0.5075113818696854,0.22158785684184495,0.3791132634667957,0.45762634338348224,0.4372775674438816,0.37966438707908867,0.3886040741402153,0.3249264160536898,0.11419757479504249,0.4207539575730937,0.2547015383826064,0.3523725065900202,0.36072469330242135,0.2546797067845428,0.24424948106063543,0.2994201218084268,0.38496440405092636,0.2338224948123641,0.26780926688709666,0.2762924909235794,0.2554561578084495,0.2706130548844573,0.1507476053661468,0.39839051424679617,-0.13105022442394765,0.2542541563802473,0.2959926925398695,0.28444835970534643,0.31879393484477275,0.04840898611999109,0.46691070506071763,0.3409927174419972,0.1796506041588763,0.4101949403339687,-0.14590184385172417,0.050852583568537245,0.1717251057680876,0.1250799430270283,0.1316419995609912,0.8162795507317903,0.6687609202165147,0.23460633092219518,-0.28952411728261584,-0.7707905790693804,0.18115967653907813,0.005672742210822223,0.26958648964892296,-0.1278058640075492,-0.3333609624514502,0.04304098968807515,-0.03853985838750893,0.01564210449032917,-0.28595295761887995,-0.024567409075941966
0.08487926011975157,-0.14600072327660343,0.29631983852610405,2.279724266142203,0.14150376029127723,0.3164040377374033,0.5141284297783556,0.4261930754495309,0.3165929709800178,0.2732781887947322,0.3020078149147478,0.4100691587096818,0.4503268848680368,0.4955471831600252,0.36104193306963805,0.443421669727456,0.2804179032109971,0.2998931208249528,0.1706880805144693,0.285305784934498,0.298434802005269,0.3907104224655173,0.3431275427376367,0.3798466087279376,0.3000242807810542,0.3030816384494002,0.3122259858799701,0.14916834358208442,0.34062659868880985,0.17175703367314682,0.28167539465340274,0.3680567901415834,0.3396234202310792,0.34380439651376343,-0.0615133965998027,0.2933413872770631,0.2636392034318828,0.21028069338933678,0.3975932119012393,0.14239745322244596,0.23014690128128196,0.2041934523730312,0.31511548457247673,0.26647286845429846,0.3912511940744986,0.20856000482510725,0.31962809750056725,-0.036972138982974946,0.22653379489352168,0.23148683039125864,-0.09460540643919228,0.2469328787895109,-0.18445700518942673,-0.24699465916290161,0.083715858615679,0.12985504933194822,0.016414729617829135,0.030622889611291997,-0.41523086073075594
0.2114796725858469,0.11800861175926167,-0.13930979195354826,0.14150376029127723,1.283992793010415,0.3339115496309196,0.18914451954510897,0.28037881321017843,0.17710079121798447,0.09058872301258458,0.2188191764215426,0.24555941975589912,0.3277355490946718,0.2837385818947246,0.25824745201551985,0.28290031476929095,0.20372366353657675,0.13507552106430662,0.4610526326031324,0.16125833467924988,0.24200362936086392,0.23925745951013286,0.05889351702187809,0.19103883705542038,0.16120266065505542,0.2937938974761823,0.1874763411293015,0.16158763966232786,0.30304933248715993,0.18090079853564053,0.21398624568635766,0.3079900292559703,0.21363556757853092,0.362347089632202,0.08616030413578803,0.13823956242404445,0.28914297198361555,0.19248637917091446,0.2871750978918576,0.14189313550234375,0.2603639734490768,0.22641974780394636,0.16531579931925836,0.14506606222162027,-0.04628746178923403,-0.013454178873496715,0.2170965694388289,0.09609558376829633,0.5229290926273147,0.3605508946105958,-0.13085777049430666,-0.09525148844142094,-0.06563750063171997,-0.05020415534508004,0.028407282578703914,-0.11384814174522283,-0.13084091681443175,-0.1188737345847061,0.3627121429794851
0.11073738882327072,0.4199904429585471,0.5075113818696854,0.3164040377374033,0.3339115496309196,1.0090788131068735,0.0446636930521759,0.46958357021175184,0.2362253305645654,0.10503504313409584,0.3733121971807229,0.3771673917824384,0.4029926259547839,0.2592008246464896,0.3525895486015744,0.2564378012433632,0.31333990395858097,0.2308931117309892,0.4075705896801306,0.3112124892996029,0.3387367948734263,0.2867981902035955,0.16269985379002788,0.2651974161868348,0.3402254385572318,0.36622154455915434,0.2851000513861404,0.15811827181988705,0.5781550224185525,0.12260135789348821,0.22440331543821318,0.39201272677950716,0.14611397030672255,0.4097972049218694,0.12756890763713052,0.21463232412045546,0.3055853240731248,0.2384676539402365,0.44710996980930057,0.1261995812739053,0.047191869867043164,0.22044371584157335,0.30956040211223496,0.19475418491799631,0.41523015470106894,0.19614329273192296,0.27171077790981907,-0.03584282271317946,0.09606562752544319,0.4329725212898871,-0.37581461350645734,0.05878831038761395,-0.14722239528360379,-0.09288483507896617,0.11695171737728417,-0.06961849262334527,-0.027068704391675993,-0.07605746620723844,-0.028739950093761114
0.23325674283623024,-0.03815832334819996,0.22158785684184495,0.5141284297783556,0.18914451954510897,0.0446636930521759,0.9767856587199605,0.12166998889903671,0.2940000623092631,0.21835893238400914,0.28042384177106344,0.42102949795502365,0.33978635498994064,0.21343928489593286,0.22411536668195567,0.3312544094900422,0.24203454964348614,0.2671388459190801,0.1537049484733444,0.23779801920976834,0.23388224993466822,0.32573142028421237,0.19430111942720765,0.26853240108681864,0.26269733615083013,0.23020078861607862,0.2659130696762067,0.16555536842216412,0.17727109567637658,0.10274797290459667,0.23832079596031408,0.31922391147424584,0.268028985346657,0.29978400801839017,0.0791133062785073,0.25425669155406266,0.1853109997680385,0.12979376250969918,0.24715686155517827,0.12865497009652543,0.23283654784301777,0.1923694954806448,0.22851131632753557,0.15391887059805762,0.2105187195407869,0.09101661876280215,0.20937519502549481,-0.012147388982800881,0.35154973212369134,-0.06637000123824073,0.028175115892074304,0.09819054758350161,-0.02522500771052318,-0.06782198140133418,0.15355217291826456,0.20214709961632607,0.18757721337409708,-0.061640416859293966,-0.4671136018067932
0.12787332092872386,0.30392300304036474,0.3791132634667957,0.4261930754495309,0.28037881321017843,0.46958357021175184,0.12166998889903671,0.8729537932501736,0.26226355394176576,0.27607995711436,0.33037800014761187,0.13576534386617867,0.39543308048373094,0.3495215689242668,0.33669687572605983,0.2753327531800123,0.34440150708676276,0.23634434371041252,0.2859539807594501,0.3102036021555833,0.28888782417114867,0.289522361619953,0.1778663344964855,0.24179356453750697,0.22570297359626854,0.3549512773642424,0.25343219823335267,0.14004328986969383,0.40348080626300636,0.23006465740351423,0.2578956652043338,0.2706995732191613,0.19963098343795077,0.35678122618481145,0.22312686277679386,0.2379668685246822,0.30314479041061404,0.18824128577238106,0.4868022807546343,0.10785058334165835,0.20190139230087648,0.21607927751489286,0.29315046396601535,0.14437448525721805,0.3665581181337283,0.2323057523153116,0.3067843334419238,-0.014692794998880569,0.25539606375633966,0.2928706462798102,-0.14530426923861903,0.17427139576020978,-0.06667651919046498,-0.26176565974801125,0.024586608932987305,-0.07470799348755645,-0.03276606975359158,-0.005710295503051633,0.007673305805807101
0.11859666811403508,0.14857814012515347,0.45762634338348224,0.3165929709800178,0.17710079121798447,0.2362253305645654,0.2940000623092631,0.26226355394176576,0.9921719319977567,0.25491840533687743,0.2451245549081837,0.17837445726314669,0.19485144328848078,0.29166336863771425,0.3968994111379572,0.23744753834370785,0.24898779841204793,0.26795431913163953,0.15756916782391006,0.2667414752231772,0.2372011981560124,0.5794248252826611,0.26557632399547754,0.342085194138069,0.25777833735594324,0.3833616642928254,0.20826321373487483,0.3002809451648993,0.13293760108688246,0.13354842518186869,0.27600947929721775,0.2474787061806236,0.39872631736223124,0.19337406063985538,0.1831534697286587,0.2749113216416409,0.35742726389514706,0.27692361164482454,0.2771236100888811,0.07828661222809588,0.14556422050454426,0.2350110979233059,0.225418926321829,0.12899313487000405,0.19306976331425868,0.29074916478689367,0.2806638338811301,-0.13649910232871126,0.3347959583065778,0.10514042011819381,-0.05111941718109921,0.0035342835284267854,-0.01718103558653098,-0.1823829029514341,0.26226366538279944,0.19412251375102504,-0.04560568544493268,-0.37642973910859223,0.017968941435939665
0.10466555139084822,0.1899491372701886,0.4372775674438816,0.2732781887947322,0.09058872301258458,0.10503504313409584,0.21835893238400914,0.27607995711436,0.25491840533687743,0.8079352388509992,0.208403720505595,0.20285822585558147,0.17147981941903792,0.1553998329478132,0.2561287731082339,0.23639948699026928,0.210202744850891,0.3498735139587099,0.12098766688983789,0.12918991800475912,0.14738938042315602,0.2602874292735045,0.26460246612324195,0.20357415086570585,0.25792768588448506,0.20769968599393532,0.18537578624007892,0.1789629455977569,0.26890500669276796,0.1454402160970665,0.22275766584451162,0.22573924554463762,0.1758742603317221,0.347028157707202,0.20950247480156825,0.24951561114424445,0.26872570445092725,0.05847864815614621,0.27312349407054703,0.04006195632844803,0.3095078946957412,0.16424156959164868,0.13424180068928537,0.1027652769302806,0.25249233724878234,0.20400531074977452,0.30003149176665755,-0.06374831155268884,0.08369248100705681,0.08062417647001895,0.01144129296647489,0.057322648405776735,-0.06004803204612076,-0.09803999311939411,0.019295615722198046,-0.033964619940586305,0.21620280285458152,-0.12275082662061612,-0.12800402921480528
0.11078613765195344,0.22365686843187266,0.37966438707908867,0.3020078149147478,0.2188191764215426,0.3733121971807229,0.28042384177106344,0.33037800014761187,0.2451245549081837,0.208403720505595,0.5396416129402466,0.2949172468783526,0.35808796956008865,0.18234746711698036,0.380457267438566,0.2742293642509926,0.339365918900418,0.24296324514966527,0.2050080943322644,0.3450161238774877,0.2518846115692461,0.27598560065607974,0.19104739554186498,0.2792648704772037,0.3090059750066214,0.26581031442866193,0.2557866259482085,0.2237685210753698,0.3789888939859099,0.15857513621229363,0.250614741294299,0.30218090997075275,0.20893929199021907,0.36973582178564646,0.2784457071929148,0.24799619166714018,0.28906475153489686,0.12683712242485187,0.38513929164280813,0.11502575821383787,0.18962252923837353,0.23110316798039268,0.22913283071684393,0.11853735174077629,0.3653310111637273,0.17934053983635084,0.25979169657302953,-0.03612504055425169,0.10581800338984229,0.13259752352348347,-0.12580986447357406,0.05343301660566021,-0.010431637389210487,-0.06893471999597246,0.10589486850316279,0.025677773592840528,0.06387081460937206,-0.10923051324906619,-0.15729290514856595
0.1472293328683645,0.1789577829488385,0.3886040741402153,0.4100691587096818,0.24555941975589912,0.3771673917824384,0.42102949795502365,0.13576534386617867,0.17837445726314669,0.20285822585558147,0.2949172468783526,0.7629195353047922,0.33096854589534647,0.1888793213312295,0.20438316342407542,0.2685012927443478,0.164925721766882,0.28546430353561186,0.2107266222995109,0.16268229477804225,0.24893246556155532,0.23504687854365897,0.17244995384017384,0.17586076764390837,0.25180791415056497,0.34079297014229404,0.2946479662920611,0.011571864514867452,0.2847346255301838,-0.017102985820368642,0.14621361967412388,0.4058661415290397,0.17005977068821088,0.32957244386792367,-0.032068272688103285,0.22669651239165545,0.032997532176927094,0.11478499291958699,0.23632630451602307,0.11156625482976368,0.13724967998431345,0.14614205755739515,0.19893127537450037,0.15981048438687584,0.22311272030558807,0.1142425905913722,0.189943701373539,-0.015365404980959767,0.18301336185413397,0.04590434013624813,-0.02998240509763161,-0.08769423111164258,0.009585775109615743,-0.0023622169048876456,0.1033173718877848,0.05974224883652457,0.08847439965557691,-0.08614269118932541,-0.2507856742436408
0.14612067786411026,0.19916737669216414,0.3249264160536898,0.4503268848680368,0.3277355490946718,0.4029926259547839,0.33978635498994064,0.39543308048373094,0.19485144328848078,0.17147981941903792,0.35808796956008865,0.33096854589534647,0.7987914181052049,0.34488659309106934,0.24698203722232712,0.3343127339468393,0.30160413593151,0.20733591436210239,0.2901306718368735,0.3258505863565314,0.3088663861989336,0.2931214578173483,0.1792711161536864,0.29029023223243244,0.31342125149740224,0.27028411583598055,0.3373907175481391,0.20047167195706386,0.49428980563103103,0.21748190450968533,0.2518987337235399,0.4030255682180872,0.2526672085500811,0.40884133884756274,0.271089261561533,0.2887338651857426,0.22106942359663437,0.07332695178275739,0.46263793863370545,0.13339939334851336,0.23052652704096394,0.22730518387520557,0.2760311180198014,0.16821134178359315,0.3262127695938143,0.18155916599902874,0.27032162639149127,-0.016071979037210325,0.26939309255446725,0.18981388159451806,-0.12532805765943492,0.09116383616185979,-0.030854327261817315,-0.13049070727703055,0.1298896443407566,-2.6839161935419303e-5,0.052532745033874145,-0.08903082887467911,-0.16963868058314271
0.16712762869182982,0.07832944558946922,0.11419757479504249,0.4955471831600252,0.2837385818947246,0.2592008246464896,0.21343928489593286,0.3495215689242668,0.29166336863771425,0.1553998329478132,0.18234746711698036,0.1888793213312295,0.34488659309106934,0.9089675419982932,0.3888140353067185,0.44999006231946986,0.29392068901857626,0.08780972491116794,0.22444589682174912,0.3246442662479327,0.19247088286501948,0.36917186081204684,0.0941408439124898,0.2603262301334587,0.26182688119644304,0.38570951050147556,0.27279451518314524,0.37008230918755025,0.29738193427946236,0.31171419494835506,0.2513317380213255,0.3369456785415423,0.24862743929069753,0.30160194715539623,0.3779044050155026,0.2138768633336822,0.30465128530532665,0.26579920593410944,0.21920886925389244,0.1262648956973723,0.4099638253225933,0.2832778604867237,0.28606195845424776,0.17009779483415427,0.025164055611974042,0.021281570677397096,0.2693828553354732,0.06759545292738128,0.6920387634657008,0.1315595946437637,-0.07436868954047443,0.0827232324408968,-0.12578437034702555,-0.0027912983012902794,-0.02529606262268805,-0.01611018364311411,-0.0196598467223591,0.04064537226511135,0.036756288703087656
0.1271763646995426,0.21610363619888684,0.4207539575730937,0.36104193306963805,0.25824745201551985,0.3525895486015744,0.22411536668195567,0.33669687572605983,0.3968994111379572,0.2561287731082339,0.380457267438566,0.20438316342407542,0.24698203722232712,0.3888140353067185,1.0166971315230273,0.38790934938257604,0.3945116351028019,0.2479263186702641,0.2627151585713142,0.3944136999914111,0.2968293900407581,0.3986419700959675,0.27811441096936645,0.36977152900507765,0.34784149675059683,0.3123381377066175,0.2694721602482719,0.4900528501494087,0.3771966538518748,0.26807883312013653,0.3487005025561411,0.31165742610456676,0.3753616317956364,0.36712610584898836,0.3911613724532468,0.2819429881012794,0.5337445216876665,0.2623093506501339,0.4075415834448514,0.10921640429904708,0.28246916683186857,0.3159192152617463,0.28198350299956965,0.11345125519190735,0.33509183680295057,0.23494031457025988,0.35330401043172405,-0.019441488785094656,0.3216104153656186,0.4925459269619825,-0.2875525412359312,0.38221077573213,-0.34340984497983856,-0.20800437040343642,0.1952469300545941,0.1000152611679198,-0.04815316681174779,-0.22504197129071038,-0.026534331540702578
0.13661317818642574,0.11499652195748719,0.2547015383826064,0.443421669727456,0.28290031476929095,0.2564378012433632,0.3312544094900422,0.2753327531800123,0.23744753834370785,0.23639948699026928,0.2742293642509926,0.2685012927443478,0.3343127339468393,0.44999006231946986,0.38790934938257604,0.8107689547004955,0.3317567870164243,0.2139573706221856,0.2619279790192891,0.306763454565671,0.2109104474782157,0.4947529584688485,0.2880104551311459,0.3349077648014122,0.3840892610461733,0.2455097062524952,0.3396250701644073,0.33088191272333134,0.32525293209069234,0.30084954406942527,0.2756921846205396,0.41279649596512874,0.2800815235269792,0.38659793367211887,0.3755300903244114,0.3080728041009862,0.37149220169938224,0.2339789730786529,0.3831978398119197,0.17756711190432786,0.3542795125094892,0.3231002647089514,0.3141173113001815,0.2119489920354735,0.24774871062967924,0.13679485141014333,0.32824446585391054,-0.02999784421590088,0.44595433186170935,0.1253580829765087,-0.03581190227484298,0.014467644330395331,-0.11849575919723476,-0.08875300801330678,0.15372709338639662,0.032379293380029636,0.05126917061354571,-0.13063288440334928,-0.11851373478596425
0.10145727947032694,0.2713065098894805,0.3523725065900202,0.2804179032109971,0.20372366353657675,0.31333990395858097,0.24203454964348614,0.34440150708676276,0.24898779841204793,0.210202744850891,0.339365918900418,0.164925721766882,0.30160413593151,0.29392068901857626,0.3945116351028019,0.3317567870164243,0.8993058939440164,0.17702161499052285,0.27918460489109553,0.5114521524218083,0.21969796489848617,0.3259942727798428,0.11561763625763424,0.31392702519262167,0.41752858217460675,0.21067884526974753,0.27252492421849134,0.48573039523192035,0.3437807416217297,0.3016102332257226,0.31625194979853277,0.30232556872996097,0.3666468114218102,0.3721427923110473,0.4750575005477629,0.25264534563460095,0.576639289354672,0.2943092782522965,0.37432985396668966,0.12738220000448616,0.27681550542644945,0.3690955565204208,0.2907852212397078,0.10423148920909472,0.514998953677629,0.18362877533714822,0.354564052132982,0.014716863907577449,0.11407777297434796,0.15434853754127312,-0.079591618020153,0.2725876531799473,-0.048198665566965754,-0.125031135922281,0.03019091329004986,-0.029534152293893605,0.05833878032497472,-0.051287406863982296,-0.1777233575587956
0.10869075347229396,0.28452042251240234,0.36072469330242135,0.2998931208249528,0.13507552106430662,0.2308931117309892,0.2671388459190801,0.23634434371041252,0.26795431913163953,0.3498735139587099,0.24296324514966527,0.28546430353561186,0.20733591436210239,0.08780972491116794,0.2479263186702641,0.2139573706221856,0.17702161499052285,1.1692313158660852,0.1570082471319191,-0.0068638820539134605,0.33401433700950517,0.24004742888175754,0.7204589008306844,0.26401071255962966,0.3334291024117336,0.3269160440277775,0.08422126938193007,0.3075214232332217,0.32900610397502383,-0.011032501236271574,0.30586024185516414,0.20394803831716268,0.45432006002072134,0.3149522550932499,0.0654962399916073,0.1325915714828344,0.3665307761190997,0.012066047906650479,0.3263922435884829,0.13803185389073191,0.17549226071924662,0.12955211332600614,0.31186362185823924,0.09049820774005037,0.5239351138855138,0.23631599309035536,0.5317640965844618,-0.007594194445913597,0.17090740894956913,0.17366440604589747,0.061013332074463925,0.09573396549738934,-0.10853848137521457,-0.15583746879366248,0.2918939683668986,0.18233098552256252,0.15825877131408306,-0.11184391773323085,-0.47900118447569967
0.13414568810249033,0.18635541974097053,0.2546797067845428,0.1706880805144693,0.4610526326031324,0.4075705896801306,0.1537049484733444,0.2859539807594501,0.15756916782391006,0.12098766688983789,0.2050080943322644,0.2107266222995109,0.2901306718368735,0.22444589682174912,0.2627151585713142,0.2619279790192891,0.27918460489109553,0.1570082471319191,0.7794421448379486,0.08545450472018427,0.29447010530298734,0.24875931714610217,-0.10216440946677513,0.1602462712901097,0.15032691021681996,0.2121550365066516,0.20142217223228284,0.252156396629739,0.2209083362108535,0.196284763058212,0.2658613229173921,0.34531784185470327,0.24420058324572608,0.2508632890904942,0.1533697717094411,0.2303927127952682,0.15622886934027722,0.25548683445685905,0.3588005168482976,0.1060333877026909,0.220187224077858,0.18977182833171752,0.197282355568766,0.15855553284469592,0.3041845046100019,0.09728451336273186,0.23802124232070365,0.05300778177751315,0.25877655207919886,0.19600698714244677,0.09653174319489342,0.3146205756643961,-0.27521925875909103,-0.1640016055982564,-0.02438546037047736,-0.06128975690665647,0.0737875595002751,0.030646854093442782,-0.07092543044491276
0.07793452239743257,0.3282731722723578,0.24424948106063543,0.285305784934498,0.16125833467924988,0.3112124892996029,0.23779801920976834,0.3102036021555833,0.2667414752231772,0.12918991800475912,0.3450161238774877,0.16268229477804225,0.3258505863565314,0.3246442662479327,0.3944136999914111,0.306763454565671,0.5114521524218083,-0.0068638820539134605,0.08545450472018427,1.2285238989036498,0.1223266226858548,0.3151751731721615,0.0499037290897161,0.40018518607084996,0.6177390768741431,0.11482811224845957,0.3673772559693567,0.3352384034917653,0.4327479971384939,0.5589339779922413,0.30131340162825626,0.26548117217571265,0.28271409176498974,0.43261724591165623,0.45218384705369763,0.15033633315885578,0.9249025281563358,0.41966039968250607,0.5370980934199375,0.1921621961245989,0.17366876453862579,0.3999772057648293,0.5342297381795692,0.1003534763193858,0.6607484895049232,0.1960035102856431,0.3847725684675232,0.07981737054629505,0.334648064092364,0.07609064221991349,-0.17824441566538096,0.11337490991170163,0.0874035664141891,-0.1442217568152914,0.11992199973964622,-0.014095133498552083,0.013451947226227723,-0.09625014119551685,-0.07553651621117015
0.11633732298115361,0.22554578144136808,0.2994201218084268,0.298434802005269,0.24200362936086392,0.3387367948734263,0.23388224993466822,0.28888782417114867,0.2372011981560124,0.14738938042315602,0.2518846115692461,0.24893246556155532,0.3088663861989336,0.19247088286501948,0.2968293900407581,0.2109104474782157,0.21969796489848617,0.33401433700950517,0.29447010530298734,0.1223266226858548,0.7786840625230464,0.2348308254900814,0.3481425771386621,0.2099709795138517,0.18359442256957748,0.2935944988906855,0.18327988312403126,0.29461993031646283,0.3308401079530891,0.11050139476882159,0.25680710811980023,0.33044442752098513,0.44817256102439973,0.25826778894761115,0.09042700870819335,0.2536729705409064,0.1344418589365943,0.16398506598610108,0.3502166809352376,0.1993882536173555,0.17819559135195043,0.19211699336817176,0.2633272421667509,0.19887897729972165,0.4871050988857974,0.14575928037954003,0.3258834816009732,0.04082445879850209,0.248516072356321,0.27301104158379996,-0.06778425185700893,0.16338507157605087,-0.17693329518888887,-0.15447217968329557,0.11224246135455487,0.04667395167456902,-0.11745028453293467,-0.042485110396564545,-0.03893361773560758
0.13782232929233215,0.15821677778112445,0.38496440405092636,0.3907104224655173,0.23925745951013286,0.2867981902035955,0.32573142028421237,0.289522361619953,0.5794248252826611,0.2602874292735045,0.27598560065607974,0.23504687854365897,0.2931214578173483,0.36917186081204684,0.3986419700959675,0.4947529584688485,0.3259942727798428,0.24004742888175754,0.24875931714610217,0.3151751731721615,0.2348308254900814,0.838545720654455,0.26012451347414006,0.3430177551880728,0.36343292767151203,0.31911428016980836,0.29622995849205275,0.31910498044223923,0.25738391709426517,0.260293167029425,0.2865615803001025,0.3805121704993785,0.37926997120884026,0.2970876157949571,0.26345873874388975,0.36613044517952414,0.3851565971463213,0.3377390701623139,0.3621477044152447,0.14385788048676604,0.2465817616324865,0.3127752450489624,0.3098783412888932,0.19123824052252253,0.23061167411822006,0.3121519462923196,0.3374337026854564,-0.2103672889774742,0.4724578702532901,0.09386244005966488,-0.0463205568275085,-0.007892651117309728,-0.07128658099413847,-0.15115825382308085,0.19923219862176889,0.1047374212392669,0.009986817188991658,-0.2456060910558197,-0.07324011383340895
0.023180729992908565,0.08533987670153706,0.2338224948123641,0.3431275427376367,0.05889351702187809,0.16269985379002788,0.19430111942720765,0.1778663344964855,0.26557632399547754,0.26460246612324195,0.19104739554186498,0.17244995384017384,0.1792711161536864,0.0941408439124898,0.27811441096936645,0.2880104551311459,0.11561763625763424,0.7204589008306844,-0.10216440946677513,0.0499037290897161,0.3481425771386621,0.26012451347414006,2.0550930190264913,0.6642002703267675,0.9356898434308248,-0.13554662329333167,0.12299045873395428,0.27194669703948127,0.4587668222681911,0.19956890700594251,0.014166974655501296,0.024364692471400228,0.7787929165189755,0.36136596549850714,-0.1035182889916618,0.022239036797109663,0.7649383351619061,-0.1608879452503151,0.660344622038352,0.15447372003473825,-0.00040422962032662956,0.155493769893505,0.2837486813588505,0.18137712453023733,0.32595408548690985,0.27989274000002684,0.5789906501221393,0.08589183541774029,0.45054862630785936,0.4880729054902481,-0.35533184504493043,0.01610494574200956,0.030676132219118604,-0.24279225456142958,0.3752205980047218,0.14286279032843882,-0.14465809566403914,-0.3870700773126851,0.12981061375226838
0.06103014829744427,0.0479270374875669,0.26780926688709666,0.3798466087279376,0.19103883705542038,0.2651974161868348,0.26853240108681864,0.24179356453750697,0.342085194138069,0.20357415086570585,0.2792648704772037,0.17586076764390837,0.29029023223243244,0.2603262301334587,0.36977152900507765,0.3349077648014122,0.31392702519262167,0.26401071255962966,0.1602462712901097,0.40018518607084996,0.2099709795138517,0.3430177551880728,0.6642002703267675,1.1607009842575666,0.573423682958849,0.041604944060384494,0.2521606411085724,0.36356770605476657,0.215562582967665,0.33431303654839656,0.36922064437687946,0.21399482817256135,0.4351140402946915,0.21378709044547564,0.28413268428540983,0.24437547038036012,0.5547253161215657,0.2256016661710154,0.3983508839981124,0.12025590836221677,0.19005913330752325,0.27517174015284607,0.2129430584722577,0.15525571950649517,0.19911423521532037,0.20713573618583983,0.365167082276662,0.0065445140742872426,0.37715878064957026,0.21184415439267437,-0.15868265613873214,0.15300786589556792,-0.038375544821517775,-0.1732900238637178,0.26395950910106586,0.09329475977676491,0.08524625060588989,-0.4565371206256742,0.08691996356513779
0.09373872035881288,0.12856053092726052,0.2762924909235794,0.3000242807810542,0.16120266065505542,0.3402254385572318,0.26269733615083013,0.22570297359626854,0.25777833735594324,0.25792768588448506,0.3090059750066214,0.25180791415056497,0.31342125149740224,0.26182688119644304,0.34784149675059683,0.3840892610461733,0.41752858217460675,0.3334291024117336,0.15032691021681996,0.6177390768741431,0.18359442256957748,0.36343292767151203,0.9356898434308248,0.573423682958849,2.534712600741459,0.06966877721872018,0.3638290536077909,0.33689354969282015,0.665839535863792,0.6518415946743911,-0.14549942965014612,0.37925865657230506,0.34039189179083706,0.8255494220898515,0.5477755644746201,0.26482459801506836,1.0332027791576677,0.20364352108170736,0.5430399906123975,0.15818373987237896,0.35993630707162494,0.46299855408165064,0.4978764320325786,0.283684647460846,0.626298540122812,0.24181453356184443,0.5546530342877517,-0.051838505426900765,-0.03649188357866464,0.1627934576655189,-0.22162655344612708,-0.13877185344321935,0.0630847634374588,-0.11191554742507259,0.3572994650817597,0.05814778678314678,0.4744727235631559,-0.383714066724952,-0.3913615559374917
0.12295021819424293,0.1453304528482771,0.2554561578084495,0.3030816384494002,0.2937938974761823,0.36622154455915434,0.23020078861607862,0.3549512773642424,0.3833616642928254,0.20769968599393532,0.26581031442866193,0.34079297014229404,0.27028411583598055,0.38570951050147556,0.3123381377066175,0.2455097062524952,0.21067884526974753,0.3269160440277775,0.2121550365066516,0.11482811224845957,0.2935944988906855,0.31911428016980836,-0.13554662329333167,0.041604944060384494,0.06966877721872018,1.682318935652468,0.25838972320731135,0.43581496853719043,0.0068330112953571874,-0.2016667027632199,0.1685215513283593,0.5856715113690057,0.2815864127213423,0.3470361762560037,0.5134468986109909,0.29899508222819504,-0.32747812970264584,0.25639049962555616,-0.23278982715264424,0.13238489178555995,0.5685428507448265,0.29777406019254626,0.2339798264158464,0.1235744372898444,-0.30643653186476955,-0.1040909211261112,0.06489338679072343,0.12915557325358815,0.6899298213274139,0.1312765198884011,-0.2511525272705298,-0.01970409088947449,-0.051966910115136905,0.03434688620382334,0.09200431457112677,0.006116340469264874,0.11912620154754004,-0.1021170223322564,-0.05365500950220186
0.106864805312406,0.15340086497596328,0.2706130548844573,0.3122259858799701,0.1874763411293015,0.2851000513861404,0.2659130696762067,0.25343219823335267,0.20826321373487483,0.18537578624007892,0.2557866259482085,0.2946479662920611,0.3373907175481391,0.27279451518314524,0.2694721602482719,0.3396250701644073,0.27252492421849134,0.08422126938193007,0.20142217223228284,0.3673772559693567,0.18327988312403126,0.29622995849205275,0.12299045873395428,0.2521606411085724,0.3638290536077909,0.25838972320731135,0.5952920471902711,0.2551559406528707,0.21568259411461163,0.22994318953984083,0.23231946202629786,0.4523486487824569,0.23332928238765996,0.3448488915819723,0.30212012954415385,0.3137474891962561,0.28235459868810786,0.23935180672635006,0.2958791865925687,0.13816609123169116,0.27250281664612797,0.27140121315632126,0.3339222542072045,0.13437978077228208,0.197280676196532,0.1194007357235592,0.20919443943672364,0.023526574701902156,0.31666349014582396,0.1080305449789897,-0.07144635019451175,0.10314927555829072,-0.045035545363167784,-0.09482378943858276,0.0983416427978095,-0.006782245006796023,0.22624974674233844,-0.06371557104718938,-0.2584142436278331
0.09361234552852565,0.11024286996360855,0.1507476053661468,0.14916834358208442,0.16158763966232786,0.15811827181988705,0.16555536842216412,0.14004328986969383,0.3002809451648993,0.1789629455977569,0.2237685210753698,0.011571864514867452,0.20047167195706386,0.37008230918755025,0.4900528501494087,0.33088191272333134,0.48573039523192035,0.3075214232332217,0.252156396629739,0.3352384034917653,0.29461993031646283,0.31910498044223923,0.27194669703948127,0.36356770605476657,0.33689354969282015,0.43581496853719043,0.2551559406528707,1.4321293422832284,0.02439807095683746,0.2385140314394845,0.34528281326352694,0.3240366052289837,0.8000817491051329,0.18269146992429908,1.072186928488409,0.15048175722378765,0.5163636636175392,0.27810454511785093,0.17798872851388917,0.1600216936282642,0.3736055667155135,0.3952112888741645,0.29096862573926435,0.04873028058876398,0.1507298274854223,-0.07279855678290482,0.3325653867457869,0.17157527679870463,0.6236919534428811,0.2708928061149725,-0.13552438556288762,0.43801224560125773,-0.38005877236553814,-0.07141761668419962,0.2565598470631344,0.04316517893522105,0.09331386974548708,-0.1979625249975353,-0.012122368088450507
0.09308894148169453,0.5302600346471218,0.39839051424679617,0.34062659868880985,0.30304933248715993,0.5781550224185525,0.17727109567637658,0.40348080626300636,0.13293760108688246,0.26890500669276796,0.3789888939859099,0.2847346255301838,0.49428980563103103,0.29738193427946236,0.3771966538518748,0.32525293209069234,0.3437807416217297,0.32900610397502383,0.2209083362108535,0.4327479971384939,0.3308401079530891,0.25738391709426517,0.4587668222681911,0.215562582967665,0.665839535863792,0.0068330112953571874,0.21568259411461163,0.02439807095683746,2.699851898517354,0.399556288840173,0.10607023887291693,0.2649283614874024,0.2416035400152584,0.9196760865441899,-0.10484998513950688,0.38987633196928373,0.12578807555859117,-0.4670909230917835,0.7657482570109524,0.0950112335337854,0.42833615308159345,0.08164571893383973,0.18794968705433424,-0.057444127353300165,0.6461424555628824,0.27634535837119917,0.41032108276469653,-0.1829859747704531,0.31929330159859853,0.8123281696002775,-0.5874448184834546,-0.1984510541888367,-0.3202289720703884,-0.0385097329726636,-0.03372347912360172,-0.05837655602307929,-0.23804711628661746,0.05331575057688633,0.010888828879295157
0.08767220328049097,0.17984262047321703,-0.13105022442394765,0.17175703367314682,0.18090079853564053,0.12260135789348821,0.10274797290459667,0.23006465740351423,0.13354842518186869,0.1454402160970665,0.15857513621229363,-0.017102985820368642,0.21748190450968533,0.31171419494835506,0.26807883312013653,0.30084954406942527,0.3016102332257226,-0.011032501236271574,0.196284763058212,0.5589339779922413,0.11050139476882159,0.260293167029425,0.19956890700594251,0.33431303654839656,0.6518415946743911,-0.2016667027632199,0.22994318953984083,0.2385140314394845,0.399556288840173,2.0520066587044945,0.33804354368087425,0.07131439554164005,0.13153318641156309,0.213630768365985,0.669890423604588,0.3060639048779848,0.6872522751667225,0.3694889249510887,0.6107635248226688,0.09713441626965413,0.6243390165722954,0.36936213656710987,0.7638910807792597,0.3342133541683121,0.8941403611116142,0.20315593502285614,0.7648594956243,0.06252145834937886,0.3694511910789692,-0.18977457741610618,-0.06476492008320847,0.0012406109705953758,0.21172399316258922,-0.062248358213819716,-0.08798874039132495,-0.14153806850970438,-0.1984900616852407,0.2907413460089554,0.0028248888453013573
0.11126815887495049,0.09424526316363493,0.2542541563802473,0.28167539465340274,0.21398624568635766,0.22440331543821318,0.23832079596031408,0.2578956652043338,0.27600947929721775,0.22275766584451162,0.250614741294299,0.14621361967412388,0.2518987337235399,0.2513317380213255,0.3487005025561411,0.2756921846205396,0.31625194979853277,0.30586024185516414,0.2658613229173921,0.30131340162825626,0.25680710811980023,0.2865615803001025,0.014166974655501296,0.36922064437687946,-0.14549942965014612,0.1685215513283593,0.23231946202629786,0.34528281326352694,0.10607023887291693,0.33804354368087425,1.1402377806266866,0.29705308025287885,0.22135226898107438,0.2540311099306154,0.37071412824813377,0.38686891985518185,0.38009886736184173,0.46636207344185243,0.37869051316537056,0.12086069254852327,0.3427450295252662,0.27690412749730464,0.2297833986194461,0.22539627194103418,0.336824923622133,0.11277941711879211,0.3391481204499455,0.03648443274457367,0.17350253970343396,0.17715471407819114,-0.000303059128746048,0.29166448395782746,-0.17007448268454342,-0.14214872700553208,0.14168922745527723,0.05149544732355979,0.33298443359120194,-0.1842051957384998,-0.35052331498409595
0.12587381444615817,0.07035170480685478,0.2959926925398695,0.3680567901415834,0.3079900292559703,0.39201272677950716,0.31922391147424584,0.2706995732191613,0.2474787061806236,0.22573924554463762,0.30218090997075275,0.4058661415290397,0.4030255682180872,0.3369456785415423,0.31165742610456676,0.41279649596512874,0.30232556872996097,0.20394803831716268,0.34531784185470327,0.26548117217571265,0.33044442752098513,0.3805121704993785,0.024364692471400228,0.21399482817256135,0.37925865657230506,0.5856715113690057,0.4523486487824569,0.3240366052289837,0.2649283614874024,0.07131439554164005,0.29705308025287885,1.281341290604439,0.282346293783729,0.5746512430860212,0.38115823024495527,0.45301084470902037,0.018852160695127365,0.37009007696379226,0.24298973286141884,0.1442974230917224,0.4245865308004196,0.3284365143472317,0.1997558454186258,0.17692636017535687,-0.006037383149402762,0.036626036724483384,0.23281948654139314,0.04015304727862787,0.4648368903471752,0.1413006597258164,-0.040830885773687355,0.19146319389955346,-0.12423322633050607,-0.09001057152580395,0.030336888677659907,-0.1462320697917623,0.8439906373915841,-0.13262536098579003,-0.6161041597241155
0.1370717644511381,0.24024880082778813,0.28444835970534643,0.3396234202310792,0.21363556757853092,0.14611397030672255,0.268028985346657,0.19963098343795077,0.39872631736223124,0.1758742603317221,0.20893929199021907,0.17005977068821088,0.2526672085500811,0.24862743929069753,0.3753616317956364,0.2800815235269792,0.3666468114218102,0.45432006002072134,0.24420058324572608,0.28271409176498974,0.44817256102439973,0.37926997120884026,0.7787929165189755,0.4351140402946915,0.34039189179083706,0.2815864127213423,0.23332928238765996,0.8000817491051329,0.2416035400152584,0.13153318641156309,0.22135226898107438,0.282346293783729,2.232659880133378,-0.1082116917082538,-0.31790770878718083,-0.08394305785903415,0.5128292615675063,0.20263185173006287,0.2106999336531735,0.13148316650354488,-0.377867668951025,0.250004501209333,0.311910992410123,0.08848930344888728,0.4091092666511847,0.13017803884295262,0.5590616626112274,0.17504397812504227,0.6010602494364032,0.1593906827088396,-0.22065993636954906,0.30624214979309927,0.007670890858406572,-0.33602469846646155,0.22237026578520325,0.04124425566323604,-0.20492592683301772,-0.16165814144221938,0.15676667222543392
-0.012838817752825714,0.2407027130611207,0.31879393484477275,0.34380439651376343,0.362347089632202,0.4097972049218694,0.29978400801839017,0.35678122618481145,0.19337406063985538,0.347028157707202,0.36973582178564646,0.32957244386792367,0.40884133884756274,0.30160194715539623,0.36712610584898836,0.38659793367211887,0.3721427923110473,0.3149522550932499,0.2508632890904942,0.43261724591165623,0.25826778894761115,0.2970876157949571,0.36136596549850714,0.21378709044547564,0.8255494220898515,0.3470361762560037,0.3448488915819723,0.18269146992429908,0.9196760865441899,0.213630768365985,0.2540311099306154,0.5746512430860212,-0.1082116917082538,1.8266888008334217,0.5840010429991913,0.3277296245691813,0.5588488594571894,0.04743104603081948,0.4939533686531181,0.08224603897723978,0.7689966622790334,0.3838337661135423,0.38257324018137523,0.27552678644146594,0.2862288471878476,-0.06337593774286174,0.4062643422894244,0.07868110864471477,0.3484800400429883,0.021914962216008808,-0.09117498875736608,-0.06931512825819054,-0.005353316030217992,-0.04739683888076142,0.05584570773573888,-0.03920898853271458,0.281133378121174,-0.1090613510795812,-0.27884658546659985
