1.7380354524947974,0.3090405903240637,0.23146955276820813,0.20402275233187664,0.13505853433480045,0.1764638775719264,0.30987755072161594,0.14914501968858468,0.25112810190404217,0.3833688655410945,0.21202930505200518,0.1893127530603314,0.2096567368711922,0.1429383710982141,0.11850249583011405,0.17551685827723548,0.2152162698878423,0.18286123638198803,0.24852602073494762,0.1964952336776436,0.20069614323304583,0.16606912588897185,0.14598655812180897,0.14723468164403553,0.15452416221996698,0.15716212501594393,0.18718881139224577,0.14449720522570852,0.14142536982231882,0.13607561593542886,0.09861029712415187,0.20175598544789133,0.14207788336569319,0.1786072936506259,0.18506284156448174,0.20162644897199292,0.19996925156354695,0.15205302587953992,0.16010755402225849,0.12514359207967418,0.16842522783471334,0.1791671114187193,0.1279485792111569,0.16484885461090357,0.32188738323314003,0.2501608299305486,0.13817974904484928,-0.003903395861004296,-0.1413873680139658,-0.02913447245505867,0.013230005337278732,0.05592219598874937,0.053081925843689204,0.041242716405565656,-0.07536758109145283,0.14231586758894968,-0.030410738438438133,-0.18140888860181126,0.27348735989435696
0.3090405903240637,1.7136446893806232,0.1593595364458958,0.15473051654898667,0.12927202979904756,0.18551326311565527,0.22062249256872635,0.18881515247254996,0.28622260053663745,0.4214156578863136,0.18786725271197796,0.18330983613579305,0.2062788374481843,0.1913787314776633,0.20890956800933244,0.2565565453453214,0.25092950705592,0.23352239213662238,0.22974751784174663,0.25312470452747216,0.17949737054374107,0.11461501061731988,0.17580458901846102,0.15077907832948795,0.22337404760085988,0.22346454023460066,0.21236480629123042,0.1714185468876456,0.17655629100943057,0.14811863967840494,0.12361136549510801,0.19850181615227624,0.12996243310810401,0.19194783738337354,0.1977513011106484,0.19602936333626259,0.2104632240870356,0.14946158743868462,0.1390501405182964,0.1606328919582537,0.18427357181503187,0.15940091121397285,0.10330111670990902,0.17217073418143475,0.15816199007932474,0.1368652086891828,0.12102276572963191,0.019455784624485325,0.017292322736846936,-0.0247308194420158,0.006414394467449939,0.025717088443041068,-0.06955115917257569,0.07604121185257623,0.10096929007049354,0.1387353359572062,0.23150284035928548,0.13670727305186006,-0.2273276956267585
0.23146955276820813,0.1593595364458958,1.4891677829100154,0.19366823748016992,0.14654265666282695,0.2595472485813355,0.3347617594516904,0.16760696125675514,0.19548277226860597,0.2865437236545064,0.26568747912470014,0.16116840676408728,0.15523724651603685,0.18993213350273552,0.13545876353116598,0.20063913051462548,0.2029296614400277,0.1232513319174889,0.21330313567576392,0.1760259676852969,0.10387863222847235,0.1349135404607645,0.17356264156743534,0.12578709355740494,0.23315041623109045,0.2135574323241314,0.22723834891370412,0.23643219080677888,0.11550747003489825,0.12569300623277357,0.10900764203504147,0.17291324899722177,0.13334426020657156,0.20637425518588917,0.15834681862981054,0.1821740293092607,0.2523156613468894,0.15157132152124964,0.14597206216574327,0.06872410459588883,0.1581180979648684,0.1462138106929782,0.12197193046125294,0.022593829168982376,0.18033711639613648,0.16597876985270815,0.14994682503631718,0.01664501463853191,-0.059357504703204556,-0.011146101427432737,0.01636863291741435,0.04808671441096767,0.07001254011838515,0.06863883755522028,-0.050631091606309596,0.05405497166736417,0.040415406072390865,-0.06642334635764698,0.07563229047957727
0.20402275233187664,0.15473051654898667,0.19366823748016992,0.8900669497936905,0.36468154745226156,0.25711052099137827,0.2512154925221957,0.2788325835261709,0.21286559599272467,0.17926615108203475,0.24015797686775328,0.2180602492873507,0.1721339796385479,0.20236988692872004,0.21477878957965463,0.14555326610504513,0.1982061824616684,0.18984465019094351,0.1705819420302889,0.1965018676803081,0.20853788252888752,0.1469650968205318,0.14821668566772314,0.17558984403702751,0.14525528530115478,0.13035820136769632,0.17079911251340726,0.15043095665557063,0.13995637208445197,0.13607513307755278,0.2203456509392382,0.15161097629749687,0.11554550943057762,0.14614174119070864,0.14384002117572062,0.14613068118743464,0.17490050168645396,0.15230804073167065,0.12572875545646547,0.11086555237682438,0.16866249229244445,0.11933364978423211,0.06819373933880105,0.09633960107046666,0.20837835074569847,0.17420187065043893,0.18262063763124434,0.0014824828811156635,-0.04601534378888683,-0.007976806028714735,-0.00700602074356264,-0.02927766828825669,-0.065928272900624,0.04874959749110256,-0.007950912510740324,0.07968117413506297,-0.08907696491986859,0.10558378738222922,0.06336475011865009
0.13505853433480045,0.12927202979904756,0.14654265666282695,0.36468154745226156,0.9665630542858812,0.37567403772673746,0.18202780528659837,0.3503154189559736,0.25411276173415587,0.18339957205699323,0.2444362144604452,0.21238191353242986,0.23908657989658963,0.2601972632261169,0.20375442854045359,0.1747652314971591,0.20784188531018621,0.17004159660608256,0.11122893958102201,0.22167290213428284,0.21148480439296152,0.2506134529574981,0.19791166958955747,0.21847117313742495,0.13504170032466076,0.14293004525318853,0.20806030031730405,0.16015854813207941,0.1565994606397159,0.08078973881710959,0.21310496032777562,0.15585990577059397,0.0978904231628411,0.18886644019665572,0.16630459750279442,0.15171577887258872,0.21516061382407958,0.14868590198268014,0.11783676644037587,0.13119660135109726,0.1965592715290103,0.08164650792800004,0.0337432418798793,0.1231631571836599,0.15553671710343767,0.14610193828170515,0.23334822592276133,-0.04993934519875496,-0.2513794438348556,-0.020586749867986306,-0.006960280042617481,-0.031546752466189217,-0.025196910560012973,-0.013541729139254487,0.04103068354191861,0.0489232586412583,0.06394611845733017,0.04016084517944162,-0.06772871173979983
0.1764638775719264,0.18551326311565527,0.2595472485813355,0.25711052099137827,0.37567403772673746,0.5475525293303015,0.3017037123241576,0.30323005467156344,0.2543859265094645,0.24078326996632252,0.26954396718354784,0.2408532850004169,0.2252919196889363,0.2513495573560621,0.21484920202491903,0.24073865917731704,0.2425298449264008,0.21468729567082415,0.19811761043067672,0.2359131459299563,0.2401645381197869,0.154752787657653,0.2127158000786159,0.19427457126071154,0.19807886283297993,0.19845024504181635,0.2685151541869272,0.19187039437021067,0.17919815504044673,0.19294896919799545,0.1483201834941791,0.1770553791610936,0.13095716081751213,0.19978403594636576,0.17834508485950795,0.1946456902330571,0.21737591737307715,0.17945369919079654,0.1291821897346669,0.15658912863724928,0.1843575222745809,0.1654629527555601,0.09738422509995108,0.1390637701817147,0.19732362893706595,0.18713581876771468,0.340790225001367,-0.040475786876948805,-0.10765976219873777,0.0001316366851967746,-0.004318881733512582,-0.008015206437582117,-0.022011974833694544,0.02295100324583883,0.007292780518240319,0.02552391065019868,0.07256478085422298,0.010553776574455038,-0.007349508762778377
0.30987755072161594,0.22062249256872635,0.3347617594516904,0.2512154925221957,0.18202780528659837,0.3017037123241576,0.7355073147280154,0.347807278080814,0.26909612066241073,0.3474037479413155,0.3149306447406111,0.3162038358676607,0.24285135758879575,0.20847482947817245,0.2533490712532795,0.23903991413709524,0.285396971113476,0.2447398186694792,0.23661305498913593,0.2675055930902148,0.3268777007955456,0.09726045415930672,0.21834321499595366,0.2099161677646446,0.23811473818302,0.22848434136814835,0.24997026266115616,0.16286070179726733,0.17724368965353554,0.1776957799261363,0.20081778083307467,0.20562128289979315,0.13720891248160627,0.23038598587054918,0.19516227285671933,0.24649175770883777,0.22637012835596235,0.17538793351381754,0.14290895579823262,0.16559689993235593,0.20984783568495183,0.22336171429441784,0.1698644199584313,0.1870105409414069,0.1863350148470528,0.1691094042416822,0.19694079226968925,0.0996789900752364,0.05108643629811579,-0.0047896454276688954,-0.00355450959979887,-0.02155980752149515,-0.11334481331542157,0.06639596476394222,-0.00900918162900248,0.08458627433470017,0.03379375428958917,-0.0342062711737415,-0.011138909018642956
0.14914501968858468,0.18881515247254996,0.16760696125675514,0.2788325835261709,0.3503154189559736,0.30323005467156344,0.347807278080814,0.589759358521133,0.26247319725356555,0.26315588271000345,0.28576603634360864,0.26474189002580384,0.257031618329321,0.2905391307738056,0.24998767227727783,0.23022678847039418,0.24488026114379705,0.1884496455025463,0.17283445549376672,0.2632288453820136,0.29429176851231287,0.16258657174246635,0.1486574587503429,0.1932427585182154,0.18408541979426143,0.19569064290714,0.23389526401166166,0.16933949201911,0.16347506109547044,0.18044984214554335,0.14863150681564288,0.16368846956345037,0.11791126678646496,0.1811914706028545,0.16917162426777485,0.18782648797888962,0.19846605133270737,0.1427563133678328,0.12154626242035638,0.14737744723344168,0.16934931139525047,0.14014392609101334,0.08873452393162516,0.11113401728964534,0.13729358579817652,0.1228029460439862,0.19171804876512216,0.044861983430780836,-0.011010040075511512,0.00046990074619625814,-0.0056616503926082,-0.0347875600642408,-0.040440222760040244,0.029881963280391898,0.003516399581570335,-0.0071329663047563574,-0.06938112991598779,0.2935716196232372,0.01965203019321356
0.25112810190404217,0.28622260053663745,0.19548277226860597,0.21286559599272467,0.25411276173415587,0.2543859265094645,0.26909612066241073,0.26247319725356555,0.4220936578771865,0.30633715804328066,0.2760920671685405,0.24239351937865566,0.26546559068377534,0.21816341496039643,0.24432870811494098,0.24400721893672409,0.3013170610810944,0.24132072749700556,0.23519142017251707,0.2751473708269572,0.23727983795342197,0.1249016608457168,0.18729875483118463,0.17907319239081537,0.21837021159168735,0.2266255160927787,0.2295725185051867,0.1828280773231784,0.1682226659124605,0.1461912144718701,0.14321215560203182,0.16218950792995132,0.11267354438773829,0.18082905574726296,0.16660450204411215,0.1747175215281479,0.2129199449774875,0.1503724945709262,0.12197352294313529,0.1608263028409187,0.18185626324918058,0.14923137089247998,0.08004936405339234,0.13442393946091574,0.14093327586862187,0.12817666725417573,0.15076548823632965,0.03151220412789202,-0.03136782581644738,-0.004406824689820924,0.002689544667333289,-0.0009959230981203347,-0.008868613962511103,-0.052217752977060036,0.017391268110902754,0.06640260070455073,0.087422751735455,-0.06315242681829673,-0.012941315112982627
0.3833688655410945,0.4214156578863136,0.2865437236545064,0.17926615108203475,0.18339957205699323,0.24078326996632252,0.3474037479413155,0.26315588271000345,0.30633715804328066,0.76747484621549,0.24429967407776046,0.2205180755192206,0.25882522371671907,0.21525992754230058,0.21582962942932868,0.22216781878438827,0.26436609806093625,0.22698519895205185,0.23513297104814884,0.24704468056759002,0.20792032973300612,0.17880409716385132,0.21746285941463872,0.1901612538641813,0.2304437873117298,0.22983836946308003,0.2359502070996572,0.14995380775656844,0.17609990477841442,0.1471463108710699,0.14670623275820255,0.19194554735881303,0.12185244800967758,0.22212038407562945,0.18060462361712404,0.21242813212634168,0.2445224676214589,0.16857022385841577,0.1412920248320018,0.17403582740310988,0.19244136951029708,0.18608367201160084,0.12062293715644487,0.241241646227639,0.15837673716956494,0.1330647756377473,0.14971178623468978,0.07715644176793328,-0.009777754447490341,-0.013459377503516539,-0.0011970414746851161,-0.008202803469269332,-0.028332463727052334,0.09462796309989845,0.011803975350756273,0.04141845218341757,0.10174006091203132,-0.04911271458895332,0.018640585921090764
0.21202930505200518,0.18786725271197796,0.26568747912470014,0.24015797686775328,0.2444362144604452,0.26954396718354784,0.3149306447406111,0.28576603634360864,0.2760920671685405,0.24429967407776046,0.5097046778928052,0.34032553124424997,0.26069923605887996,0.2560191530399018,0.2404977809186272,0.21391110606421176,0.25440639320816993,0.21081596278028733,0.22755343844109308,0.2535158843295141,0.2641042062897463,0.15604741391243648,0.18519600573433817,0.18987379715347963,0.206159796958083,0.21250860819791406,0.2295272775094716,0.18593073798475762,0.15573858898721105,0.15833908642168368,0.1359484428992659,0.14921551730384905,0.09130369192072843,0.16288093723172858,0.11718063739952435,0.16643664210293233,0.1987580364540879,0.1485232743839779,0.11395756042101338,0.13982686588585522,0.1522083642345553,0.151961587923091,0.08532360750740177,0.14684618867131263,0.14095777476372467,0.13008203931034695,0.16497047085560554,0.017758523469241318,-0.015556554984671258,0.004653951880912623,-0.001933585009143483,-0.013590042288270546,-0.07048061763172139,-0.032135285592942375,0.011438263504776957,0.06274716355862764,-0.0057389009570667174,0.039517113411663814,-0.00582271319948992
0.1893127530603314,0.18330983613579305,0.16116840676408728,0.2180602492873507,0.21238191353242986,0.2408532850004169,0.3162038358676607,0.26474189002580384,0.24239351937865566,0.2205180755192206,0.34032553124424997,0.5784808660804296,0.28860182423305997,0.2741895765441744,0.2863161236377947,0.2294066743008443,0.2393007363880555,0.22959280665207765,0.2438867405017885,0.2433669103874001,0.26674061532944837,0.1655993819280204,0.22455783604852717,0.25345793844379133,0.20794557423442153,0.21082494922741293,0.1986871494806717,0.16652335715554958,0.17885182798118762,0.1153237970048951,0.12488379910186093,0.15962738159162268,0.10630149620047918,0.17422486506650808,0.16140364347328517,0.1944831099857363,0.21837878942730948,0.1762460175391913,0.10692081842860832,0.2589036538148845,0.21030225981962253,0.17411778120954563,0.1028568060979259,0.15630049176921712,0.1397247888469177,0.13862986925926163,0.17101960501529223,0.043481203577496436,0.00934405393991302,-0.007092677408938408,-0.008067844336210231,-0.026462948630711604,-0.02995036369803289,-0.061714304546279804,0.011486574463408651,0.035759906144009666,0.019662005215596034,0.01905045628934911,-0.025136950043442827
0.2096567368711922,0.2062788374481843,0.15523724651603685,0.1721339796385479,0.23908657989658963,0.2252919196889363,0.24285135758879575,0.257031618329321,0.26546559068377534,0.25882522371671907,0.26069923605887996,0.28860182423305997,0.48883878037215645,0.2819202852749789,0.2616229418644406,0.2255228432315754,0.2623951419815235,0.24138517560595882,0.2239290451236707,0.2625585477494637,0.24567626921308072,0.14450186312002658,0.1577285462119859,0.18818000162670065,0.20311064504349083,0.22032231565888394,0.17102105330545792,0.17872981028339177,0.17397172325940616,0.14677896774432317,0.15584109363377677,0.17854532246028265,0.13472201969535602,0.19698669774115588,0.18687542503302548,0.18741642294074679,0.2390790400164675,0.1697943923836519,0.1608858361756996,0.1591117539266237,0.1981199187770859,0.14585620624299336,0.09504308861094998,0.14064121243890615,0.15585742954210322,0.14461525827191413,0.1514426484626336,0.039732311078582515,-0.015341920449873054,-0.009935174749951065,-0.0027615781142502622,-0.01436379501340165,0.0035163737974950645,-0.002143747016922605,0.009797552596399983,-0.01135180401164939,0.01059500312270564,-0.005413864583598597,-0.03431489834053831
0.1429383710982141,0.1913787314776633,0.18993213350273552,0.20236988692872004,0.2601972632261169,0.2513495573560621,0.20847482947817245,0.2905391307738056,0.21816341496039643,0.21525992754230058,0.2560191530399018,0.2741895765441744,0.2819202852749789,0.5467942933901304,0.25786122567950076,0.22459071350358478,0.23353442726894383,0.20733990600973567,0.1800848021863918,0.2322618474667592,0.22530444303361524,0.15990385780933983,0.15921057757632603,0.18127463072259656,0.18489963132417192,0.18989372229360144,0.14772419558381014,0.1879537958259954,0.17256901585676138,0.12581943432224332,0.11192559848988533,0.14650001743028268,0.12285410683036448,0.17526891710013542,0.17458796728674683,0.17702610439389177,0.20754584891506062,0.16402064708753714,0.15239013523921308,0.16549006087325435,0.1781316619607143,0.10606249541977626,0.08463555286118558,0.11239187759545209,0.16220850411283752,0.15212848802338982,0.19244722822070764,-0.014908144869902383,-0.06156583937356163,-0.010565414656461857,-0.009266036014451421,-0.04203013900457413,0.11277780798068146,-0.02572590457713675,0.020059878030896434,-0.11960031283688204,-0.06078391355507171,0.09945208978993644,-0.007394185507758594
0.11850249583011405,0.20890956800933244,0.13545876353116598,0.21477878957965463,0.20375442854045359,0.21484920202491903,0.2533490712532795,0.24998767227727783,0.24432870811494098,0.21582962942932868,0.2404977809186272,0.2863161236377947,0.2616229418644406,0.25786122567950076,0.5756123086221439,0.2417249017420053,0.27850252832199807,0.280092054600667,0.3218328631611175,0.28603003110450553,0.2539072185128496,0.1190924798187693,0.17422695806505492,0.20440859366124978,0.26788805088885553,0.269378785902537,0.1953807776297057,0.18300738423331803,0.2338905354324627,0.15527861288862446,0.09888458293132237,0.1489119021714171,0.11415956778595752,0.177878802120589,0.18030878286333998,0.15762185188922168,0.16941570391286737,0.14841330113480208,0.136198391015328,0.14329539967003288,0.19414994010336395,0.12891678416240898,0.07402024206472917,0.1339219157143931,0.10709569023621061,0.1006883131417976,0.14090651785827768,0.06083389864362794,0.01617515041683723,0.006155452976228133,0.0027867798806337093,0.010926178536619955,-0.03923270698878263,-0.08248011677672451,0.016072949440564404,-0.03904387428956248,0.04469903017390242,0.06974360104006298,0.005289212736178128
0.17551685827723548,0.2565565453453214,0.20063913051462548,0.14555326610504513,0.1747652314971591,0.24073865917731704,0.23903991413709524,0.23022678847039418,0.24400721893672409,0.22216781878438827,0.21391110606421176,0.2294066743008443,0.2255228432315754,0.22459071350358478,0.2417249017420053,0.47651512038962046,0.25813555750760203,0.2808861942952794,0.29105771819153453,0.2630173830832026,0.2534620709008263,0.12583631799461759,0.18939635377693573,0.2022260085064502,0.274299857354867,0.26101386687411565,0.22283226822385407,0.19943459232413885,0.19290669444777753,0.16017363703888585,0.11057080385746516,0.1681078577382485,0.1107003681199807,0.19315253169615637,0.18839843001721668,0.19601262398651512,0.2285111716189579,0.15895520698268578,0.13714981870335116,0.17829240867567653,0.1971430702398713,0.1523262150637523,0.0781539991482123,0.15623654979587212,0.12771611342844408,0.11188154081636052,0.15183204642247827,0.06833404711402709,-0.0049478760778231025,-0.007105991611220893,-0.003322900768253752,0.016087252552181925,-0.10719642567248978,-0.0007287670405606101,0.008622286670587474,0.016648071893987367,0.08338494420421717,0.029700781984139002,-0.002603197919377573
0.2152162698878423,0.25092950705592,0.2029296614400277,0.1982061824616684,0.20784188531018621,0.2425298449264008,0.285396971113476,0.24488026114379705,0.3013170610810944,0.26436609806093625,0.25440639320816993,0.2393007363880555,0.2623951419815235,0.23353442726894383,0.27850252832199807,0.25813555750760203,0.49174276928700783,0.31657618309427327,0.2473669030235107,0.39691169851797703,0.2976094702913914,0.0671326429603111,0.2060543399392997,0.19058899065254756,0.25282348948625855,0.26337970687265166,0.23069223255476096,0.19413223402833454,0.1740983639508238,0.12780720658600486,0.16067534877130066,0.16464111546342558,0.11148757340113923,0.18819853265322145,0.17533947216315063,0.17593557565357795,0.21226150776743544,0.14456305928929408,0.13270970633930207,0.14053032920397115,0.1880877812024774,0.1414625086227467,0.08518349860788117,0.13396435947270016,0.1328659940664488,0.12100579505558327,0.1340554088484024,0.06728521407806964,0.0007785684426432032,-0.008651993210060093,0.010970705591669223,0.028923575924222598,-0.061863769249215605,-0.010073156966502688,0.01031862642919069,0.06026221990841,0.023559225823110562,-0.03798493634861124,-0.02654077040548043
0.18286123638198803,0.23352239213662238,0.1232513319174889,0.18984465019094351,0.17004159660608256,0.21468729567082415,0.2447398186694792,0.1884496455025463,0.24132072749700556,0.22698519895205185,0.21081596278028733,0.22959280665207765,0.24138517560595882,0.20733990600973567,0.280092054600667,0.2808861942952794,0.31657618309427327,0.7788740129729153,0.47513094909857867,0.28429817127329404,0.2840664604268179,0.007953429894058665,0.13445129056940142,0.23207579801832398,0.31871277594568165,0.3239562587333646,0.19430232530196873,0.22836988368636385,0.19953177689948862,0.15036107872534737,0.10636048398565488,0.16057044044192056,0.12444060126115765,0.1872931485002392,0.19312535878400608,0.17427388667491694,0.2411403802056993,0.14142694142174206,0.15900358841384604,0.11404832141795876,0.17709549218712262,0.15533348618829507,0.08549821099792103,0.12417179638326341,0.07649976660376834,0.06649546976429543,0.10167635556409148,0.11761224098026128,0.0800098706464027,-0.0010579074937750593,0.026711871488612596,0.08001036408230022,-0.20003179355855186,-0.03005137649918979,0.010983501790989895,0.02457550381262042,0.07221239805134189,-0.03886147073717465,-0.03210378753995693
0.24852602073494762,0.22974751784174663,0.21330313567576392,0.1705819420302889,0.11122893958102201,0.19811761043067672,0.23661305498913593,0.17283445549376672,0.23519142017251707,0.23513297104814884,0.22755343844109308,0.2438867405017885,0.2239290451236707,0.1800848021863918,0.3218328631611175,0.29105771819153453,0.2473669030235107,0.47513094909857867,1.1487020409188162,0.23368629714969819,0.23917233474342725,0.20216684716883557,0.08716039130843257,0.25784136754435316,0.37873609365502897,0.39815176038198913,0.20647112212497723,0.3109786334354225,0.2040398782181739,0.2559173009494774,0.07478140558240899,0.1604394955244512,0.16858979598078486,0.17956826758212255,0.23743117610674114,0.20110222421092605,0.20054350895399992,0.13247405204966342,0.23985086024498908,0.1345625177308379,0.16624210421534946,0.1616603978667704,0.11634419127784162,0.11574969329599172,-0.000696577583623095,-0.0029834088892776865,0.04235472609292698,0.1496217553392638,0.11210325745492047,0.01624423614810931,0.021824671101161097,0.07404278131766272,-0.29402759830161623,-0.06472427689285545,0.003504643404331003,-0.06600779111025849,0.09918304195863685,-0.003253496627435142,0.01217098635450137
0.1964952336776436,0.25312470452747216,0.1760259676852969,0.1965018676803081,0.22167290213428284,0.2359131459299563,0.2675055930902148,0.2632288453820136,0.2751473708269572,0.24704468056759002,0.2535158843295141,0.2433669103874001,0.2625585477494637,0.2322618474667592,0.28603003110450553,0.2630173830832026,0.39691169851797703,0.28429817127329404,0.23368629714969819,0.6529196064416608,0.35144040032007073,0.0666751834753265,0.25795071794785523,0.2213748478678389,0.2574916942617348,0.2677005800180382,0.22200361906117388,0.19556603930751645,0.18592078574628815,0.13234136106813885,0.15598441780900452,0.15408359893033463,0.10042493375915774,0.1910530684279125,0.16642325398979937,0.1725232735798236,0.21245577606110694,0.15015436620144004,0.1259319628814157,0.14620305136510622,0.19726385940265356,0.13663851895023463,0.07644882097300913,0.138739636786152,0.14719543778081284,0.14181700365057973,0.13395918394723225,0.07745740837867893,-0.001141191592208665,-0.0021978323223783773,0.003821746136212667,0.014774845102378685,-0.06635746635298444,0.015499198523401269,0.010354603308740093,0.05084470707358287,0.004914483090103733,0.002514406572320929,-0.024209761113037728
0.20069614323304583,0.17949737054374107,0.10387863222847235,0.20853788252888752,0.21148480439296152,0.2401645381197869,0.3268777007955456,0.29429176851231287,0.23727983795342197,0.20792032973300612,0.2641042062897463,0.26674061532944837,0.24567626921308072,0.22530444303361524,0.2539072185128496,0.2534620709008263,0.2976094702913914,0.2840664604268179,0.23917233474342725,0.35144040032007073,0.881553099316394,-0.0012842662082896562,0.15729219024211955,0.24964264957855667,0.16534770230344747,0.17096497457220491,0.148545161004547,0.1640986551962948,0.19070241756972742,0.2168633353988466,0.14369213781586712,0.15837869150978165,0.09425223791092635,0.1929506384916799,0.18519504850760557,0.1946552769730002,0.205828939265883,0.14378837539950537,0.13996911086153765,0.16038965705467173,0.1943899076283342,0.1475384574432586,0.08019414198458216,0.10608940861144382,0.14438806950853292,0.1379594176705649,0.24831114567181967,0.05018597136091276,0.005265168498585702,0.01633621737632898,-0.007611413621444184,-0.043925902444714525,-0.017159003925312,0.010440012628453251,0.0015277466359679274,-0.05379972953578659,0.0050196598488936464,0.05257709105266322,-0.01343690240201715
0.16606912588897185,0.11461501061731988,0.1349135404607645,0.1469650968205318,0.2506134529574981,0.154752787657653,0.09726045415930672,0.16258657174246635,0.1249016608457168,0.17880409716385132,0.15604741391243648,0.1655993819280204,0.14450186312002658,0.15990385780933983,0.1190924798187693,0.12583631799461759,0.0671326429603111,0.007953429894058665,0.20216684716883557,0.0666751834753265,-0.0012842662082896562,1.5586425529277304,0.21714340646029576,0.3858640517040182,0.14392172045141124,0.197486703580631,0.18742839967112554,0.23370374920749018,0.21890995620515963,0.17019762938744606,0.05312358530355428,0.16312136301552785,0.07946237155307727,0.22590891340059654,0.21012044597214255,0.20448430450137545,0.20489706341631717,0.14364231713051864,0.19933241883903027,0.15497926110917226,0.18226027360437005,0.1412948010391124,0.06703456000997488,0.2747521335431088,0.07767280675733311,0.05652701161636983,0.19041651470948287,0.03628252526418121,-0.12136882194312723,-0.0066224702266680854,0.016276749790554667,0.06559161484873723,-0.19901820711548251,-0.0068565495844284865,0.009671458748430844,-0.11896252393790778,0.10941520400280372,0.05502750026307854,-0.022915282962085497
0.14598655812180897,0.17580458901846102,0.17356264156743534,0.14821668566772314,0.19791166958955747,0.2127158000786159,0.21834321499595366,0.1486574587503429,0.18729875483118463,0.21746285941463872,0.18519600573433817,0.22455783604852717,0.1577285462119859,0.15921057757632603,0.17422695806505492,0.18939635377693573,0.2060543399392997,0.13445129056940142,0.08716039130843257,0.25795071794785523,0.15729219024211955,0.21714340646029576,1.016696875633016,0.24958066700018167,0.09698373185758308,0.15134953373896368,0.28798676199051876,0.13233363899391432,0.2050493402016169,0.2527065869303195,0.32428206663756803,0.14933900581926626,0.045904190154022015,0.19883604366947946,0.1029133451968909,0.18650350340417268,0.1605919874253029,0.1786602743203732,-0.03952367278948616,0.2125057210143356,0.22204533245406105,0.1441548926654133,0.04076551566842761,0.20824392148677665,0.16594339665883182,0.19114092970835353,0.18504729919544738,0.07660521415473806,-0.07510648708887836,0.0256557290321498,-0.04821268207547954,-0.08805579631825051,-0.02107865260269687,-0.02808060655497575,0.01412248131246712,-0.05029633315608767,0.052074172330907706,-0.025662022049998737,-0.02860158357502636
0.14723468164403553,0.15077907832948795,0.12578709355740494,0.17558984403702751,0.21847117313742495,0.19427457126071154,0.2099161677646446,0.1932427585182154,0.17907319239081537,0.1901612538641813,0.18987379715347963,0.25345793844379133,0.18818000162670065,0.18127463072259656,0.20440859366124978,0.2022260085064502,0.19058899065254756,0.23207579801832398,0.25784136754435316,0.2213748478678389,0.24964264957855667,0.3858640517040182,0.24958066700018167,0.6631405367926358,0.14302875022885067,0.12854240532108888,0.19670007054650743,0.13009476661458708,0.1872213202410578,0.022314571880857975,0.16622103828655332,0.1595363068055921,0.1075357638077932,0.21230970018150813,0.14566877609569737,0.17413461581812817,0.2571731991539743,0.1996014704141654,0.15239190673152478,0.22990061490881955,0.18686603745147673,0.14267337661238355,0.05654212544078169,0.2127833315018927,0.11242930149476489,0.10379040161565095,0.14019538006075008,0.04956368704952881,-0.0767965232065168,-0.047502043561572976,-0.015715610457892368,-0.030004060199885503,-0.02233068022328226,0.03304015824924253,0.003696564194142302,-0.2369470495474069,0.053474549676748105,-0.02781408218434501,-0.08939992385549861
0.15452416221996698,0.22337404760085988,0.23315041623109045,0.14525528530115478,0.13504170032466076,0.19807886283297993,0.23811473818302,0.18408541979426143,0.21837021159168735,0.2304437873117298,0.206159796958083,0.20794557423442153,0.20311064504349083,0.18489963132417192,0.26788805088885553,0.274299857354867,0.25282348948625855,0.31871277594568165,0.37873609365502897,0.2574916942617348,0.16534770230344747,0.14392172045141124,0.09698373185758308,0.14302875022885067,0.7559424780332097,0.6270081959752002,0.15929761020687694,0.3017116868827068,0.2598052677451034,0.1505612079457525,-0.02822866175486082,0.17846474906043572,0.1034598386655189,0.2529357733800488,0.24302463530205873,0.2455450689705636,0.30707433624690317,0.18540517367649623,0.24632465075711546,0.19693356279670388,0.24880330065003015,0.20856622496566915,0.1075690078823856,0.211337016554107,0.04541235005877223,0.03495649601574812,0.1479142356454939,0.13801239039323634,0.06469354994494267,0.003174353520431383,0.019557143423519167,0.05756244603738713,0.002784663243515046,-0.01268790264435225,0.011558349227920619,0.02692127633611501,0.0458802406601121,-0.002968484256425114,0.002996289062475832
0.15716212501594393,0.22346454023460066,0.2135574323241314,0.13035820136769632,0.14293004525318853,0.19845024504181635,0.22848434136814835,0.19569064290714,0.2266255160927787,0.22983836946308003,0.21250860819791406,0.21082494922741293,0.22032231565888394,0.18989372229360144,0.269378785902537,0.26101386687411565,0.26337970687265166,0.3239562587333646,0.39815176038198913,0.2677005800180382,0.17096497457220491,0.197486703580631,0.15134953373896368,0.12854240532108888,0.6270081959752002,0.9522152850223361,0.18168400662182285,0.2855337065925685,0.26251645740330987,0.26430319949560627,0.04727845928803925,0.18230609952699534,0.0991833799381749,0.2552291453457306,0.2315287336221661,0.24939039314714068,0.3048008157758744,0.17824118110972972,0.23485079269398643,0.19366996941933332,0.25097510770922277,0.18076788018412907,0.111246298674637,0.18127848450054787,0.016600664855710674,-0.0015861519036430055,0.13612931391469732,0.1723710440552801,0.08040837822361868,0.03643684898215226,0.01563692608831844,0.04552587406316001,-0.045038160814204746,-0.02641145667960751,0.015383749204800241,0.038891316405973854,0.05702924010451951,0.01892394582833776,0.010242574287810563
0.18718881139224577,0.21236480629123042,0.22723834891370412,0.17079911251340726,0.20806030031730405,0.2685151541869272,0.24997026266115616,0.23389526401166166,0.2295725185051867,0.2359502070996572,0.2295272775094716,0.1986871494806717,0.17102105330545792,0.14772419558381014,0.1953807776297057,0.22283226822385407,0.23069223255476096,0.19430232530196873,0.20647112212497723,0.22200361906117388,0.148545161004547,0.18742839967112554,0.28798676199051876,0.19670007054650743,0.15929761020687694,0.18168400662182285,1.0832647124696948,0.16330598568516438,0.22657977006580363,0.26808309267497216,0.29631404350027823,0.25798164963315456,0.22940791029771382,0.22140648756211792,0.21748835312515766,0.27073355791106374,0.27776471211152703,0.1308969557009612,0.09543493576605627,0.13191114102565335,0.08866627736307704,0.11926571294044198,0.11161521024774673,0.08337514296396165,0.1632063305415908,0.12389267200697734,-0.1439018446248105,0.062451968213602896,-0.07454797864783555,-0.04616251111520005,0.008740072397025875,0.033611552223677975,-0.11386711647934825,-0.03119911508561173,0.007903867826949233,0.03307444059338155,0.01780196454267833,0.013941622049866688,-0.0007747173498780148
0.14449720522570852,0.1714185468876456,0.23643219080677888,0.15043095665557063,0.16015854813207941,0.19187039437021067,0.16286070179726733,0.16933949201911,0.1828280773231784,0.14995380775656844,0.18593073798475762,0.16652335715554958,0.17872981028339177,0.1879537958259954,0.18300738423331803,0.19943459232413885,0.19413223402833454,0.22836988368636385,0.3109786334354225,0.19556603930751645,0.1640986551962948,0.23370374920749018,0.13233363899391432,0.13009476661458708,0.3017116868827068,0.2855337065925685,0.16330598568516438,0.9938764809232242,0.22433145835359009,0.32241436068713064,0.2456354888974029,0.2352579399818313,0.3057032038833408,0.21187490146406948,0.32368773267999806,0.26038140878998695,0.15296604867995697,0.18258454624333992,0.1922659145472416,0.1895077198123908,0.2334686192849087,0.3195064009852096,0.1386889394339759,0.23047395491753664,0.03921247579488248,0.027360185391343404,0.23614830350827623,0.11442499548556566,0.08936114647960079,0.004769718672038463,0.016993419172157482,0.053447550957685636,-0.027626963053138377,-0.05654964275977729,0.0023299318129788547,0.02189884764901265,0.04619893026380881,0.013609685117082163,0.0021906948211838917
0.14142536982231882,0.17655629100943057,0.11550747003489825,0.13995637208445197,0.1565994606397159,0.17919815504044673,0.17724368965353554,0.16347506109547044,0.1682226659124605,0.17609990477841442,0.15573858898721105,0.17885182798118762,0.17397172325940616,0.17256901585676138,0.2338905354324627,0.19290669444777753,0.1740983639508238,0.19953177689948862,0.2040398782181739,0.18592078574628815,0.19070241756972742,0.21890995620515963,0.2050493402016169,0.1872213202410578,0.2598052677451034,0.26251645740330987,0.22657977006580363,0.22433145835359009,0.7163260817698559,0.24553353753282625,0.02642642066349486,0.21507368878722247,0.17759678916302532,0.27481549771745034,0.2826428694708571,0.39125870794803497,0.2820217837611455,0.23169756105308234,0.18895859739560628,0.23059316673319824,0.24006969518440302,0.18795677762968904,0.13583365338575065,0.18022185830869608,0.20837703179908912,0.19198453190167694,0.23723804614213653,0.16056371339297446,0.06008294249653564,0.0051907304016485965,0.030575479993410228,0.09104810338343827,0.0012429615712394543,-0.008123394498216807,0.010960470731565789,-0.0257485252737142,0.044983920359767574,0.01877806609882359,-0.010041267872262555
0.13607561593542886,0.14811863967840494,0.12569300623277357,0.13607513307755278,0.08078973881710959,0.19294896919799545,0.1776957799261363,0.18044984214554335,0.1461912144718701,0.1471463108710699,0.15833908642168368,0.1153237970048951,0.14677896774432317,0.12581943432224332,0.15527861288862446,0.16017363703888585,0.12780720658600486,0.15036107872534737,0.2559173009494774,0.13234136106813885,0.2168633353988466,0.17019762938744606,0.2527065869303195,0.022314571880857975,0.1505612079457525,0.26430319949560627,0.26808309267497216,0.32241436068713064,0.24553353753282625,2.117334103190423,0.7017199975915648,0.33356050961641937,0.33164713948633107,0.236612519251266,0.2576474670042807,0.4540412082572454,0.055749933311654475,0.01130192994195556,0.11978196753933008,0.04410202907427492,0.07233878718691164,0.18589242373528264,0.1814984200001661,0.0579463499934183,0.02334535299536481,0.03503174083145106,0.27946053130172804,0.11157539178643007,-0.028168235474243984,0.4258133827935059,-0.055547378113032196,-0.14219379641997268,-0.04333275199293131,-0.0069479221533256565,0.014251484018542272,-0.1970957420079575,0.06035075086724826,0.1480403933522043,0.06576747980338306
0.09861029712415187,0.12361136549510801,0.10900764203504147,0.2203456509392382,0.21310496032777562,0.1483201834941791,0.20081778083307467,0.14863150681564288,0.14321215560203182,0.14670623275820255,0.1359484428992659,0.12488379910186093,0.15584109363377677,0.11192559848988533,0.09888458293132237,0.11057080385746516,0.16067534877130066,0.10636048398565488,0.07478140558240899,0.15598441780900452,0.14369213781586712,0.05312358530355428,0.32428206663756803,0.16622103828655332,-0.02822866175486082,0.04727845928803925,0.29631404350027823,0.2456354888974029,0.02642642066349486,0.7017199975915648,2.2811927804059686,0.3806456610004042,0.3537448323777999,0.25989849891942696,0.21665646070039465,0.19009988960470808,0.12537208583923767,0.11754118063221147,0.2542134162779473,0.0674386878928838,0.3453109464278255,0.09632014156482802,0.05723999681458384,0.044321649382268916,0.08193802967716614,0.09829767442924849,-0.0011378725776603805,0.0376798669654094,-0.050061332370432435,0.09344194584390485,-0.02391024093071061,-0.07768070201127061,-0.023970331903896164,-0.0904410616518357,0.013618475383205006,-0.10352857836657922,-0.009168006452290134,-0.012476919262350556,-0.04233260875670648
0.20175598544789133,0.19850181615227624,0.17291324899722177,0.15161097629749687,0.15585990577059397,0.1770553791610936,0.20562128289979315,0.16368846956345037,0.16218950792995132,0.19194554735881303,0.14921551730384905,0.15962738159162268,0.17854532246028265,0.14650001743028268,0.1489119021714171,0.1681078577382485,0.16464111546342558,0.16057044044192056,0.1604394955244512,0.15408359893033463,0.15837869150978165,0.16312136301552785,0.14933900581926626,0.1595363068055921,0.17846474906043572,0.18230609952699534,0.25798164963315456,0.2352579399818313,0.21507368878722247,0.33356050961641937,0.3806456610004042,0.4985679269397652,0.33412539532648483,0.3301581445478974,0.33922326042815704,0.3279018415588692,0.27822605731745204,0.17886892667806165,0.2677529740178732,0.13878312887151428,0.26745796594883386,0.21975115861884528,0.1943420670831744,0.1363231911343808,0.2286832425619324,0.22233890270251858,0.13738287693573187,0.09469731429852317,0.009988490600787955,-0.08311593509062455,0.03409588650459075,0.07823094993559657,0.04792232005999937,-0.0001613231189163056,0.0007530948655210257,0.026663154283417832,0.03857779530336141,0.0018054097837023977,-0.006347825184301306
0.14207788336569319,0.12996243310810401,0.13334426020657156,0.11554550943057762,0.0978904231628411,0.13095716081751213,0.13720891248160627,0.11791126678646496,0.11267354438773829,0.12185244800967758,0.09130369192072843,0.10630149620047918,0.13472201969535602,0.12285410683036448,0.11415956778595752,0.1107003681199807,0.11148757340113923,0.12444060126115765,0.16858979598078486,0.10042493375915774,0.09425223791092635,0.07946237155307727,0.045904190154022015,0.1075357638077932,0.1034598386655189,0.0991833799381749,0.22940791029771382,0.3057032038833408,0.17759678916302532,0.33164713948633107,0.3537448323777999,0.33412539532648483,1.0806320516641388,0.1737116053323895,0.3150573444836787,0.24108376813076557,0.1692975583309143,0.276696496301349,0.2690631919923558,0.17277025679204921,0.21702097185367042,0.2419100648449548,0.34526404025234936,0.01486264708936217,0.3891436111848897,0.39760683558525617,0.16114403603192648,0.17670168533521569,0.23264754767941162,-0.03085222833532894,-0.0024511135756140204,-0.010120819406963483,-0.02918711805480125,-0.0007426728680617727,0.003692427357809318,-0.16346531902424571,0.07195389142265203,0.038771731150612186,0.007061422793755735
0.1786072936506259,0.19194783738337354,0.20637425518588917,0.14614174119070864,0.18886644019665572,0.19978403594636576,0.23038598587054918,0.1811914706028545,0.18082905574726296,0.22212038407562945,0.16288093723172858,0.17422486506650808,0.19698669774115588,0.17526891710013542,0.177878802120589,0.19315253169615637,0.18819853265322145,0.1872931485002392,0.17956826758212255,0.1910530684279125,0.1929506384916799,0.22590891340059654,0.19883604366947946,0.21230970018150813,0.2529357733800488,0.2552291453457306,0.22140648756211792,0.21187490146406948,0.27481549771745034,0.236612519251266,0.25989849891942696,0.3301581445478974,0.1737116053323895,0.7157340324846275,0.3412014862855569,0.38779417653055953,0.4312454943448128,0.24930528812877742,0.28797925545648406,0.0501819831152717,0.3446462270953132,0.1947021853162116,0.1450228334246912,0.1886983918534611,0.18335930845135728,0.1626532328106019,0.1775817106381995,0.08862877393371711,-0.09111333396155281,0.01890383094445222,0.06188749969960308,0.0869162444542667,0.3216481983536772,0.011417687689971506,0.002901901414188737,-0.06845331891267811,0.026195998100633257,-0.02124570768958411,-0.027496204868375885
