1.9505846525529869,0.27595013431125265,0.2532241802179795,0.21819585858526733,0.16594996011719507,0.18973714828243782,0.29096923991184526,0.15372964494815203,0.2663470554835648,0.3988683828692254,0.22250384779302965,0.19500122230272396,0.22190797894864495,0.14932219296243987,0.12502189092086213,0.18696651146463858,0.22610518550573236,0.19462132831107376,0.26596918887572246,0.20476556878334737,0.20517550215883232,0.1829158566402526,0.14576377842283375,0.1661278219683534,0.16420883193947927,0.1620030521457848,0.19479879094341743,0.16111598676533048,0.151999043072782,0.1248060946575754,0.09748706820038192,0.2105840454766344,0.15536930969546045,0.19618744929181967,0.19720662332377614,0.2030529740421083,0.2241297715656151,0.15426204548416175,0.18706242637286424,0.11026185627410913,0.1693104040396609,0.17001894908907195,0.13443006689640585,0.18193164024130842,0.36310920571793387,0.286420898015924,0.156941356051697,-0.008596454149549071,-0.1806060106087533,-0.10320534694583781,0.016506278997264076,0.13838872604534289,0.04310840298362968,0.00028068984791759934,-0.16366673326142214,0.03438236449734449,-0.2518312296765679,-0.4138882568035573,0.3754655048365974
0.27595013431125265,1.9609134743043501,0.17094945629731245,0.1605109830020146,0.13190442175772274,0.19694561724765466,0.23226419198942566,0.21702003045851734,0.32071590067305505,0.4886521693066729,0.2254044656838504,0.2004580324174772,0.22766934524735633,0.2189671593511366,0.23240911133795916,0.2805626409137194,0.27607916116933273,0.25247341584334715,0.24674163285937992,0.2796116070397029,0.18508648192876628,0.12829340823996796,0.19386462770604307,0.14887978900835686,0.23476700231967534,0.2435173014854991,0.23038522709581488,0.1761021087612094,0.18346507944186335,0.18771545740426016,0.1316279396205745,0.20749605831888712,0.15303215171856724,0.17705543441990007,0.21016981469347754,0.20255184121089528,0.21124590286134837,0.16924018076203431,0.12875492699153512,0.19458486532137065,0.16159731978665526,0.21293702474882467,0.1295407139398464,0.1997393083327323,0.13521945163502722,0.10994255293846303,0.1370324677903723,0.04893738732850574,0.0915212056590815,-0.011897697474708029,-0.032131704699472276,-0.00024795049106734194,-0.3094551250881135,0.0065464021497133665,0.32065012065581766,0.13755984320488526,0.2361662319550732,0.11393053560868979,-0.021558197017175994
0.2532241802179795,0.17094945629731245,1.6382684390653008,0.20757469510578683,0.16156750025936983,0.2778015777006526,0.35968807052546864,0.16935870908582742,0.21517243489802496,0.3132750367334275,0.29468713016475084,0.18305504969575578,0.17649505475082983,0.21251669320393646,0.15748550392813304,0.21720340342644734,0.22885388508275414,0.1504067258714486,0.2439106207047996,0.19699307553466353,0.10854766290008194,0.14368406148639318,0.1854437819372172,0.13472756582833262,0.2573128547252599,0.23657681306966594,0.24180686192266962,0.26364502600940976,0.12900652951976385,0.13730720053123716,0.12934233126936423,0.1877662909289242,0.14658535370086886,0.21994220880758888,0.16548079815702213,0.18446332913746435,0.2805044854263792,0.1599730648417036,0.16493881708252595,0.07119279992794687,0.15962833019248937,0.17497930703274017,0.12067115396221362,0.02689264776006527,0.18978062447182828,0.17551669607840298,0.17264675268923954,0.00357880386153324,-0.05476872429054087,-0.027846521666684505,0.021912218452113354,0.13271595208815415,0.011947217776633693,0.03613231873417528,0.048184110927166804,0.06675933873864508,0.01199537371497716,-0.13017252468085946,-0.007734647254530893
0.21819585858526733,0.1605109830020146,0.20757469510578683,0.9692276654875066,0.38258823091718885,0.2862129288179867,0.3321643868894477,0.3080948284042534,0.23410801293047068,0.20561567842394549,0.2688539524235998,0.2484807727678239,0.18870325053640466,0.21943275550144642,0.24311815227454442,0.1611351111178674,0.22093441387664067,0.20699743878596066,0.18199276512157397,0.21581848365329487,0.2400691681292922,0.15035085967264636,0.16834078711394318,0.19747281450557394,0.15819728856137208,0.13835930702962357,0.1812665709096162,0.1582898070648231,0.1516031993151575,0.1485044747295096,0.2402298825458218,0.1627106117065374,0.13578607245141205,0.1526435588179999,0.1517511672486554,0.15643805543171066,0.186505846189686,0.17854614959915235,0.1384481137102151,0.13126832248452908,0.17736414192503266,0.16199531192015174,0.10774447953106475,0.1296920454894896,0.24367148350630174,0.20611921510040718,0.22827972214395217,0.007011140775621592,-0.0272863063752131,-0.0005078336941720486,-0.007441131574013253,-0.11298427471934681,-0.08840306400047052,0.03968712008312852,0.05192698200769743,0.049978226060981804,-0.08322420446243785,0.08269195593131856,-0.13556830771260697
0.16594996011719507,0.13190442175772274,0.16156750025936983,0.38258823091718885,1.0249826785420875,0.41305128385602063,0.2585060377863173,0.3834879804901742,0.27762136306978724,0.20296669216244068,0.26959499931559616,0.23427845460623717,0.2551131965120995,0.27400776390545656,0.2143733098123713,0.18433293760754424,0.23021861451658474,0.17950699508184995,0.11435700064842547,0.24086677388520034,0.23849739363629666,0.26683286408088197,0.21607096006261792,0.2382324270572084,0.1406644933241745,0.14520542145135545,0.20904100101095308,0.16344711158292588,0.1621954137970094,0.0694849763523687,0.21551531083465986,0.16306799233289607,0.10797598061962735,0.19423806526677223,0.16633457509288688,0.15022706945624598,0.219168258559842,0.163603481910257,0.13039440331699276,0.14967545229991697,0.19979513091602152,0.13640449897767612,0.08827226213704487,0.17794146008920325,0.18203544721897083,0.1747480088825868,0.2874456615755945,-0.04270805305709702,-0.23540859302400918,0.04661968995632987,0.046870438755890455,-0.08833886099962615,-0.0324896725047158,-0.013426703508835389,0.038880743342102855,0.07958934511194427,0.01281842597922891,-0.12129551403698648,-0.11136615923317979
0.18973714828243782,0.19694561724765466,0.2778015777006526,0.2862129288179867,0.41305128385602063,0.6112436194733972,0.3480193404489381,0.32779680446516507,0.287889647584655,0.2679805649096313,0.3016086014570335,0.27332192015617945,0.25290086587461985,0.2753683472800628,0.23436681959188613,0.2616764583023094,0.2717707058162244,0.24052595749930544,0.21720317034048503,0.260609219406133,0.2650241711519621,0.16631393418937881,0.240519732540599,0.21532335134939395,0.21192636423874583,0.2121317387775542,0.28883343728919497,0.20773648132039826,0.19687509908157755,0.20607322002487374,0.1693654003536294,0.19394454287514956,0.14740153015194887,0.2145301968946054,0.18993817667811605,0.19619095006504755,0.24389902656590542,0.20608493187806604,0.14818065911969,0.18193374486688202,0.2017558567144738,0.20657091033653532,0.11236879672704189,0.16843611949527193,0.22959470221607842,0.21991845147543215,0.4105615462520403,-0.05791719633923793,-0.09963609128729226,-0.018997157633825843,-0.03949737189074882,0.044093350358729716,0.0014339720697415178,-0.01807933199230186,0.04982862096951766,0.04296229433736988,0.07208674759267393,-0.07926826195547175,-0.08898004013814628
0.29096923991184526,0.23226419198942566,0.35968807052546864,0.3321643868894477,0.2585060377863173,0.3480193404489381,0.8098189109689977,0.37866763635837525,0.31648134459034594,0.3935307513114456,0.3616479366479753,0.37796032557526626,0.29359768020957955,0.23228914296610187,0.31822652401415996,0.2706623177776626,0.330529722857678,0.30806714931997464,0.2757460064989166,0.3087942363204393,0.3675696602372713,0.07610548901805812,0.2494118691461699,0.2423901387179968,0.27894848533849553,0.266240943086946,0.3021725853372122,0.20493586826276475,0.21663106244716887,0.21198365325925111,0.2649985778993384,0.2395253567182191,0.16861082108206413,0.2749701288686606,0.2203204117057712,0.2857832260952535,0.2771084982333042,0.22169198328398734,0.17729128881766032,0.19068329442676615,0.24133493637861214,0.2573073056910121,0.1608946859511812,0.16696485597755534,0.23121242673652134,0.20861468010250825,0.2459170827919297,0.04601590315831967,0.02538587778578495,0.030759801771083083,0.050057877052922306,0.05470369720608404,0.09919695542209643,0.12424752657398694,-0.0012167187990652936,0.07715253086478775,0.15570330226804402,0.03703421789844563,-0.028434187761186877
0.15372964494815203,0.21702003045851734,0.16935870908582742,0.3080948284042534,0.3834879804901742,0.32779680446516507,0.37866763635837525,0.6242524638828392,0.2932109295576732,0.30195379751863966,0.32066100397356617,0.30079528995094007,0.2870756660639497,0.3083513562305918,0.2827560737436989,0.24625663539919238,0.2702081289479297,0.2150981185833752,0.1894136554504419,0.28657809296176967,0.31410110889734993,0.15552260215152752,0.1588605211569471,0.1987292162654312,0.19913618794987553,0.2116773750406628,0.25100009956478264,0.1874567288086875,0.17779675018484073,0.200658766915513,0.1651175053328992,0.17918708695045976,0.13804563399445186,0.19088579807136094,0.17797936156048869,0.19700252924798073,0.21354998948074638,0.16248311923716707,0.13461176418248788,0.16683381325731847,0.167314809419343,0.17444804964125094,0.11514566630967131,0.1299016481898126,0.15640549821458283,0.13757977857096151,0.22517714798025357,0.040594877142178964,0.004022301365217728,0.08444052753193118,0.07591111545814505,-0.04948146113128361,-0.05549560609894277,0.028209613059543462,-0.0027378679915092082,0.012062986397323033,-0.06215070105821295,0.22822166560482451,-0.020278115586214958
0.2663470554835648,0.32071590067305505,0.21517243489802496,0.23410801293047068,0.27762136306978724,0.287889647584655,0.31648134459034594,0.2932109295576732,0.4669700547368567,0.3442895935680336,0.3099329453892744,0.2670247355675607,0.29235071713293553,0.2354955406298988,0.2642835346589617,0.2663803168900419,0.33373205859619753,0.26715893051155215,0.2539850341877341,0.30266231474798355,0.2593716349245603,0.13397018253496548,0.20799326065361953,0.19797037351966515,0.23301618249462347,0.24168921527227716,0.24766390441299937,0.19544538223691782,0.1831874614357505,0.15994747108585208,0.16082088123620036,0.17806688450836725,0.13247077908334629,0.1942799228175236,0.17603740955873232,0.18519334814033603,0.23084203370442483,0.17021998682434952,0.13412975062476346,0.17970586893452867,0.18216906247475845,0.19600614091218324,0.11144528930047219,0.16690946284559083,0.1588249244786879,0.14609281544734787,0.19067377074883035,0.03585656498264409,-0.008421866352826629,0.015317672055130982,0.06762425252854107,-0.017918939572767474,-0.044705393424076346,-0.0539471613401128,0.10699017126370552,0.06648023831222752,0.09690774610244714,-0.11724558680943221,-0.10738859870882851
0.3988683828692254,0.4886521693066729,0.3132750367334275,0.20561567842394549,0.20296669216244068,0.2679805649096313,0.3935307513114456,0.30195379751863966,0.3442895935680336,0.8639546622680162,0.2879689619922317,0.25338258350136506,0.2851585345393415,0.23041999718464176,0.25119766811415356,0.24657912015081562,0.2920345797752973,0.2546353624160851,0.2609004707453445,0.2730388735598208,0.22654029961267586,0.1901987895448808,0.2392996514019264,0.2066025895003675,0.2545964908974908,0.25504377173365467,0.2666247530620576,0.16687514007797014,0.19529449327292964,0.17524494148787503,0.17062295463028843,0.2124890514355606,0.14482944854798416,0.23649196609093925,0.19723062620655116,0.23355136148180647,0.27043790091502384,0.19164547601533957,0.15495986041163848,0.19710527611626444,0.1987701517957511,0.22285870629142004,0.14103405146221423,0.26353970324456577,0.17270461837348203,0.14422255376597448,0.1788262119505258,0.09247885912675824,0.017493713985884788,0.020194685850328842,-0.03154474962141001,0.006680843180534387,-0.1189839818054514,0.06908665441344786,0.14892655337542018,0.039614175101566666,0.10393863520029144,-0.062397266926859665,-0.0010078946001389941
0.22250384779302965,0.2254044656838504,0.29468713016475084,0.2688539524235998,0.26959499931559616,0.3016086014570335,0.3616479366479753,0.32066100397356617,0.3099329453892744,0.2879689619922317,0.5595883808532085,0.36748020453478464,0.2935410070272672,0.2817987051031963,0.26194323583624013,0.23856375732317875,0.28037722060628034,0.23052402281170317,0.24712115539300394,0.27778067287726255,0.2836231772348889,0.1724082549335176,0.20588353109758692,0.2093048016032774,0.2218289822520911,0.22900195392317255,0.253708331472025,0.1974371286748245,0.17467597115025646,0.1701014427990286,0.15472046967741562,0.1681396835540696,0.1095785731903231,0.17658710422159218,0.12677796984093043,0.18448377934929794,0.22591042005227374,0.16952670396609057,0.1272905213789023,0.15999208875256013,0.15291191931630607,0.18869322087420548,0.10523981830391489,0.17517963698983388,0.16170726285865356,0.14789172122048946,0.19943771075285435,0.015365534981630609,-0.004156546634757569,-0.06781671497985706,0.1276260946666533,0.06151050701804993,-0.17024655251324194,-0.036159720604368506,0.11516261860773395,0.061398439536450404,0.02419088603726109,0.016975503472384544,-0.1721179373155943
0.19500122230272396,0.2004580324174772,0.18305504969575578,0.2484807727678239,0.23427845460623717,0.27332192015617945,0.37796032557526626,0.30079528995094007,0.2670247355675607,0.25338258350136506,0.36748020453478464,0.6342733762464091,0.31778139618712675,0.2963021501244847,0.31488664476085754,0.25687397919152805,0.2616824785697806,0.2478691354332081,0.25972603572779734,0.26672639874349663,0.29325553171994795,0.17985404121425325,0.2523319574291733,0.2845764162047129,0.226160023412765,0.2270154257279367,0.21821282673001383,0.17901724512329392,0.20268579007369217,0.12695719647348777,0.14609975813202303,0.1815552579790883,0.1249793584265987,0.20301509659967845,0.17668061751600236,0.22045241759154888,0.2515804084101297,0.20613938823780117,0.12383415024101968,0.2893869615549435,0.23056199127685406,0.2127881878355392,0.12624170037708218,0.18529081308884002,0.16527907164963906,0.16379429144902077,0.22172020591779495,0.04058316793489205,0.01294509398521507,-0.004322394950112632,0.05818689443863907,-0.028265312383553304,0.041367612614713584,-0.01380699030795541,0.05935255170705712,0.029897963694758705,0.06957527184694122,-0.004036345345283937,-0.18722159020828097
0.22190797894864495,0.22766934524735633,0.17649505475082983,0.18870325053640466,0.2551131965120995,0.25290086587461985,0.29359768020957955,0.2870756660639497,0.29235071713293553,0.2851585345393415,0.2935410070272672,0.31778139618712675,0.5345404725325104,0.3034373202317545,0.28516822635458056,0.24792466280902978,0.28635789589154914,0.26163331300186066,0.2433082872834317,0.2855808616418735,0.2667434119206295,0.15852002488034442,0.17513139887032697,0.20127606652333793,0.21807554779208488,0.23706473499980177,0.18237416053757852,0.19047117804789745,0.18967846626153542,0.1603660559743982,0.1655438657304379,0.1952664029377701,0.14964074010460235,0.21043201492705424,0.19647900788351982,0.1909909152980233,0.25966123344110464,0.18820178207472896,0.1755675459712025,0.1767789208990603,0.20162582342480237,0.18873566444864637,0.1225633980799181,0.17691800457461765,0.1706306502431703,0.15979917056419501,0.19018911851344536,0.038995322598952865,0.006154272788494025,0.03626576743577332,0.05909784901668349,-0.037381164400253145,-0.011733505469587159,-0.03930775780096022,0.11841066663789249,0.017585475453579764,0.03754106919170864,-0.027777967369238907,-0.1230722036075856
0.14932219296243987,0.2189671593511366,0.21251669320393646,0.21943275550144642,0.27400776390545656,0.2753683472800628,0.23228914296610187,0.3083513562305918,0.2354955406298988,0.23041999718464176,0.2817987051031963,0.2963021501244847,0.3034373202317545,0.5991501373949786,0.27984686005601317,0.24614845568131902,0.25175106372654726,0.21566334282555802,0.1906874207664141,0.2507922765767405,0.23845755782771216,0.17783419678445123,0.17507268525238695,0.18459703445092082,0.19538231406875112,0.20211980235724222,0.14467884265553113,0.19556474226136694,0.1823562624166614,0.13503921898360888,0.10085564327410154,0.15407467750596632,0.12795836464649918,0.1766271381053296,0.174557950376811,0.16567027084284514,0.21890712100893386,0.1807814450103842,0.15941814013230884,0.18950485249820756,0.18022640403590628,0.13771913450617834,0.10765064169458849,0.14356514790698388,0.16253485572491597,0.15291538642006403,0.23395883385086425,-0.019640917452238754,-0.043168755281178264,0.016484492658925116,0.04616499772502653,-0.1043119478384241,0.05949728879000546,-0.03360250846013527,0.2167031639188448,-0.09137670097646129,-0.041558515619849176,0.1002428694550754,-0.11516265123798433
0.12502189092086213,0.23240911133795916,0.15748550392813304,0.24311815227454442,0.2143733098123713,0.23436681959188613,0.31822652401415996,0.2827560737436989,0.2642835346589617,0.25119766811415356,0.26194323583624013,0.31488664476085754,0.28516822635458056,0.27984686005601317,0.6148343583699962,0.24366315040219078,0.2999796944239897,0.29492519094833014,0.33508735343303664,0.30727992323227465,0.27489378773455686,0.12490207023740289,0.18273288930471815,0.2195540492617134,0.2782308363332223,0.27845353167852993,0.1957733844764605,0.18611503995558445,0.24904897210111102,0.16900558853961237,0.09081893680471632,0.16300856534298147,0.13014757814043254,0.18971745309340685,0.1846065192522947,0.17894250560196184,0.17408337086562067,0.16779138397813026,0.1455207212594066,0.1634460919462095,0.1879445313971693,0.17341688149556936,0.11727185167893395,0.1652383066598501,0.12092200173110361,0.11169587663445407,0.17851101069357175,0.06043743562609263,0.02475350328291511,0.050479688597813085,0.0037390061386528032,0.05972842634739726,-0.033563441946127044,0.06740974974744043,0.11429040983532195,-0.04466868509578922,0.05763113311523515,0.04952448040957333,-0.05792109896386559
0.18696651146463858,0.2805626409137194,0.21720340342644734,0.1611351111178674,0.18433293760754424,0.2616764583023094,0.2706623177776626,0.24625663539919238,0.2663803168900419,0.24657912015081562,0.23856375732317875,0.25687397919152805,0.24792466280902978,0.24614845568131902,0.24366315040219078,0.5014952910830742,0.27438134975981604,0.2947850340002093,0.30513651913264866,0.27842057616939403,0.2680971225077031,0.13135603653252656,0.2042327255271715,0.21537570935360859,0.2796327966214801,0.26527316325011335,0.22495441744755537,0.20139254043938304,0.20057113591627532,0.16325535163704677,0.10531456701598729,0.17730393296080188,0.1257170953367986,0.19472333594972244,0.19250140597061102,0.2035034470617215,0.23824131276411328,0.17533100761893275,0.14462452727807165,0.20018771943791022,0.1874316684049791,0.1961220211115804,0.12178437624130581,0.19592381400450767,0.14957913912642148,0.13325103088385656,0.18853959506780382,0.06520819478741348,0.008539628654889692,-0.06578740546478098,-0.09771950421992391,0.12392068550371975,-0.13130395279518356,0.000200538853857223,0.06635124755236431,0.027711424282522774,0.06702991794208138,-0.04056957157600816,-0.07199783861114155
0.22610518550573236,0.27607916116933273,0.22885388508275414,0.22093441387664067,0.23021861451658474,0.2717707058162244,0.330529722857678,0.2702081289479297,0.33373205859619753,0.2920345797752973,0.28037722060628034,0.2616824785697806,0.28635789589154914,0.25175106372654726,0.2999796944239897,0.27438134975981604,0.5381989122722575,0.34540959561792167,0.2687512365005887,0.4307953935348037,0.32090517161999527,0.06856845852009241,0.22346444114445302,0.2041654676323575,0.26943895083260405,0.2810537579442746,0.242525105114986,0.2059732495310831,0.18857448282573278,0.1365232683714461,0.16872978961476928,0.176821022580201,0.1234131375988315,0.2021908206954078,0.1824548697564462,0.1819879350382468,0.22770853561710983,0.15844757279861393,0.14382024317998499,0.15348123160508734,0.186128782871602,0.18222034434800083,0.10794701882980873,0.1648586851070246,0.14145538566652446,0.1302048446820849,0.17069891154906222,0.06165525388819751,0.013053260796026004,0.012746685615889137,0.05645541018581697,0.04608455841984654,-0.007624556254218242,-0.007528667596505999,0.08972214190303636,0.07690807289359587,0.05527091243061783,-0.07209561257498401,-0.08965290187729556
0.19462132831107376,0.25247341584334715,0.1504067258714486,0.20699743878596066,0.17950699508184995,0.24052595749930544,0.30806714931997464,0.2150981185833752,0.26715893051155215,0.2546353624160851,0.23052402281170317,0.2478691354332081,0.26163331300186066,0.21566334282555802,0.29492519094833014,0.2947850340002093,0.34540959561792167,0.8446557720352094,0.5028084935330378,0.3065057849649064,0.3093321653414868,-0.0011387891265551232,0.14074463819106248,0.24515803071127562,0.33943037105514284,0.3444835857072744,0.19909369463568757,0.24125851123578562,0.21604556164521174,0.16038153064934965,0.10909421102587627,0.1767667994066636,0.13675871685551683,0.21049492769816777,0.20246696649028426,0.187980698281801,0.25692511707092686,0.15268862760259733,0.17270858863058206,0.117905003172083,0.17103749893897274,0.20767727387015622,0.11598414977697682,0.16479294887264917,0.08887921471066246,0.0778187880566312,0.13511755085196012,0.11221795429505596,0.09463829669738924,0.07407169673100361,0.0747083716946269,0.08788213355043165,0.0029099628007660627,-0.01012265355590443,0.0922738693626737,0.0638833821057574,0.10181708346316515,-0.09235791820779268,-0.08968167989159147
0.26596918887572246,0.24674163285937992,0.2439106207047996,0.18199276512157397,0.11435700064842547,0.21720317034048503,0.2757460064989166,0.1894136554504419,0.2539850341877341,0.2609004707453445,0.24712115539300394,0.25972603572779734,0.2433082872834317,0.1906874207664141,0.33508735343303664,0.30513651913264866,0.2687512365005887,0.5028084935330378,1.1931615041598458,0.24554388844798467,0.24929843368911586,0.23173561150903482,0.09268276382872379,0.27544604249412324,0.39611596546541217,0.4166443286188904,0.21044908514407537,0.33042758256585447,0.22158386983755876,0.2662138583367816,0.06536729800075733,0.1763882877024243,0.18401276638533498,0.19492564705636772,0.2546508662223766,0.21617604838970245,0.20536473464954041,0.13783124854005005,0.2506281906249728,0.14035380127171332,0.15589913065393401,0.20920848553485208,0.146012151867965,0.15677010611573303,0.006566785799957831,0.002772986202840993,0.06374914089804401,0.14457127494129715,0.11978795364957956,0.06295442811512164,0.054423416096999896,0.11457115034390761,-0.174928656407146,-0.039939231251279635,0.11230316408326647,-0.04171209293805617,0.09794860980123027,-0.07711335074230061,-0.11299153680329686
0.20476556878334737,0.2796116070397029,0.19699307553466353,0.21581848365329487,0.24086677388520034,0.260609219406133,0.3087942363204393,0.28657809296176967,0.30266231474798355,0.2730388735598208,0.27778067287726255,0.26672639874349663,0.2855808616418735,0.2507922765767405,0.30727992323227465,0.27842057616939403,0.4307953935348037,0.3065057849649064,0.24554388844798467,0.7098427405953761,0.37767184276521387,0.06767616448166994,0.2775229028186106,0.23458294425566098,0.27215658540945037,0.28394935343507,0.22759088523843243,0.20688844485067154,0.20000240374994913,0.1402897442916993,0.15470151547664457,0.16260181159071496,0.10974151526018905,0.20109552031170552,0.17104625187836311,0.17593207887558834,0.22593661857752398,0.16305400624452857,0.13322858692371364,0.1597782412777766,0.19275799465629895,0.17407342443853172,0.10138263934184309,0.1723290687511407,0.15430328161448034,0.15062957552430378,0.1724629704634152,0.07527588232375398,0.011279961547550392,0.0020284204383970235,0.027860610085835416,0.022924494964497194,-0.02714193131804677,0.009397483473064731,0.06936761802019073,0.07286666394755677,0.041616121360967706,-0.038306786875818684,-0.0889560310722935
0.20517550215883232,0.18508648192876628,0.10854766290008194,0.2400691681292922,0.23849739363629666,0.2650241711519621,0.3675696602372713,0.31410110889734993,0.2593716349245603,0.22654029961267586,0.2836231772348889,0.29325553171994795,0.2667434119206295,0.23845755782771216,0.27489378773455686,0.2680971225077031,0.32090517161999527,0.3093321653414868,0.24929843368911586,0.37767184276521387,0.9616445217830878,0.005708926731248723,0.18426157488556427,0.27635745465618194,0.17388039814799636,0.18143056725018653,0.15180199601096048,0.17423923086214152,0.21135976556106825,0.242516702510635,0.15658868401689527,0.17310693951763248,0.10511026894162885,0.20893350381653703,0.19349410595915484,0.19953700617852863,0.22967409980451212,0.16761511332409887,0.15490558733865334,0.18215859252472805,0.20648599264086334,0.18413014551804258,0.09293656676400402,0.1312636623165658,0.17070428682726455,0.16273027770343856,0.3128253437213769,0.03418774998786612,0.007864134319156944,0.14843019111158687,0.07279575009229847,-0.12113081619125679,-0.01693811297095657,0.019842057568323336,0.025450475478801107,-0.04337477613720526,0.05646494188403481,0.04667050065587102,-0.09695106370049801
0.1829158566402526,0.12829340823996796,0.14368406148639318,0.15035085967264636,0.26683286408088197,0.16631393418937881,0.07610548901805812,0.15552260215152752,0.13397018253496548,0.1901987895448808,0.1724082549335176,0.17985404121425325,0.15852002488034442,0.17783419678445123,0.12490207023740289,0.13135603653252656,0.06856845852009241,-0.0011387891265551232,0.23173561150903482,0.06767616448166994,0.005708926731248723,1.724524285978503,0.2360742739813584,0.42634745043319106,0.15438791509411917,0.21445761438911384,0.18304884794166829,0.2466552360840761,0.23783439122116581,0.18345876050952217,0.038268582616683276,0.17661368948069173,0.08054043680325339,0.24165083017036706,0.22010883890987656,0.20145516926674328,0.21742618647608852,0.14887922410680607,0.21575448554332227,0.16456290120652767,0.18391902125929785,0.17069281866652783,0.08074794285905436,0.3166754774559376,0.07279404007861764,0.05532181205072186,0.2360865678798882,0.03209596153828392,-0.12632350914173895,-0.07239226206970381,-0.005367711213176884,0.14129778687831304,-0.07005387181173761,-0.0034310933515149214,0.150059789290703,-0.10000803890462517,0.14188398937400556,-0.041481884376525655,-0.2982738335298922
0.14576377842283375,0.19386462770604307,0.1854437819372172,0.16834078711394318,0.21607096006261792,0.240519732540599,0.2494118691461699,0.1588605211569471,0.20799326065361953,0.2392996514019264,0.20588353109758692,0.2523319574291733,0.17513139887032697,0.17507268525238695,0.18273288930471815,0.2042327255271715,0.22346444114445302,0.14074463819106248,0.09268276382872379,0.2775229028186106,0.18426157488556427,0.2360742739813584,1.1262743641371458,0.27486205247849294,0.0985512742216947,0.15819111699463825,0.308465054268768,0.13536699169593042,0.2171805633436596,0.28781023499003533,0.3649585880922757,0.16201309964386332,0.05540602726550651,0.20844381035965268,0.09462320158613231,0.1829062992866503,0.17364173110680103,0.2051857854906378,-0.04826321708782607,0.2393063584226077,0.2276010932910245,0.18167939931655386,0.06927701473421023,0.24427750197680875,0.17854352079321273,0.21114956425543543,0.23734307797419657,0.0747561652725628,-0.06449207713857358,-0.14672934287902215,-0.132086798776,-0.039029501552003555,0.10797939136382576,-0.04119850844777596,0.11793699826256991,-0.03694823478180767,0.12892382215873396,-0.021558787162231682,-0.16977722255335087
0.1661278219683534,0.14887978900835686,0.13472756582833262,0.19747281450557394,0.2382324270572084,0.21532335134939395,0.2423901387179968,0.1987292162654312,0.19797037351966515,0.2066025895003675,0.2093048016032774,0.2845764162047129,0.20127606652333793,0.18459703445092082,0.2195540492617134,0.21537570935360859,0.2041654676323575,0.24515803071127562,0.27544604249412324,0.23458294425566098,0.27635745465618194,0.42634745043319106,0.27486205247849294,0.727979460113683,0.1472010448958238,0.12816024979764692,0.19823138420140501,0.13549715414845423,0.2002275339926149,0.005021053012760196,0.1626326262672492,0.17765835588830628,0.11472486607962822,0.2201236516986323,0.13741813609165215,0.171057651935529,0.2709028144121483,0.21393432238048662,0.16563555281696876,0.25018457488923723,0.19314374347684035,0.18080190232865015,0.10228532054770564,0.2551108130716249,0.1443053552277777,0.14201562187278274,0.18889697578110295,0.035075231498017605,-0.08775198218541824,-0.058330228542171125,-0.01826303962800963,-0.018706809556674343,0.0021156096824442036,0.04205069189839837,0.03388882594112687,-0.13309528006577045,0.18571382382185397,-0.05407654555058709,-0.359485695360038
0.16420883193947927,0.23476700231967534,0.2573128547252599,0.15819728856137208,0.1406644933241745,0.21192636423874583,0.27894848533849553,0.19913618794987553,0.23301618249462347,0.2545964908974908,0.2218289822520911,0.226160023412765,0.21807554779208488,0.19538231406875112,0.2782308363332223,0.2796327966214801,0.26943895083260405,0.33943037105514284,0.39611596546541217,0.27215658540945037,0.17388039814799636,0.15438791509411917,0.0985512742216947,0.1472010448958238,0.813959497488475,0.6737031127974801,0.14925014565052924,0.3190856567430022,0.27844353564672175,0.15356553947107734,-0.04775982641195749,0.18763217554300057,0.11062563757375674,0.27213482652495247,0.251222128224414,0.25737629750234325,0.32687900249221996,0.19700998270565767,0.2637649503222011,0.21281179156503263,0.2438494274640807,0.25576446591967,0.13951864833086042,0.25112760515831023,0.03519510474776667,0.025331885526616058,0.18898624537296396,0.1403923581204785,0.08480879667878895,0.020537517337032043,0.007455570623369677,0.1010291370404092,0.021003954922045702,0.029739923945415494,0.16505096570616254,0.022387800801718344,0.005204905582066861,-0.07814740208470819,-0.010687741745635606
0.1620030521457848,0.2435173014854991,0.23657681306966594,0.13835930702962357,0.14520542145135545,0.2121317387775542,0.266240943086946,0.2116773750406628,0.24168921527227716,0.25504377173365467,0.22900195392317255,0.2270154257279367,0.23706473499980177,0.20211980235724222,0.27845353167852993,0.26527316325011335,0.2810537579442746,0.3444835857072744,0.4166443286188904,0.28394935343507,0.18143056725018653,0.21445761438911384,0.15819111699463825,0.12816024979764692,0.6737031127974801,1.033264292148063,0.17207153239357437,0.29888629160832036,0.28275319022709183,0.28782466135589607,0.01924211203037856,0.18891080512071462,0.10392563895276748,0.27184442461496106,0.23572199278707043,0.2574389021918251,0.3254934938908544,0.1892547082021518,0.24587577577246247,0.2110979201447357,0.2404998392732109,0.23165114397806816,0.13528869572346927,0.22192762137570365,-0.005264310614359662,-0.024500683353119227,0.17826826050222414,0.17796066604640126,0.11048931207653087,0.04004805672572979,0.008604244877213988,0.0697155800328417,0.005245499264082655,0.008093170979486952,0.17543957437831487,0.03278413348631199,0.016764471793281364,-0.05049373687903605,0.001373987039557672
0.19479879094341743,0.23038522709581488,0.24180686192266962,0.1812665709096162,0.20904100101095308,0.28883343728919497,0.3021725853372122,0.25100009956478264,0.24766390441299937,0.2666247530620576,0.253708331472025,0.21821282673001383,0.18237416053757852,0.14467884265553113,0.1957733844764605,0.22495441744755537,0.242525105114986,0.19909369463568757,0.21044908514407537,0.22759088523843243,0.15180199601096048,0.18304884794166829,0.308465054268768,0.19823138420140501,0.14925014565052924,0.17207153239357437,1.1748137145479804,0.15841138354669523,0.2285092910733537,0.2971704985314772,0.3199282984317263,0.278245655699194,0.2676936511088676,0.21745557617534805,0.20806282551164856,0.275751376088852,0.2691770309085156,0.1357790976108786,0.0921066296948034,0.1394630596860378,0.02521320003027126,0.19158891420568724,0.19524081245997676,0.13713805175852317,0.18644580871716224,0.14581554901125307,-0.17241210616905614,0.04648632000796759,-0.055365551710999716,-0.041170267890400986,0.03305213760378052,0.11407794745475647,-0.1007322233409791,-0.02816665738781767,0.06706035308152226,0.053516422053921396,0.04272464877134799,-2.1690629360142784e-5,-0.03741766576916898
0.16111598676533048,0.1761021087612094,0.26364502600940976,0.1582898070648231,0.16344711158292588,0.20773648132039826,0.20493586826276475,0.1874567288086875,0.19544538223691782,0.16687514007797014,0.1974371286748245,0.17901724512329392,0.19047117804789745,0.19556474226136694,0.18611503995558445,0.20139254043938304,0.2059732495310831,0.24125851123578562,0.33042758256585447,0.20688844485067154,0.17423923086214152,0.2466552360840761,0.13536699169593042,0.13549715414845423,0.3190856567430022,0.29888629160832036,0.15841138354669523,1.0826055847064178,0.23022303615798384,0.3345878871921181,0.26716076820023343,0.2533708268368632,0.33787157053878203,0.22585578658978162,0.34801071723856664,0.2583068357660582,0.14144480151236194,0.19570361406430686,0.21260490091409096,0.20816118948429305,0.24593846996733418,0.3841392180117852,0.17389205571417288,0.289010974210666,0.0468673893004534,0.03386562858237603,0.2723289547956801,0.11080628361253768,0.10974704792322128,0.07686498478827039,0.019156454252017688,0.06558643524327962,0.07504330102018318,-0.021228263457923075,0.012597197183996238,0.021979862201662034,0.03866142367415507,-0.022262160230869656,-0.04924845167148043
0.151999043072782,0.18346507944186335,0.12900652951976385,0.1516031993151575,0.1621954137970094,0.19687509908157755,0.21663106244716887,0.17779675018484073,0.1831874614357505,0.19529449327292964,0.17467597115025646,0.20268579007369217,0.18967846626153542,0.1823562624166614,0.24904897210111102,0.20057113591627532,0.18857448282573278,0.21604556164521174,0.22158386983755876,0.20000240374994913,0.21135976556106825,0.23783439122116581,0.2171805633436596,0.2002275339926149,0.27844353564672175,0.28275319022709183,0.2285092910733537,0.23022303615798384,0.7797374780420452,0.2549750012268313,-0.0022805931817167207,0.22637616633533422,0.1934108015962595,0.28600590689919353,0.2906362160028505,0.4057587697942098,0.30209780449249407,0.25174178623050497,0.20571436849910962,0.2575701161682881,0.22507859637252856,0.24975842353031372,0.18668303862483318,0.22731809647264728,0.230546563395857,0.21460726616001885,0.2883762585064607,0.15729075056694866,0.08966565819889814,0.06817372156018557,0.043743706588716284,0.11346073951566546,-0.07632121839782367,0.01457420817453051,0.1311283613103632,-0.01074526398524144,0.03348341596888948,-0.03233439076518541,-0.12765258444091357
0.1248060946575754,0.18771545740426016,0.13730720053123716,0.1485044747295096,0.0694849763523687,0.20607322002487374,0.21198365325925111,0.200658766915513,0.15994747108585208,0.17524494148787503,0.1701014427990286,0.12695719647348777,0.1603660559743982,0.13503921898360888,0.16900558853961237,0.16325535163704677,0.1365232683714461,0.16038153064934965,0.2662138583367816,0.1402897442916993,0.242516702510635,0.18345876050952217,0.28781023499003533,0.005021053012760196,0.15356553947107734,0.28782466135589607,0.2971704985314772,0.3345878871921181,0.2549750012268313,2.3936227174172124,0.7727295559220321,0.35901774582347246,0.39036924353225566,0.22924715107738386,0.2602752977480315,0.4551867488004966,0.04891325237197755,0.027199180925261,0.1136075399911631,0.048627672266444974,-0.0023381913104586903,0.26395166185287505,0.214235883210857,0.08529006047750741,0.027550215899173277,0.03136596636892187,0.2884965842219079,0.08407656445948408,0.006017660387295796,0.19038630876318408,-0.22686593673856495,-0.22731054672208012,0.09134669395008796,-0.007950600789463701,0.15460360119773056,-0.20876933499627817,0.08870771430991273,0.24534613246575393,0.2115099029878963
0.09748706820038192,0.1316279396205745,0.12934233126936423,0.2402298825458218,0.21551531083465986,0.1693654003536294,0.2649985778993384,0.1651175053328992,0.16082088123620036,0.17062295463028843,0.15472046967741562,0.14609975813202303,0.1655438657304379,0.10085564327410154,0.09081893680471632,0.10531456701598729,0.16872978961476928,0.10909421102587627,0.06536729800075733,0.15470151547664457,0.15658868401689527,0.038268582616683276,0.3649585880922757,0.1626326262672492,-0.04775982641195749,0.01924211203037856,0.3199282984317263,0.26716076820023343,-0.0022805931817167207,0.7727295559220321,2.525308168556905,0.40520169414492735,0.40554876108423765,0.22877268371185225,0.19366957127229015,0.13636488821599393,0.07367054250882174,0.13222440846062322,0.2719152090184082,0.08315808522811166,0.31917608766697153,0.21953365114209725,0.13640616291886778,0.1091426992319108,0.08631138199848087,0.11344206908514413,0.026029521101301155,0.003363278783628073,0.02657989449158875,0.02527851267270956,-0.0541182624565293,-0.12909300861467315,0.1885151839166505,-0.09138615529863187,0.09012293657191547,-0.016522411214996893,0.10016718928520058,0.03520632740029225,-0.1750761217782229
0.2105840454766344,0.20749605831888712,0.1877662909289242,0.1627106117065374,0.16306799233289607,0.19394454287514956,0.2395253567182191,0.17918708695045976,0.17806688450836725,0.2124890514355606,0.1681396835540696,0.1815552579790883,0.1952664029377701,0.15407467750596632,0.16300856534298147,0.17730393296080188,0.176821022580201,0.1767667994066636,0.1763882877024243,0.16260181159071496,0.17310693951763248,0.17661368948069173,0.16201309964386332,0.17765835588830628,0.18763217554300057,0.18891080512071462,0.278245655699194,0.2533708268368632,0.22637616633533422,0.35901774582347246,0.40520169414492735,0.5468172762324152,0.3880629004813538,0.34292130318061687,0.3476146508786798,0.32733147859860295,0.2885336935655315,0.20801168079477309,0.29608388446837286,0.1554879176278108,0.25494059363556676,0.29233902783581056,0.2514652333665461,0.1729554604034498,0.2696078839195148,0.2649539117650011,0.15882704027483902,0.08255623422834857,0.04412333270228203,0.011922615180316183,0.07768164696039803,0.09340240448265179,0.0024541691886050777,-0.009670459112002578,0.053590226357113205,-0.03114234196987485,0.08290616693837309,0.009305867021447747,-0.06824765272951429
0.15536930969546045,0.15303215171856724,0.14658535370086886,0.13578607245141205,0.10797598061962735,0.14740153015194887,0.16861082108206413,0.13804563399445186,0.13247077908334629,0.14482944854798416,0.1095785731903231,0.1249793584265987,0.14964074010460235,0.12795836464649918,0.13014757814043254,0.1257170953367986,0.1234131375988315,0.13675871685551683,0.18401276638533498,0.10974151526018905,0.10511026894162885,0.08054043680325339,0.05540602726550651,0.11472486607962822,0.11062563757375674,0.10392563895276748,0.2676936511088676,0.33787157053878203,0.1934108015962595,0.39036924353225566,0.40554876108423765,0.3880629004813538,1.1852665854250595,0.17721518621792337,0.35034516035911634,0.2744313000902588,0.1684794474288452,0.3043334285635434,0.30109158701440353,0.19205767881834584,0.22123367127745694,0.2973066620181632,0.3951170053018212,0.017354093620036037,0.45127907216566315,0.45647361459777747,0.15271615430567537,0.17319628403673387,0.2621160238146274,0.014246350910308379,0.008321123136695936,-0.024433978520139985,-0.0365801805057809,-0.011661108122557506,0.09197931999598734,-0.1373756874246635,0.1071603839986666,0.06095391047099407,0.0018015541046576386
0.19618744929181967,0.17705543441990007,0.21994220880758888,0.1526435588179999,0.19423806526677223,0.2145301968946054,0.2749701288686606,0.19088579807136094,0.1942799228175236,0.23649196609093925,0.17658710422159218,0.20301509659967845,0.21043201492705424,0.1766271381053296,0.18971745309340685,0.19472333594972244,0.2021908206954078,0.21049492769816777,0.19492564705636772,0.20109552031170552,0.20893350381653703,0.24165083017036706,0.20844381035965268,0.2201236516986323,0.27213482652495247,0.27184442461496106,0.21745557617534805,0.22585578658978162,0.28600590689919353,0.22924715107738386,0.22877268371185225,0.34292130318061687,0.17721518621792337,0.7553115913562435,0.33816498039164294,0.3799457713892041,0.44237593501763933,0.2674827172593002,0.31541749462990903,0.05776586984737952,0.32112774009094514,0.28791762701519574,0.23157729773270466,0.2617414071614599,0.2111627748120907,0.19434477958219679,0.21115454505514558,0.06074111500906023,-0.07125985956734943,0.1393621917182862,0.08132214411149187,0.003251489187388977,0.2603962588638614,0.007060590204220004,0.0673315785437942,-0.023404951396779172,0.030407767642046092,-0.04882291011228119,-0.09116856619310869
