1.580755333232522,0.12063718050687221,0.8606721753106634,0.15347137580624023,0.4154400771970685,0.11056270859015392,0.19553982206515264,0.22284924406615422,0.3110974044831439,0.20928995230907588,0.16719201322180988,0.2253301919977474,0.14167321134775895,0.14594550585984592,0.2519466942062419,0.12523192124479404,0.07457849292648863,0.37289863096745673,0.24720320356543035,0.12715261738216352,0.11014853953549428,0.23963997519802968,0.3412201313630999,-0.014620346787131151,0.18605052454582294,0.1210904218231676,0.09144189343702491,-0.11634526133968386,0.2324574196757793,0.25281990200936566,0.24457940451982854,0.024997680576770362,0.10958557425325338,-0.3818751469511736,0.21843713134346554,0.25439397757548315,0.06979322004066323,0.09703977629572258,0.35314023278272566,-0.019216480530966,0.09060393014802888,0.05225691828461817,0.0691291827888947,0.020793110231512653,0.35199243485931586,0.2880540083647079,0.10427806405992379,-0.18977226093505953,-0.051426052825123296,0.012973371103222655,0.04787620936105206,0.1315422327056189,-0.13110234561047507,-0.023714877780145267,0.18690021310109547,-0.013961326882779294,0.28747173829177464,0.0491482667951974,-0.6188664417527792
0.12063718050687221,2.2640192040464693,0.03606223671213905,-0.9000049088606259,-0.1939007194178558,0.4267415731720502,0.04467448147435556,0.027634976638174293,0.17612854918716048,0.09698006723577832,0.02594035760448423,0.04819853248653413,0.037011638155229204,0.016060398491296268,0.02577234122736299,0.008569798021892994,-0.05458226348981134,0.39526727046518817,0.0037326207364703637,-0.053310282010628415,0.1605391859975187,0.10446550551817838,-0.12396505823706368,0.0347510583479783,0.03429646774098517,0.11733525500985503,0.23480106674468817,0.29779739277139455,0.13180119085931788,0.07546973361114857,0.02884023077478384,0.0465609162559937,0.007601105959561218,0.03231377429179252,0.2753463641184791,0.0073795079595336335,0.2965388012951907,-0.020240774802679794,0.07206925248972516,0.0801488280292167,0.06431921127466474,0.09668635879354573,0.22486090730225283,-0.03270079655223097,0.2595021843171077,0.05846340078791796,0.12342724365091075,0.017258347558846785,0.21650000818416332,-0.29406250924508676,0.3056724546838448,0.40605024965779196,-0.30418701764462425,-0.05722072598548443,-0.308587829531833,-0.032396148133214765,0.03313132528800851,0.2250737328326883,0.038322034426870946
0.8606721753106634,0.03606223671213905,2.091416243754313,0.5871073751196784,0.14650827322040508,0.45863446527421603,0.0559894447255967,0.5415684438222573,0.6404959222717814,0.3964655556015719,0.3196745542824963,0.2940446686857055,0.29306781935749304,0.28544227976167436,0.34458438129065383,0.2205119448726218,0.35947901877313765,0.43240485754099095,0.45257627781080123,0.4312933403623372,0.24788928424048878,0.4225386963607705,0.22638757523774414,0.2739893406568059,0.26626987501051363,0.3158752030207393,0.14434079202910477,0.17976549640745917,0.5062021575568671,0.11618398624372138,0.3048773760117515,0.22282408233657883,0.04848057733925723,0.13093021809087474,0.3855756875795401,0.5124028476966105,0.24915836737475683,0.2372025560816098,0.5061397492404629,-0.138697319955487,0.2657472111222226,0.2056437680540831,0.07759635066080954,0.03244074029660591,0.46001198192830367,0.507811506020415,0.3309084367354063,-0.3050187985542696,-0.11397165964156755,0.1502420271602425,0.024769197242960308,0.1811317394676159,-0.17256721400428573,-0.1073033201077289,-0.03823693035774266,0.014987364671707117,0.1427791294735462,0.16735157181802457,-0.5923361244354034
0.15347137580624023,-0.9000049088606259,0.5871073751196784,2.9479801172621394,0.19512753386608567,0.7011571298899374,0.021183338551907904,0.41929823564524943,0.0588291185976808,0.00897272460782513,0.31270696877215615,0.4213148665790102,0.23123201488131392,0.33022873987907897,0.136769130641459,0.41359084841324684,0.33586691909511446,0.0649494351876844,0.4351292489367909,0.4721527564357512,0.1209804112990061,0.21396244359706593,0.008592734627880856,0.23157794580114205,0.20809402032694047,0.3400844804848949,-0.00812792580208175,0.19471541009625673,0.4918822125720489,-0.19132339260768286,-0.05212503345608817,0.45872162725825383,-0.015075546863072954,0.29630147532003687,-0.506311154377812,0.20593832454228356,-0.02561523576618043,0.2517487953206843,0.13468198554677624,0.10651629885399926,0.06108137862943293,0.09621765914076397,0.14863861050593707,0.09308184795182663,0.023564569008125442,0.19430750759781898,0.19995424561664835,-0.1342206611769077,-0.04826272084908763,0.11622167382808742,-0.06501511164439076,-0.03757033497063524,-0.12909456309288048,-0.03721740683661514,-0.2412521718657891,0.09668816788023023,-0.1970210161113537,0.37937042139856264,-0.23334814655776062
0.4154400771970685,-0.1939007194178558,0.14650827322040508,0.19512753386608567,1.419833954318276,0.03934999789539495,0.18332621268828148,0.3847871495026311,0.17504863913488142,0.11346422759519377,0.15440537627780584,0.18328183084568997,0.20783858834455426,0.2523877303429553,0.1991738449778384,0.2750178753746669,0.20105698164358593,0.19721823036245353,0.4760703702061626,0.1855737913364607,0.14311613414157198,0.21843830368978268,0.08338919029145905,0.09302127007577607,0.15575309549611763,0.21203725287552538,-0.021435278254622776,-0.04761716324887321,0.2503262509461258,-0.02408972699929489,0.07011439128827633,0.162655255927389,0.0722956488207581,0.314524074766614,-0.15736474453439572,0.19513670488225784,0.19890457077683943,0.09878550417091293,0.1813974141110398,0.04179498513125385,0.1655200973118882,0.13288861914520117,-0.003104868097145792,0.028657805756277268,-0.15540232971850407,0.19258044068446964,0.16687115116588572,-0.040782396286178635,0.3035201841186468,0.2707159869425092,-0.047844795135862005,-0.33191258041282523,0.15036939123295356,-0.10651950832144479,0.01577860851414194,0.0036703243580341054,-0.06916734158952771,0.10393336870059493,-0.057585527602633566
0.11056270859015392,0.4267415731720502,0.45863446527421603,0.7011571298899374,0.03934999789539495,1.253032849760441,-0.02493332841820232,0.4079505898327469,0.3675678377494261,0.13212229860818944,0.2681426419096833,0.2673094617413227,0.25223108145325634,0.3692790538976846,0.20870579657757832,0.3469765214384279,0.3638150667404352,0.21969385431686728,0.6533896298344806,0.48549779715504277,0.2744557866931192,0.335039918719516,-0.02928471788467684,0.26060219555329944,0.20250432719678133,0.4719813584606246,0.2141749106380745,0.23339565137111898,0.6342583600225401,-0.12096830754974572,0.1416074768658768,0.3996009904728373,-0.08165955888879577,0.4259351670593291,0.027369800437657098,0.16888289168247791,0.2289463953181607,0.25888366285171627,0.17267950595544576,0.14194624147397825,0.1653425869947241,0.2053078171276429,0.24091167409414635,0.0354194541172572,0.11568357808727227,0.21919009709535506,0.40340767840070335,-0.08518491627229323,0.39580283049837317,0.23834219211788998,-0.11420119336976102,0.12129978091782619,-0.23761323287217698,-0.04620246436211805,-0.2696058826475468,0.11880124846614729,-0.17333563516740857,0.3440722836680645,-0.12698498116950624
0.19553982206515264,0.04467448147435556,0.0559894447255967,0.021183338551907904,0.18332621268828148,-0.02493332841820232,1.0785011171059184,0.05117958105615654,0.3230187805000039,0.23669654285678599,0.2321503700101888,0.32063744104424174,0.23669962093379943,0.17498980679350104,0.17838109714925265,0.22956273318075096,0.1976543906101727,0.27624585313089567,0.017816437549474054,0.033392774009573835,0.2091307045660627,0.28380235775319823,0.06189174632872401,0.26544014300720564,0.20306183115195015,0.16686070149558144,0.14774547159314402,0.117379777458713,0.11622551333880997,0.25700687488055046,0.2461482698264727,-0.004592830907950008,0.14892275658922646,0.2862628040182435,0.2298687168314895,0.26127085771801833,0.3003250848136921,0.025351385385530275,0.31230610819085286,0.04487805638308989,0.18312310822246788,0.17272252563377244,0.16190821539397932,0.037438655302727004,-0.0515528051442382,0.2308015223532712,0.07508452096633818,-0.07299970054044283,0.2754792222462755,-0.020048341896413423,-0.11845061219387754,0.01677085266126937,0.04619400939875836,-0.09838990343412722,0.1133340893163833,0.061209450639707425,0.0012445745165598026,-0.10966564866081044,-0.009996729276813542
0.22284924406615422,0.027634976638174293,0.5415684438222573,0.41929823564524943,0.3847871495026311,0.4079505898327469,0.05117958105615654,1.0043016675579812,0.057743020247241296,0.19432946143705862,0.20028726636200347,0.050504669357898546,0.25236861766188756,0.30088132977359416,0.1846150045888389,0.24437769620051306,0.3729649642652601,0.14943655094244615,0.3789018728074508,0.41727748511710905,0.1717939716153794,0.1509776314975713,-0.13184011927997127,0.12554544227918504,0.2286932770724269,0.2821380079195541,0.11717941752692655,0.1827590727316387,0.31017881531963926,0.033180467242892864,0.09481725187781286,0.2020513862462982,-0.02403920494791267,0.3860990760184852,0.22014992810262127,0.0777388470639169,0.3661159461588377,0.21065938794652952,0.3856974627074297,0.0621590861048772,0.21145024784723332,0.1715822246039797,0.20945471985222044,0.026887032149764678,0.25047313189339954,0.19128687013012333,0.42618958021432163,0.009380540427084472,0.36870634068364877,0.22961010914935936,-0.06417998903788606,-0.0570187532110718,-0.016909347753054606,-0.05619664053370218,-0.3619389942175186,0.01899959530652853,0.06606904600008266,0.5329372241449178,-0.4685595138116231
0.3110974044831439,0.17612854918716048,0.6404959222717814,0.0588291185976808,0.17504863913488142,0.3675678377494261,0.3230187805000039,0.057743020247241296,1.0019833641149478,0.20670353308662653,0.21703550985344025,0.25332534427634373,0.2751722887268087,0.2867835707321301,0.16789500621886555,0.21933941446453292,0.25216602242442904,0.38887226989877005,0.31237395790182576,0.12361715475683716,0.23479221673860887,0.5419738282554741,0.21199111328093564,0.3061611245905801,0.16488682315449513,0.2641039335390803,0.16483249174216502,0.08419579182659538,0.3244823593696575,0.07842993838702608,0.4451104566756072,0.10030672246391786,0.13166119002186347,0.18786499257318745,0.19975985041644814,0.38136478242260036,0.17721002829529672,0.08650093989585042,0.3090152364069725,-0.03342764586412161,0.14435041356945913,0.15570305679153035,0.046266398413877884,0.03289361511402922,-0.000772216576158916,0.36702276419013896,0.19387859003371594,-0.23802324494711874,0.1741989147904431,0.09912685484903239,-0.027528039658712148,0.09438675056170978,-0.07963985482933059,-0.1310009259678641,0.17106083151610904,0.265434790118149,-0.018377647858433092,-0.1710259334511428,-0.29545578885007917
0.20928995230907588,0.09698006723577832,0.3964655556015719,0.00897272460782513,0.11346422759519377,0.13212229860818944,0.23669654285678599,0.19432946143705862,0.20670353308662653,0.562377406437222,0.14863732618011924,0.13456312087379832,0.17187575953067383,0.19331533032596604,0.2599806001567441,0.16931979982318682,0.2795209715358542,0.19021932281490722,0.0906232148557007,0.22208823596876143,0.1746964593731546,0.18090358502286358,0.01938296716809105,0.16995092950808535,0.1747688063107843,0.1409778050287459,0.19142671521321014,0.10931367861394502,0.17703869610545991,0.2238069176794747,0.15149393213433648,0.07810208291833015,0.0640760296399589,0.28012761689861876,0.28106616284070496,0.19213357440200035,0.3516837886459216,0.11476142091568811,0.32891148422999317,0.09667752118006692,0.27702910698111916,0.1753412926331804,0.23490492590164838,0.021207287604687042,0.184045206608905,0.2315864267931978,0.3417142516440845,-0.04632206719672612,0.2759636465571802,0.044915203828010904,-0.052626620134434865,-0.04610873039159199,0.04945881592159129,-0.012174314142779094,0.046615627123045886,-0.07003633695802872,0.07934682355642833,-0.068234066056539,-0.019915547133288233
0.16719201322180988,0.02594035760448423,0.3196745542824963,0.31270696877215615,0.15440537627780584,0.2681426419096833,0.2321503700101888,0.20028726636200347,0.21703550985344025,0.14863732618011924,0.5799459860392794,0.3061051676124767,0.24738045537048967,0.20377981998393824,0.27326641426159415,0.2602564110618149,0.27388725203841446,0.19219211037707787,0.17108648674329027,0.2721456457663936,0.1977749846278186,0.2210217926462994,0.04211563235391038,0.24560276367449904,0.2148023354707104,0.2404823809800829,0.1582395646845128,0.08087695676246033,0.2886838956921955,0.09825028076003846,0.1400050635587195,0.20220278329203317,0.05610706549769669,0.281025540577604,0.2035182454504862,0.23340771646555136,0.20697908985260813,0.14377055622753904,0.28450416593370836,0.046155790487357636,0.15553320938748005,0.17055301217459334,0.11616966586891518,0.02117886244251596,0.08828194968559655,0.25337062951949696,0.21756430263585075,-0.08073180446424147,0.0449775030901952,0.05770000614475978,-0.09584748733483121,-0.048318236928589026,0.1673109887070928,-0.06407971922602981,0.01235355287253249,0.052366091263558984,-0.10318207274464675,0.008309741047180975,-0.08008836449825259
0.2253301919977474,0.04819853248653413,0.2940446686857055,0.4213148665790102,0.18328183084568997,0.2673094617413227,0.32063744104424174,0.050504669357898546,0.25332534427634373,0.13456312087379832,0.3061051676124767,0.6994642338129989,0.19542269465599418,0.20007766672276409,0.09336147710976647,0.27475679301713973,0.14223250714280838,0.3515699759876566,0.1964050605440814,0.1193468056986927,0.17227699286440798,0.25433665477157413,0.16956022295462458,0.2082293871175936,0.2444322436338469,0.23854710807852111,0.0966899657741666,0.039802148800563444,0.23941260471071849,0.08152048127872513,0.1352361518567053,0.12696189472772493,0.13430460090945848,0.19727363035102943,0.22304801137688682,0.20568781132402283,0.19253028718845988,0.0722876057010819,0.27057254908251865,0.0573996598352076,0.05839825449495041,0.14490131200383508,0.13771941287717396,0.03381383752472329,0.04168910440826911,0.22247801949108373,0.1823018809695941,-0.08675254130484404,0.23070740902476333,-0.06505563143705534,-0.045722123560171746,0.1334996859977257,-0.07904841720805221,-0.08963115235012085,-0.004495264990043454,0.008733139976601322,-0.010482840972263959,0.06287045799581087,-0.14985619661244018
0.14167321134775895,0.037011638155229204,0.29306781935749304,0.23123201488131392,0.20783858834455426,0.25223108145325634,0.23669962093379943,0.25236861766188756,0.2751722887268087,0.17187575953067383,0.24738045537048967,0.19542269465599418,0.38675153779447435,0.22201490203903704,0.13685795537311457,0.2508235823943534,0.27002537750568995,0.18550300939816017,0.19971291594468313,0.22758082233525584,0.16320769731307935,0.26520071624321184,0.05892380567312536,0.20440024202324195,0.1580853673063432,0.18947912115274915,0.09749365431557776,0.062219755953055414,0.29478246974883304,0.10807353162905921,0.12208310644025672,0.13225097922856632,0.07215531796398436,0.2656411344904874,0.17902543807870053,0.18301514043358322,0.2573596873940304,0.11694747910987503,0.2848031532012579,0.04637544797379934,0.16845901942314795,0.14891767116117424,0.13034147746380093,0.035698354497889974,0.03996248701011591,0.21301233430802208,0.22304754703324087,-0.07407692645821612,0.19707717890199727,0.1785592404826849,-0.06289954189889864,-0.08549410433066722,0.010416753565657112,-0.07122680129439586,0.08868690103938365,-0.019532312844787993,-0.14619481801287376,-0.10778045420863745,0.17516708841879558
0.14594550585984592,0.016060398491296268,0.28544227976167436,0.33022873987907897,0.2523877303429553,0.3692790538976846,0.17498980679350104,0.30088132977359416,0.2867835707321301,0.19331533032596604,0.20377981998393824,0.20007766672276409,0.22201490203903704,0.6588664426109854,0.2777442203781924,0.40451981557714073,0.3907314233303902,0.09190741026490931,0.29940602024971513,0.3129897375208765,0.25401288326138194,0.3022511456376616,0.02353415100567029,0.17838234616508347,0.1940931965154614,0.3234882674058864,0.12062440526815477,0.10104106576804016,0.3802710631658137,0.1171271564457976,0.15636436150422295,0.17573018143263142,0.029491551413125764,0.3283744925828613,0.22752573796924824,0.20872181399069642,0.285486041831224,0.16579656156961983,0.21003011182926679,0.10292616086631044,0.2742764717712731,0.2161834144327735,0.15575800870416168,0.02834280708174863,0.042658846237372525,0.22860613774408703,0.35759554989362113,-0.07932280852865933,0.4928679053001255,0.12856027813918405,-0.10099658251320302,-0.08108011119311158,0.047057939297974194,0.019381249255028987,-0.18824050107329504,0.01787381200309504,-0.1521208953641102,0.28432214112894444,-0.10911839506019494
0.2519466942062419,0.02577234122736299,0.34458438129065383,0.136769130641459,0.1991738449778384,0.20870579657757832,0.17838109714925265,0.1846150045888389,0.16789500621886555,0.2599806001567441,0.27326641426159415,0.09336147710976647,0.13685795537311457,0.2777442203781924,1.1541974050434693,0.18880860765576488,0.2954916974539926,-0.0062367212062257715,0.22896472014838665,0.2562236738036526,0.22239779361229903,0.11717075442625446,-0.1958757181311859,0.2574912453274646,0.2714246081194715,0.24394552591242527,0.22461020800098191,0.24438741201858244,0.29598910963982855,0.16993294349362273,0.09763589868745189,0.18018144903261823,0.03487288865457101,0.2610363040358584,0.23099115501843281,0.19954085927500087,0.16472178620558617,0.1276681595519267,0.21283369033541405,0.07366185125074191,0.2318760717618929,0.18732758589692544,0.11408644249539758,-0.0051702226761802805,0.028850374551489606,0.19891043845653875,0.21740590828075523,-0.05539764661899687,0.14893615763878226,-0.05337828066605402,-0.23039129522575982,0.10207159722750986,0.19875299938446425,0.07379446748026841,-0.024578202519763517,0.16552925581309347,-0.23783113274605597,0.05652683418321101,-0.054194005703054896
0.12523192124479404,0.008569798021892994,0.2205119448726218,0.41359084841324684,0.2750178753746669,0.3469765214384279,0.22956273318075096,0.24437769620051306,0.21933941446453292,0.16931979982318682,0.2602564110618149,0.27475679301713973,0.2508235823943534,0.40451981557714073,0.18880860765576488,0.6541614857639901,0.3443183711679174,0.16913997359791433,0.2776641523206346,0.23743544993268526,0.2459147106139287,0.37262697014574336,-0.04134315104438879,0.21094338786815406,0.21643935525634903,0.2679590270068614,0.09319221211998836,0.20530496709442367,0.38973177672641074,0.15984173776985885,0.12086742136387423,0.1938123551642981,0.05909135157055178,0.32597538043155994,0.2860057015502739,0.21991158382766562,0.25790952505640524,0.1304218448959487,0.27633560526631173,0.09462928325026898,0.22844012032873143,0.22093076426531214,0.14507387413302042,0.029029467521581424,0.010389631041863384,0.23972167173534942,0.30348084379826823,-0.10679476884297989,0.37502123798935877,0.0757257733438419,-0.13959835314028052,0.023456327804046027,-0.023014510108586347,-0.029542608083327593,-0.11496397279233378,0.004499454234515333,-0.16755666541666256,0.18451209214033706,-0.03370173062233962
0.07457849292648863,-0.05458226348981134,0.35947901877313765,0.33586691909511446,0.20105698164358593,0.3638150667404352,0.1976543906101727,0.3729649642652601,0.25216602242442904,0.2795209715358542,0.27388725203841446,0.14223250714280838,0.27002537750568995,0.3907314233303902,0.2954916974539926,0.3443183711679174,0.9823058029600797,-0.026162137018159524,0.2775630982384631,0.4093645171341886,0.2649893871958693,0.28026175602085635,-0.023967695744401846,0.17630985700837962,0.21937426626728812,0.2569871832677879,0.23507310278014365,0.12936231724695457,0.4004570988529374,0.10974988354741362,0.13184717844114338,0.24060592997177369,0.15904295206322616,0.43983322775918077,0.20169411430203696,0.19611315888154313,0.4715259975374122,0.21426440686572135,0.2930266272325366,0.11957532451794893,0.3126131037266474,0.2450901526620542,0.2406552442701705,0.02723719081518677,0.09276121902788134,0.2886722134523636,0.5142816516848159,-0.040712872397002005,0.4182581387868492,0.4132323097471703,-0.09911561570657265,-0.21782811324397017,0.030603806813646762,-0.034694806204275605,-0.10011251613791858,-0.037086756566640594,-0.17368926349567582,0.15883837514173504,0.02167748183432761
0.37289863096745673,0.39526727046518817,0.43240485754099095,0.0649494351876844,0.19721823036245353,0.21969385431686728,0.27624585313089567,0.14943655094244615,0.38887226989877005,0.19021932281490722,0.19219211037707787,0.3515699759876566,0.18550300939816017,0.09190741026490931,-0.0062367212062257715,0.16913997359791433,-0.026162137018159524,1.294446798503789,0.24618006716403773,-0.10342654498601415,0.1684988663914257,0.32666639060697955,0.2916447784028202,0.29472386960818986,0.13663832972003756,0.3039339004484779,-0.19740008524519576,0.00296126713429626,0.1795225311312115,0.006034031616089762,0.3168801138786788,-0.06493443586561072,0.1258084759193204,0.035235901710948425,0.1368545384893102,0.15244621015343038,0.25333972526072285,-0.03570028568262387,0.1760355684860617,-0.046430171422601696,-0.013200823522021983,0.07747986839175995,0.19043265756103242,0.024655883090274142,0.29430697071716755,0.21900034551637965,0.15000997759774298,-0.10910258168574022,0.027920396114860368,0.0013119252056745963,0.35670031965656374,0.2349714124825158,-0.41837908042560357,-0.2618708765211003,0.0008422871726690054,0.1152806837793172,0.243933314426931,0.09944503618559723,-0.5512332452967208
0.24720320356543035,0.0037326207364703637,0.45257627781080123,0.4351292489367909,0.4760703702061626,0.6533896298344806,0.017816437549474054,0.3789018728074508,0.31237395790182576,0.0906232148557007,0.17108648674329027,0.1964050605440814,0.19971291594468313,0.29940602024971513,0.22896472014838665,0.2776641523206346,0.2775630982384631,0.24618006716403773,1.2041441188949422,0.310090568942414,0.19212962746278242,0.2853953576378041,0.050381468404079734,0.16338525469807985,0.11124750653376898,0.2927850222431213,0.04871151294638546,0.2804382349375404,0.3721279176764855,-0.087951996212383,0.21040852768570156,0.27216440038028095,-0.0050725017870418,0.23214317334905843,-0.09416450547403503,0.3005784462876072,0.017651384118068464,0.1697324412459389,0.12120101139826034,0.05167466962819127,0.19167230881934386,0.1368188294392495,0.04356089631715739,0.033301684707741336,0.053994662447928596,0.27036690883600295,0.08574041953874433,-0.1327367859191548,-0.014423870420049249,0.1790194510124378,0.2484425912462854,0.24916222826382706,-0.4005813821781936,-0.1324156433730183,-0.13872832576804764,0.14464053290094595,-0.08346515348349541,0.2635516449676653,-0.2508351951503152
0.12715261738216352,-0.053310282010628415,0.4312933403623372,0.4721527564357512,0.1855737913364607,0.48549779715504277,0.033392774009573835,0.41727748511710905,0.12361715475683716,0.22208823596876143,0.2721456457663936,0.1193468056986927,0.22758082233525584,0.3129897375208765,0.2562236738036526,0.23743544993268526,0.4093645171341886,-0.10342654498601415,0.310090568942414,1.2283346456610118,0.18848394591949333,0.07921888597828891,-0.0795311940632067,0.18275201743756084,0.13457013159324407,0.4278435563009862,0.2737862985079126,0.20674447774822105,0.4359450536216142,0.18993981753668748,0.14992325938382806,0.46334023665482077,-0.12480441679205923,0.47575532327665315,0.04202063607904664,0.2678852654420434,0.42831000788832224,0.5964946786791391,0.262579188333592,0.19680506255427158,0.42514742438005143,0.28011977534689747,0.47705109797205186,0.025687012484998217,0.5223098299464112,0.28373579245344754,0.34408195606625097,-0.012110133231891267,0.20325957471362624,0.17988316543149382,-0.10380654954732234,-0.17355086867110067,0.1982703855172643,-0.025327249018259574,-0.06674282684622627,-0.042285812968553146,-0.13905280884191676,0.12488356871435866,0.06038119269455542
0.11014853953549428,0.1605391859975187,0.24788928424048878,0.1209804112990061,0.14311613414157198,0.2744557866931192,0.2091307045660627,0.1717939716153794,0.23479221673860887,0.1746964593731546,0.1977749846278186,0.17227699286440798,0.16320769731307935,0.25401288326138194,0.22239779361229903,0.2459147106139287,0.2649893871958693,0.1684988663914257,0.19212962746278242,0.18848394591949333,0.5668679922423844,0.24634749747462642,-0.01412196703976823,0.18960025360693272,0.14160175807524064,0.41638217179400927,0.19304079269351399,0.23789440367791087,0.17834784393118538,0.17016551630694915,0.28210053117039885,0.12711474427819971,0.17242197507962514,0.3132887024841763,0.3337190110106271,0.32014931548139586,0.3725081225807882,0.11563901932314445,0.1580162415781177,0.10479437285630808,0.3839404701655815,0.3295596387101609,0.19962236195279745,0.01908176710042409,0.03423049800495614,0.30795276580831016,0.320317193469325,-0.0642430318331909,0.2861922392548377,0.19831287702111552,-0.14661791517621767,-0.029058247859538314,-0.017470633114293182,-0.05108915997100339,-0.022374323697901675,-0.00016782532334666035,-0.10309202303937207,0.05252591465122322,-0.0018483457211788564
0.23963997519802968,0.10446550551817838,0.4225386963607705,0.21396244359706593,0.21843830368978268,0.335039918719516,0.28380235775319823,0.1509776314975713,0.5419738282554741,0.18090358502286358,0.2210217926462994,0.25433665477157413,0.26520071624321184,0.3022511456376616,0.11717075442625446,0.37262697014574336,0.28026175602085635,0.32666639060697955,0.2853953576378041,0.07921888597828891,0.24634749747462642,0.7290920841135317,0.2441239485830361,0.23650913184571812,0.16534194871360575,0.22199754759260745,0.15281045084412964,0.06167368180202926,0.3950308979062405,0.1514434667575422,0.334911047029666,0.19876072837369885,0.11499330143050353,0.25524243678009234,0.22243876652793837,0.41881454777977567,0.16078548377322865,0.06717727963343667,0.3407303991971951,0.026767820447998605,0.19746429454484893,0.17896431115751452,0.04678670484755957,0.04289444477644096,-0.09780110708264728,0.39656191390659307,0.2607789275771765,-0.30230397887121047,0.3214449347264665,0.16362304689629853,-0.04951423683448953,-0.0393866998573869,-0.06437154348295182,-0.08961560716219534,0.03762212681830915,0.10728855150760563,-0.05693102116291994,-0.00935760476876958,-0.1853803484213244
0.3412201313630999,-0.12396505823706368,0.22638757523774414,0.008592734627880856,0.08338919029145905,-0.02928471788467684,0.06189174632872401,-0.13184011927997127,0.21199111328093564,0.01938296716809105,0.04211563235391038,0.16956022295462458,0.05892380567312536,0.02353415100567029,-0.1958757181311859,-0.04134315104438879,-0.023967695744401846,0.2916447784028202,0.050381468404079734,-0.0795311940632067,-0.01412196703976823,0.2441239485830361,2.356709627030507,0.12123878448049855,0.2675023925011379,-0.22877880319565913,0.2087450121441312,-1.452284129845202,0.4173528226479279,0.3517678875772235,0.33848805038124197,-0.44333912564806127,-0.06705283196146647,-0.0685240589920449,0.06892178598535785,0.6790076614584561,-0.0927150847212267,-0.06401079288278291,0.2923007852299638,-0.0036982247553718644,0.12879908182848435,-0.03498465191610758,0.18606069567563963,0.15817444109966555,-0.026773124134572102,0.3755122569245542,0.07540502198580487,-0.38705435581043246,-0.2128094767408445,0.03945014756156442,0.1892229710655801,-0.11200961773214196,-0.13532804645751614,-0.008782245903950589,0.3286509282038877,-0.04682079949335456,-0.04784627559621845,-0.3182164013086517,0.12864814129876995
-0.014620346787131151,0.0347510583479783,0.2739893406568059,0.23157794580114205,0.09302127007577607,0.26060219555329944,0.26544014300720564,0.12554544227918504,0.3061611245905801,0.16995092950808535,0.24560276367449904,0.2082293871175936,0.20440024202324195,0.17838234616508347,0.2574912453274646,0.21094338786815406,0.17630985700837962,0.29472386960818986,0.16338525469807985,0.18275201743756084,0.18960025360693272,0.23650913184571812,0.12123878448049855,0.927343719968737,0.24118678807303492,0.14171139888101525,0.15983379139779913,0.09543582041070917,0.3133422118159752,0.23132286804004135,0.20357345680378605,0.037762784263668865,0.2036356830252573,0.00928690340451793,0.1356375973210375,0.2920263995902813,0.21392414452197603,0.09710946030954153,0.295058951960937,0.022363118416982627,0.11330084003962995,0.13276903199834975,0.13080078011559282,0.015931288339096152,0.019769285394780102,0.24411161126527112,0.14178212482935515,-0.10271723231176474,0.23334739514545252,0.051854872072221184,-0.14383734949771423,0.12971648128211774,0.004277671904834939,-0.101620656662218,0.20483761624430563,0.09518157617507363,-0.06868057089035068,-0.3138338116961845,0.18112227042399406
0.18605052454582294,0.03429646774098517,0.26626987501051363,0.20809402032694047,0.15575309549611763,0.20250432719678133,0.20306183115195015,0.2286932770724269,0.16488682315449513,0.1747688063107843,0.2148023354707104,0.2444322436338469,0.1580853673063432,0.1940931965154614,0.2714246081194715,0.21643935525634903,0.21937426626728812,0.13663832972003756,0.11124750653376898,0.13457013159324407,0.14160175807524064,0.16534194871360575,0.2675023925011379,0.24118678807303492,0.7848672963223433,0.04290253852484502,0.22846016109021075,-0.09681161535523454,0.5090228838260434,0.29906813893956974,-0.10348066856469727,0.12835883699024048,0.06664674906716285,0.33621336169426685,0.26780421156774686,0.1872740639973445,0.24359074326361763,0.07886824274436265,0.45883467481011325,0.03853199248646092,0.1566180080151196,0.1287654808221836,0.22746159437647215,0.041168102314032645,0.05442438234941574,0.256132904392734,0.30868790801503526,-0.10060593589302912,0.23539169881501645,-0.2380651382108592,-0.24900849290900193,0.0868492222016642,0.16597049588465387,0.019242202788899602,-0.05833194093011855,0.07926902015456035,-0.03598699672613192,0.0938624387836377,-0.16929035297785233
0.1210904218231676,0.11733525500985503,0.3158752030207393,0.3400844804848949,0.21203725287552538,0.4719813584606246,0.16686070149558144,0.2821380079195541,0.2641039335390803,0.1409778050287459,0.2404823809800829,0.23854710807852111,0.18947912115274915,0.3234882674058864,0.24394552591242527,0.2679590270068614,0.2569871832677879,0.3039339004484779,0.2927850222431213,0.4278435563009862,0.41638217179400927,0.22199754759260745,-0.22877880319565913,0.14171139888101525,0.04290253852484502,1.5320315958071329,0.18525268993015404,0.33090837896028025,0.15921907184232,-0.27464295396284066,0.19721031232558403,0.5287000661131557,0.19944743561652864,0.4641173356175164,0.2664479383795672,0.06464489988340037,0.044940698898758784,0.2337138319131857,-0.4258245417217051,0.2003368555940462,0.08134607672717838,0.34267935688712586,0.41014271752975867,0.016528547468722822,-0.023160178745464416,0.22026548258482326,0.30206229244565763,0.014278857614662866,0.26269454196449893,0.5386730452974561,-0.23569465717765842,-0.08840362321131945,-0.24392345463662074,-0.10472413355378203,-0.1363206559248132,0.04213561900983703,-0.09840309282340198,0.19865678959511385,-0.17749419891786358
0.09144189343702491,0.23480106674468817,0.14434079202910477,-0.00812792580208175,-0.021435278254622776,0.2141749106380745,0.14774547159314402,0.11717941752692655,0.16483249174216502,0.19142671521321014,0.1582395646845128,0.0966899657741666,0.09749365431557776,0.12062440526815477,0.22461020800098191,0.09319221211998836,0.23507310278014365,-0.19740008524519576,0.04871151294638546,0.2737862985079126,0.19304079269351399,0.15281045084412964,0.2087450121441312,0.15983379139779913,0.22846016109021075,0.18525268993015404,1.442221370652492,0.14335609204568103,0.13759174402321125,0.2699058104174833,0.16469476928287466,0.25638202927943765,0.19334540304461786,0.26051539164039594,0.32366128933974264,0.4938784793358426,0.23360758209993543,0.14611527612540814,0.22936772373778264,0.25979713774520363,0.2877649766474534,0.23032947563483122,0.6792536179027605,-0.025735041151169816,0.1586793159020027,0.3843306104829225,0.19213493341807003,-0.1842911073244819,0.11468646391748161,-0.01808081043977286,-0.2413309675280644,0.018967351456197417,0.1286666175723581,0.09551667545361148,0.04831630592401323,0.052205234384857135,0.04376181944008578,-0.025419649064318508,-0.12353243575939454
-0.11634526133968386,0.29779739277139455,0.17976549640745917,0.19471541009625673,-0.04761716324887321,0.23339565137111898,0.117379777458713,0.1827590727316387,0.08419579182659538,0.10931367861394502,0.08087695676246033,0.039802148800563444,0.062219755953055414,0.10104106576804016,0.24438741201858244,0.20530496709442367,0.12936231724695457,0.00296126713429626,0.2804382349375404,0.20674447774822105,0.23789440367791087,0.06167368180202926,-1.452284129845202,0.09543582041070917,-0.09681161535523454,0.33090837896028025,0.14335609204568103,2.9888045405378323,-0.3778584859212789,0.06270332935359485,0.1388682743740871,0.5655593431499996,0.03444752820330846,0.14866303045686027,0.014775999052154255,0.6527792991616335,0.008384290117324332,0.12924161110331325,0.008359757888331166,0.0851077951345096,0.36992384800909367,0.2493543777762994,0.08083484709172307,0.1304335944627333,0.08948055579028731,0.234137835268985,-0.3258508734958655,-0.1877748247359382,-0.40953003678839434,-0.5294077748500657,0.09338102914570691,1.128624049484693,-0.8471431270937504,0.0515192705690867,-0.42152809241464834,0.1252703625438317,0.0638939861344472,0.4188759971702314,-0.25713434635994475
0.2324574196757793,0.13180119085931788,0.5062021575568671,0.4918822125720489,0.2503262509461258,0.6342583600225401,0.11622551333880997,0.31017881531963926,0.3244823593696575,0.17703869610545991,0.2886838956921955,0.23941260471071849,0.29478246974883304,0.3802710631658137,0.29598910963982855,0.38973177672641074,0.4004570988529374,0.1795225311312115,0.3721279176764855,0.4359450536216142,0.17834784393118538,0.3950308979062405,0.4173528226479279,0.3133422118159752,0.5090228838260434,0.15921907184232,0.13759174402321125,-0.3778584859212789,2.8588605931097772,0.3623857970166903,-0.3466902463105196,0.4851796940992636,-0.08732426424383194,0.416402044058215,-0.0973249362903442,0.45126678272576365,-0.8738002242154606,0.15314914755962464,0.007042605816064181,0.1103835164860852,0.25351703595626063,0.04293480062849469,-0.1409639237459276,-0.09266979986676228,-0.43995828225259037,0.39484086525439505,0.4705907471039942,-0.2788831946901038,0.7797118511356362,0.39423618062530585,-0.4151562950465141,-0.2603101214529359,0.08653108250824579,0.023390179799025884,-0.08895230429828874,0.019071400691298937,-0.3076102552521903,0.17973413331569504,0.13645876676686935
0.25281990200936566,0.07546973361114857,0.11618398624372138,-0.19132339260768286,-0.02408972699929489,-0.12096830754974572,0.25700687488055046,0.033180467242892864,0.07842993838702608,0.2238069176794747,0.09825028076003846,0.08152048127872513,0.10807353162905921,0.1171271564457976,0.16993294349362273,0.15984173776985885,0.10974988354741362,0.006034031616089762,-0.087951996212383,0.18993981753668748,0.17016551630694915,0.1514434667575422,0.3517678875772235,0.23132286804004135,0.29906813893956974,-0.27464295396284066,0.2699058104174833,0.06270332935359485,0.3623857970166903,2.2963571779780687,0.31422969856660526,0.0041313733636462215,0.16510942211050045,-0.18895660837181513,0.6580670287800634,0.5593619693448669,0.3283926621151212,0.10589595756147459,0.5137140216818317,0.05747246725253793,0.5515636245195179,0.21059749883693904,0.8263652185411401,0.10364090363846747,0.6200911478663947,0.45202296444930334,0.28123800137049876,-0.23071225281185861,-0.11685183265894061,-0.18044834548468586,-0.20616343016027855,-0.02843053562483491,0.22816783905298457,0.0711537832981121,0.034543458046473643,-0.26194266736655347,-0.021600290934009756,0.18317146019025604,0.2100674455068327
0.24457940451982854,0.02884023077478384,0.3048773760117515,-0.05212503345608817,0.07011439128827633,0.1416074768658768,0.2461482698264727,0.09481725187781286,0.4451104566756072,0.15149393213433648,0.1400050635587195,0.1352361518567053,0.12208310644025672,0.15636436150422295,0.09763589868745189,0.12086742136387423,0.13184717844114338,0.3168801138786788,0.21040852768570156,0.14992325938382806,0.28210053117039885,0.334911047029666,0.33848805038124197,0.20357345680378605,-0.10348066856469727,0.19721031232558403,0.16469476928287466,0.1388682743740871,-0.3466902463105196,0.31422969856660526,1.962991618645394,-0.6234701507192211,0.20127050958956846,-0.005185026457875432,0.5402044094609384,0.47696405517584445,0.7567138787582627,0.11094921651557282,0.26656726699732436,-0.15130979252934276,0.2423888022667066,0.2516138850294101,0.11408668741986236,0.08946869060511418,0.296294364285222,0.44338503030236276,0.21952530152123934,-0.22408111950304863,-0.32744960326339334,0.3079188256044035,-0.12566226343602818,0.32405437231220685,-0.3075854245577938,-0.13848455518264202,0.2959019256262553,0.3760011118235473,0.29836134801326347,-0.23856061212452193,-0.6079512564819972
0.024997680576770362,0.0465609162559937,0.22282408233657883,0.45872162725825383,0.162655255927389,0.3996009904728373,-0.004592830907950008,0.2020513862462982,0.10030672246391786,0.07810208291833015,0.20220278329203317,0.12696189472772493,0.13225097922856632,0.17573018143263142,0.18018144903261823,0.1938123551642981,0.24060592997177369,-0.06493443586561072,0.27216440038028095,0.46334023665482077,0.12711474427819971,0.19876072837369885,-0.44333912564806127,0.037762784263668865,0.12835883699024048,0.5287000661131557,0.25638202927943765,0.5655593431499996,0.4851796940992636,0.0041313733636462215,-0.6234701507192211,2.894262921798485,0.169951112278857,0.4067965456352817,-0.2079384211365471,0.19097508320821108,-0.8312918707519121,0.28221754733991194,-0.5147025674352673,0.18105309353500765,0.1214307102370367,0.14401932720432836,0.10280667380929716,-0.003553577216976215,-0.2897626647785069,0.5708347686958299,0.3155539517621367,-0.23686690106793742,-0.38988579946629237,0.0982606752485331,0.21745865250672208,-0.15155110080474563,0.09227569512722639,-0.012070062356573784,-0.33633824074875984,-0.021296991036331543,-0.129919848436265,0.2987039679238851,-0.3462886980286157
0.10958557425325338,0.007601105959561218,0.04848057733925723,-0.015075546863072954,0.0722956488207581,-0.08165955888879577,0.14892275658922646,-0.02403920494791267,0.13166119002186347,0.0640760296399589,0.05610706549769669,0.13430460090945848,0.07215531796398436,0.029491551413125764,0.03487288865457101,0.05909135157055178,0.15904295206322616,0.1258084759193204,-0.0050725017870418,-0.12480441679205923,0.17242197507962514,0.11499330143050353,-0.06705283196146647,0.2036356830252573,0.06664674906716285,0.19944743561652864,0.19334540304461786,0.03444752820330846,-0.08732426424383194,0.16510942211050045,0.20127050958956846,0.169951112278857,1.9572855409382002,-0.28336720767820717,0.01770860631567777,-0.32738505494562403,0.37974071253477776,-0.03005720663458737,-0.12990336235878827,-0.023001051865347354,-0.29712552915129126,0.11842917570909355,0.3539120333846358,0.04608734796830702,-0.5329058886497807,0.2729230362619607,0.38709660638784865,0.22940940955754177,0.4128642478184998,0.39952349564734385,-0.3048417267248696,0.1833496777746975,-0.07726349348214209,-0.2690450763924162,0.11602149259902694,-0.06235264574504724,0.03148200576968885,-0.10883444696384693,-0.08362871581235161
-0.3818751469511736,0.03231377429179252,0.13093021809087474,0.29630147532003687,0.314524074766614,0.4259351670593291,0.2862628040182435,0.3860990760184852,0.18786499257318745,0.28012761689861876,0.281025540577604,0.19727363035102943,0.2656411344904874,0.3283744925828613,0.2610363040358584,0.32597538043155994,0.43983322775918077,0.035235901710948425,0.23214317334905843,0.47575532327665315,0.3132887024841763,0.25524243678009234,-0.0685240589920449,0.00928690340451793,0.33621336169426685,0.4641173356175164,0.26051539164039594,0.14866303045686027,0.416402044058215,-0.18895660837181513,-0.005185026457875432,0.4067965456352817,-0.28336720767820717,1.95175541337935,0.21548514469449978,0.1949226309456545,0.5061881620989994,0.20913255715423346,0.06868194706275706,0.0836007615976694,0.5053704658710058,0.3736212552964543,0.35591018931178714,0.10064478381087001,-0.2269351529269293,0.23653120588752752,0.6054922615545683,0.04198333563320713,0.44880471266581673,0.028938009493127994,-0.13477231991329308,-0.45760226454971026,0.4380170431950647,-0.0445174717260963,-0.23942797180220587,0.041880667821028464,-0.34353871160968324,0.22240406189821207,0.2808806730189793
