0.6560085380544315,0.3165690160201258,0.5519210679660316,0.10915423974574565,0.1743191625684101,0.1659171173190707,0.19062908150518082,0.14815839766152855,0.14445717911060568,0.14117740920598346,0.15376601192609343,0.17688481271943532,0.14655855793736663,0.163443962884382,0.13235113816923802,0.14933519677137483,0.14355023899589542,0.1736972097902281,0.11543184175321365,0.1405830206150548,0.13707673813554427,0.15328669829465963,0.1126067066093055,0.09419601580396614,0.14444748907063898,0.12882335140859277,0.14889033111774427,0.1084269901634426,0.15808201138623493,0.10898261717777924,0.13069717440217674,0.1492628277520057,0.10139095530997023,0.0735687639963449,0.12335590944084342,0.11656654333146813,0.17118971427739435,0.10141328611736214,0.11879838019737793,0.07334307123542615,0.13571798706509014,0.131772076876849,0.17976410091960066,0.11640426949216602,0.12697226849501841,0.11455220052348804,0.14194159908649648,-0.002443982309822949,0.11596462822311665,-0.02806115729272626,0.014869665531838005,0.0006046371057021031,0.005443198016308715,0.004636306886088175,0.025942848372900368,0.017710016650783467,-0.01902995906814639,0.1122845393870869,-0.1592420369446335
0.3165690160201258,8.226761627816094,0.7247718456735511,0.09344958978076703,0.03005802726423589,0.15035145307353864,0.10008745551812942,0.09207445993668349,0.06326149089157328,0.239994887130228,0.23901431272797655,0.3047192310840159,0.3060274789690714,0.22118213215052177,0.23003971021259786,0.21553923884204196,0.35067987661624983,0.625697259495825,0.1801433801927659,0.3894148143665962,0.3008420959835761,0.16713485637649578,-0.032127899884064726,0.013684701067838966,0.30597159594848594,0.11198421811529947,0.5955324117961411,0.279733533407442,0.8288701855382732,0.09987938147202269,0.30167793849329716,0.20857378318243427,0.17664757818313398,0.25684102999845027,0.35269216552389615,0.30858620969509243,1.1191415772109534,0.21357016628380315,0.09689925971703527,-0.18443033439318485,0.4198465177300054,0.2782361144940638,0.3598425499516296,-0.018833824116204677,0.35613354012173626,0.20502705540960378,0.25307986683160094,0.008921710292925922,0.23210087449933897,-0.3456346891055503,0.4552989459630613,0.005621045658891999,-0.09896227915615893,-0.02589731885868545,-0.8480536017557201,-0.19367038124098868,-0.4357727841002479,0.2748313597488339,0.8587111992202386
0.5519210679660316,0.7247718456735511,5.810301073900788,0.5024945060442262,0.7720634815305244,0.8852597703747099,0.4631781966649937,1.3527491915599346,0.7265399430045197,1.0781763741327621,0.8693703784994861,0.7994716446578193,0.9790324141534819,0.5986700844894746,0.5799458095707973,0.7059730603642934,0.7619800146990566,0.7400361916947606,1.282512559965957,0.6219670359656104,0.7479171602072778,0.7608440942177376,0.580992495870685,0.598390552018793,0.687203833492177,0.5283360486080991,0.6997928199689033,0.513271332325553,0.9675993552242985,0.37353591991287377,0.6304526447321962,0.5896852937711333,0.36677906307560243,0.9911822881427331,0.8331275956395309,0.7096726372856043,0.7387206538805859,0.4001994043391,1.1526127877630026,0.4545405665633166,0.7876111069843835,0.663692868538264,0.7098877418074003,0.6584448216077565,0.32426959613558975,0.5588062976648619,0.6913484538164231,-0.027868893457362036,0.04184441126103106,0.05323284979666886,0.010027259513049258,-0.06271369412040766,0.07140589542202999,-0.00201576326033921,-0.05856593707105903,0.27425288077249,-0.5176247339372211,-0.3253884654944907,0.39913270579791105
0.10915423974574565,0.09344958978076703,0.5024945060442262,1.0209829210374057,0.7194323510718814,0.43046620657637313,0.3625719233281795,0.30583174649130956,0.27152625518759166,0.2620681054070918,0.31495517407062357,0.40434583481934544,0.34526954810564103,0.348994182119236,0.30897505963356864,0.4009520149171356,0.29252647294419876,0.25206771071831524,0.25803983851527634,0.29081753439057306,0.263810982740204,0.34066791132393703,0.18457599195350124,0.2112860277705171,0.19677259600368785,0.24944854084451773,0.27311710168648373,0.12396293627633123,0.3407607725421559,0.09181292622613722,0.24539103878175034,0.33151728320540264,0.19687963996220487,0.396509580289776,-0.023737055599271778,0.3274969287679757,0.39388427613603294,0.19230541329829656,0.25181708863714763,0.09328853835196367,0.1653118606696865,0.26075311281268393,0.29154155500274975,0.17413329594331906,0.12772744110744594,0.21592560432775118,0.23732121769709597,-0.004268344750225718,0.17006180349312955,0.23629263626832556,-0.057122630174849275,-0.044998586054833735,-0.1151301837217217,-0.17532708685535842,-0.08766741533104042,0.0963892678444132,-0.339765761325685,0.21225479497296865,-0.015276368920134946
0.1743191625684101,0.03005802726423589,0.7720634815305244,0.7194323510718814,1.6082765570704471,0.4840682104941434,0.35235288217224964,0.3288714519132541,0.227412644412647,0.327650639454378,0.37228275028462043,0.4968526903706216,0.41862092109176585,0.3567905032673509,0.3297069449640549,0.4903210913499388,0.30536420030275296,0.29602076205360456,0.31987628526310113,0.2855699784473278,0.2717996541922574,0.3633140216133148,0.22694757492691514,0.2539108484175715,0.20942483949097898,0.27836868119897945,0.3170179254132871,0.11236669557972705,0.3298318798178209,0.0851827393869313,0.2862551288871828,0.357273041549253,0.2155406934256201,0.4097871733522136,-0.09421951541244586,0.4052383956786623,0.3639492738454584,0.1856179621901038,0.2744804889288484,0.1506191499888737,0.17415942331866346,0.28078081461438986,0.19078934343634277,0.17919870081348327,0.02922450587387098,0.2262790917548424,0.2670413631015479,-0.005094668544252528,0.21270266737851773,0.13895816447811776,0.08672554213601288,-0.16384392850915275,-0.10982825955190935,-0.08210367337205816,-0.14490024204290008,0.16657089445264803,-0.26087910816888626,0.1270181199638308,-0.0317081765194774
0.1659171173190707,0.15035145307353864,0.8852597703747099,0.43046620657637313,0.4840682104941434,0.9896497411305816,0.2615048924574572,0.20384184531667623,0.2474521669275837,0.295781410030047,0.3615915619848809,0.3571565746844013,0.331337815808958,0.3324769225136107,0.29881284140715475,0.34909337757871295,0.3170106176841529,0.253669514096862,0.31177342731941,0.46936296254918275,0.3052098223087635,0.31920729247324753,0.21326488388983408,0.2637443081028025,0.3416604776063532,0.2676702241035663,0.300860957481122,0.2008425165641678,0.5300560843480882,0.13615505334127065,0.25553087844142064,0.35911196380988203,0.07212194836808017,0.4775147945073618,0.1338767351129096,0.2887408873933345,0.4042347549221275,0.27944441514252166,0.34286534919702133,0.2558152160708645,0.1954639776533635,0.2918196238718894,0.4267329650117728,0.27305672394149555,0.27479358049923525,0.18602553883371392,0.3685517772237813,-0.0041541923603343675,0.10211459354906724,0.0736011311907412,-0.19190559601469348,0.12020622230362918,-0.15787302357575395,0.03254660017775719,-0.07584821178544118,0.14408294697228288,-0.2743517726616764,0.09319077626840185,0.04001457602468449
0.19062908150518082,0.10008745551812942,0.4631781966649937,0.3625719233281795,0.35235288217224964,0.2615048924574572,0.5917572320288276,0.1206921583634665,0.3581758022413201,0.18184167615241198,0.2877894858459574,0.3729969586257909,0.27479536236043406,0.1768002692367755,0.2332193506585705,0.2982758104569147,0.2899315904476401,0.20159177587588606,0.21092514024387374,0.20648599671524667,0.2386959504261047,0.33649797806619974,0.11755994610644235,0.19814775857229103,0.20971813990113744,0.16857228536673677,0.23448628994808457,0.1656097120953429,0.25516665957818535,0.10565861592310338,0.24869871395272689,0.1910763708067028,0.21024007562664312,0.28342882776662953,0.10306831749916853,0.28091611789587845,0.2991655183891523,0.15000808718231204,0.15405801252765478,0.06457716979836078,0.13064555294599364,0.23883967206382792,0.23276389815049248,0.15444902684959744,0.1369917705265212,0.2109164391725634,0.09098875048843465,-0.012781824073345249,0.2138875140975133,0.13524495750587262,-0.037033923184890565,-0.08721960952232455,-0.03000914818540218,-0.14418212627113816,-0.026111967993970395,0.1408926515403637,-0.13835721324863465,0.05253101431261119,-0.13353437217728947
0.14815839766152855,0.09207445993668349,1.3527491915599346,0.30583174649130956,0.3288714519132541,0.20384184531667623,0.1206921583634665,1.2584586535576938,0.20479957784014752,0.37742155759806406,0.3656672270089168,0.22414704375906985,0.5400956278744046,0.3236587132590927,0.23170795715344397,0.3342571587327617,0.3197947468804123,0.35655308492031756,0.5646957227768888,0.35827765360315106,0.3474289461633576,0.2890652648172857,0.23015848861341942,0.19001540618178764,0.28473348831072026,0.3405196059518688,0.3010430685749139,0.20754483687052822,0.4101755697083821,0.11968467998781131,0.2808072912057617,0.2850291452319275,0.09236082623954894,0.47763885345730595,0.47666510027591996,0.22135487980471932,0.3565800855570798,0.19115196164027554,0.8159154724429164,0.21287374384680707,0.40653991952069046,0.2897652116828062,0.4172053146772084,0.2912274282144569,0.24207578642957733,0.275238903635982,0.3459599603497661,0.0055415742659076,0.15959329556567295,0.19835243447654505,-0.058498006964014235,0.08809155217787107,-0.06777350536645499,-0.16055223642394795,-0.07473105061425064,0.01563999591634751,-0.15531231792628292,0.1558075362416172,-0.02664270685784193
0.14445717911060568,0.06326149089157328,0.7265399430045197,0.27152625518759166,0.227412644412647,0.2474521669275837,0.3581758022413201,0.20479957784014752,1.0846081679156356,0.09893359342407404,0.26548745988067246,0.2879526848716393,0.37039986581783774,0.19472109635027882,0.3392447242244618,0.22902478753522282,0.3232393341505718,0.18302766028510103,0.6150551037512753,0.2539116816868653,0.31203704263575394,0.6192647619437015,0.08990062566337532,0.2707186288425808,0.24651782182625298,0.2235326252668216,0.2634475060294024,0.21730470928010037,0.2707437662100954,0.18005212082073602,0.34722033685302134,0.1839778387741933,0.3204640169767919,0.39654624552360096,0.19678199728197615,0.31049315856747867,0.3919246478032281,0.19895878990137197,0.34438085737188256,0.08755151751320098,0.21078368960721863,0.2888340184570458,0.28203336563918563,0.22462868582419301,0.10610992122409561,0.2933801200158888,0.10039108749092975,-0.034398818298759466,0.4672673367368734,0.1788754385841452,0.040676056934262926,-0.2373065333619332,0.14406156119462818,-0.23962521340799445,-0.004001722277996231,0.19167663509434785,-0.13184716385318723,-0.02413412852391971,-0.10002935965314456
0.14117740920598346,0.239994887130228,1.0781763741327621,0.2620681054070918,0.327650639454378,0.295781410030047,0.18184167615241198,0.37742155759806406,0.09893359342407404,0.8459760842810852,0.30167692346976055,0.2597098806924961,0.31812997769031104,0.24780304975405928,0.21460604478159023,0.32306458624742895,0.28567459327662015,0.3330954833057497,0.25205924518186956,0.15303474242783927,0.2320000820164173,0.23568947011168195,0.2769857633107549,0.24141592691246624,0.26210018145592695,0.16802897184181118,0.26022961026937413,0.22489939313008622,0.35510657120322464,0.2229561413423711,0.24372283659239893,0.2669211204186533,0.1180744514810811,0.35318409320340827,0.31448106826187794,0.28255309831554554,0.25047755653809584,0.10787402701977655,0.32342568510594316,0.158892015191166,0.33383344345591903,0.23341111690345534,0.19667148647927227,0.25543393252446733,0.026442170502775104,0.1798485939888134,0.35069614146421707,-0.013495890633167017,0.00740759370818875,0.008305698920850741,0.026701061073544242,0.019124121198322516,-0.07538699067769365,0.07386644062586704,0.009273363284416237,0.09881548696265098,-0.14194760433290018,-0.2332141592452155,0.2165019672444672
0.15376601192609343,0.23901431272797655,0.8693703784994861,0.31495517407062357,0.37228275028462043,0.3615915619848809,0.2877894858459574,0.3656672270089168,0.26548745988067246,0.30167692346976055,0.5893585282182828,0.41222103663270643,0.3703298416731131,0.25083339093756074,0.3105081169327106,0.3218756497081395,0.3676832979411231,0.28946470645899935,0.21572249598245946,0.347088085257323,0.28343026298059354,0.2984090754200346,0.20236477174682913,0.23238866640644,0.23813947987559272,0.2516300472360466,0.28010956190625386,0.21994074020878135,0.3597463615492796,0.10823418549008544,0.27998115601854473,0.2522526753282905,0.14889013407157076,0.3718745780644214,0.33583000736796664,0.3027735093885013,0.29011284312407504,0.20838025500821786,0.3443537765765189,0.10946881716404704,0.2656485072620909,0.27949040720450424,0.30383191040067675,0.22445346878405747,0.14745320715675458,0.2440515044531714,0.2518677399387536,-0.0022394844789244517,0.05282995447330178,-0.1070013445483737,0.004450397135492906,0.061874667451781766,0.0765753383473888,-0.056677821577697955,-0.09619834186880068,0.10075574149849639,-0.17893355442165967,0.08571352411613074,-0.07440902047374125
0.17688481271943532,0.3047192310840159,0.7994716446578193,0.40434583481934544,0.4968526903706216,0.3571565746844013,0.3729969586257909,0.22414704375906985,0.2879526848716393,0.2597098806924961,0.41222103663270643,0.7951789421982096,0.345486614127323,0.2775373054624219,0.33352573283412,0.3904131904659664,0.377454508530069,0.26685756206059824,0.2775273216227053,0.270541203499513,0.2591444180285968,0.3354343276429647,0.16858970625810696,0.21348982930191965,0.23711545109652518,0.24411103771232837,0.33623111011020596,0.1793182002579271,0.3186917763203599,0.02754376960443335,0.2620404760097815,0.28419322729044105,0.17334452999858482,0.35314935937266956,0.2574913006782437,0.3370138050890179,0.2590527730215653,0.18393764899976994,0.17091061597889254,0.06346559030238931,0.18369574743151612,0.2736534826526656,0.2920035154214276,0.15476789281531592,0.14284815691429925,0.24418331265691426,0.18198501692943542,-0.0006574766456601669,0.16871647307304238,-0.2115631380838987,-0.05174081721531209,0.16479325809302092,0.0887954413642192,-0.08345217607089374,-0.10866003520245936,0.17465855538330563,-0.180641546652271,0.1592176023316257,-0.27066115187527207
0.14655855793736663,0.3060274789690714,0.9790324141534819,0.34526954810564103,0.41862092109176585,0.331337815808958,0.27479536236043406,0.5400956278744046,0.37039986581783774,0.31812997769031104,0.3703298416731131,0.345486614127323,0.9434854250641858,0.28678654750836896,0.2131472854211164,0.3609697636564513,0.36539914917633004,0.23104990908218956,0.6166192889022664,0.34316245608723883,0.3767406175905942,0.38637632183380144,0.1862234227686771,0.26933564797452264,0.2945963193242214,0.3335258019659706,0.34890245515616447,0.2719099622430721,0.455466430891197,0.09628975359723324,0.2788623515678635,0.26538329784032916,0.15721285691781245,0.4525095987585601,0.4402367772812291,0.2994500641117549,0.3240113556238588,0.1882363855442166,0.72340879918117,0.21129262252192216,0.39905506000442653,0.31987730664492586,0.30336184218496676,0.3700710807366018,0.07249873660152466,0.2868115202712703,0.17415244180530548,-0.013819385922527629,0.15538108012282237,0.15692693153302584,-0.055500812257400466,-0.08489590376023705,0.0014022672888678153,-0.05861642853147294,-0.021372891832949673,0.022554819210793664,-0.2586522131222762,-0.1989656075336384,0.3723311657849365
0.163443962884382,0.22118213215052177,0.5986700844894746,0.348994182119236,0.3567905032673509,0.3324769225136107,0.1768002692367755,0.3236587132590927,0.19472109635027882,0.24780304975405928,0.25083339093756074,0.2775373054624219,0.28678654750836896,0.5383164613612748,0.3179150813505641,0.31336589293729195,0.25778320696386137,0.19221247654217502,0.25637469793322204,0.3052611977907155,0.20653591497764015,0.26010173252660435,0.12940941178762133,0.18794775470175812,0.22375734299457595,0.2452508129973047,0.2529337922436173,0.15648171777413677,0.3314710249137891,0.10872855934634484,0.21337299385878394,0.4674223298906065,0.08404823709431092,0.36548139828551773,0.20314009626625734,0.19761534052932386,0.3130385501112852,0.19568241876506834,0.23292025789013812,0.07633614470058948,0.2730255416736749,0.21953880680370658,0.28072773306766624,0.16193864910147032,0.08460676000997451,0.16835129590370648,0.22456846095499267,0.007178198469942171,0.3486948613718355,0.08181925480227878,-0.028071733106443394,0.038651936634373,-0.040143691182904784,-0.049740114704611295,-0.12534698853043325,0.1048730269622535,-0.2349685140290732,0.1298005034214214,0.02112633870970923
0.13235113816923802,0.23003971021259786,0.5799458095707973,0.30897505963356864,0.3297069449640549,0.29881284140715475,0.2332193506585705,0.23170795715344397,0.3392447242244618,0.21460604478159023,0.3105081169327106,0.33352573283412,0.2131472854211164,0.3179150813505641,1.004627959901107,0.262962106767067,0.34687911776514485,0.26056299002227373,0.30891291282821626,0.3527154128231506,0.2539461088125056,0.29057886195859867,0.08175971834736222,0.19139835781127273,0.23411950568497703,0.22567979144240308,0.2223243590947702,0.2980827696170456,0.36219660939258586,0.09766197999080423,0.3046241856908388,0.3186395585889814,0.16621311048480478,0.3678103269120507,0.20718344167393207,0.18162181873507838,0.48297206493189304,0.2145350209624306,0.31551824164724085,0.08551983954971028,0.2588344130020827,0.26209629778956817,0.35131567359057114,0.13969195869240691,0.21654102250981208,0.22359589469468052,0.18509777088780846,-0.003111649110648469,0.24990662724995497,0.387751777229844,-0.21944119966918404,0.3493275504121511,-0.4108092079209494,-0.17395355963495607,-0.06155068935519962,0.20808594398824323,-0.32105975167561346,0.16551346172621953,-0.07449758044188277
0.14933519677137483,0.21553923884204196,0.7059730603642934,0.4009520149171356,0.4903210913499388,0.34909337757871295,0.2982758104569147,0.3342571587327617,0.22902478753522282,0.32306458624742895,0.3218756497081395,0.3904131904659664,0.3609697636564513,0.31336589293729195,0.262962106767067,0.7591503477489068,0.3688593043735595,0.2966194942744671,0.27273869277920776,0.20091409262714782,0.26714588959303276,0.47978754953123254,0.24429991259123723,0.22532664056705082,0.2129296602613561,0.24784898684417345,0.3130047146242534,0.22326268310543798,0.3537802975951188,0.08124994030942831,0.25832508357294237,0.3004608947817313,0.11060470166555052,0.40610283566521127,0.35811820121782845,0.28671363309497555,0.2839923521530122,0.16407499780761292,0.3264834913319006,0.11812462289232446,0.3153432850137278,0.2902669125997571,0.3457302199198731,0.2957404905546538,0.1112328070720756,0.2163548089962068,0.2633729544435947,-0.04998164622792675,0.2097185054276456,-0.057482060518087526,0.03805875779089526,-0.09209809565278071,0.007396356800130024,-0.04762797884680736,-0.08315934960858717,0.1437326364465195,-0.24238514085309423,0.11535323052437496,-0.07432851878226997
0.14355023899589542,0.35067987661624983,0.7619800146990566,0.29252647294419876,0.30536420030275296,0.3170106176841529,0.2899315904476401,0.3197947468804123,0.3232393341505718,0.28567459327662015,0.3676832979411231,0.377454508530069,0.36539914917633004,0.25778320696386137,0.34687911776514485,0.3688593043735595,0.696483385106802,0.2712089805080723,0.2857756611476606,0.3635687230670126,0.30719300417856826,0.37380407310618263,0.1128532150792039,0.22877335490827067,0.29765539909808136,0.27143849043082896,0.28766093489384,0.4234582095180646,0.3589021001473215,0.08764332696368418,0.3276539927325574,0.25438214208325854,0.24576617948705015,0.3378342689484575,0.4610030587024455,0.31080655699046833,0.4723410112828853,0.2497377610837771,0.2190311532494184,0.0646698822409651,0.31911156059647283,0.37228196109950923,0.3841863229978843,0.24120644129725394,0.3251573017277764,0.2708603362633555,0.25667623855396815,-0.003591061961471669,0.07870820498303335,0.06454469784871718,-0.06810334419412487,0.14403410827330498,-0.034085409593977434,-0.06464751794305246,-0.2166164503312223,0.12466222279692252,-0.20527233709993278,0.13863756893948978,-0.17198833450977005
0.1736972097902281,0.625697259495825,0.7400361916947606,0.25206771071831524,0.29602076205360456,0.253669514096862,0.20159177587588606,0.35655308492031756,0.18302766028510103,0.3330954833057497,0.28946470645899935,0.26685756206059824,0.23104990908218956,0.19221247654217502,0.26056299002227373,0.2966194942744671,0.2712089805080723,0.8423487529493464,0.0988946713113861,0.13524091636864366,0.2653961135751836,0.2595047823279805,0.4852539963334882,0.13840644341867667,0.2142112008597102,0.3822888899806632,0.14546576287547325,0.1756906481399483,0.2968921130064275,-0.03471576130869252,0.34673699246037737,0.1676618362500296,0.14266445730377067,0.30910938589001835,0.22014723929335447,0.24535272473633857,0.36624417625533556,0.12678018099337093,0.29907461412331987,0.0896302626064505,0.27119057061835683,0.22038910709853515,0.39010896847729226,0.3052727441378282,0.3364732530158787,0.21979932717958903,0.4043742465727699,-0.005647491842791267,-0.01254198108920276,0.087617201726895,0.07754536402923658,0.09332365226455139,-0.11920117206258815,-0.10961500982788328,-0.06826140338651607,0.0819837499255738,-0.06498702048409147,0.28383149381033457,-0.36242992989525896
0.11543184175321365,0.1801433801927659,1.282512559965957,0.25803983851527634,0.31987628526310113,0.31177342731941,0.21092514024387374,0.5646957227768888,0.6150551037512753,0.25205924518186956,0.21572249598245946,0.2775273216227053,0.6166192889022664,0.25637469793322204,0.30891291282821626,0.27273869277920776,0.2857756611476606,0.0988946713113861,2.1699077931226696,0.24905634432302032,0.4433449588967013,0.47668853172475323,-0.11686222006344803,0.25191095198233915,0.4460839230301071,0.11241713510603037,0.31727700234175515,0.21055984491168392,0.47979263629638785,0.23930715956845836,0.3755621261560281,0.11996145322949425,0.3919978128512127,0.4067530777168634,0.20320809692427305,0.36733231212949474,0.5252556825802062,0.19746726339514803,0.9699339329193083,0.3197382731515238,0.29014063729726614,0.33415241053759853,0.3313675770691535,0.21455817920053738,0.28016219510263096,0.46722938350947213,0.008986673689119372,-0.004406314088958352,-0.040976363742588826,0.6610209372147088,-0.3434340201489126,-0.2404623014670256,0.23776895877072576,-0.3189183419418637,-0.03266264706168962,0.13344321505288695,-0.17181580023476367,-0.076386018934027,0.1446368245419806
0.1405830206150548,0.3894148143665962,0.6219670359656104,0.29081753439057306,0.2855699784473278,0.46936296254918275,0.20648599671524667,0.35827765360315106,0.2539116816868653,0.15303474242783927,0.347088085257323,0.270541203499513,0.34316245608723883,0.3052611977907155,0.3527154128231506,0.20091409262714782,0.3635687230670126,0.13524091636864366,0.24905634432302032,1.434827935599428,0.281041922005488,0.20799328707739168,0.051762731911161985,0.1936741391578407,0.3725447921251557,0.3736673687018335,0.33399909945138045,0.26450482377179496,0.5464478995163886,0.09377049858923743,0.2945181560573691,0.3159097283587235,0.030843384189572085,0.5145303941563724,0.3892030123145013,0.05000460608190316,0.7185515385497884,0.6654466085693791,0.6991465642142585,0.2616576583631634,0.2995554834305299,0.32967288355482743,0.7448355808351089,0.12807308438254306,0.6546297880661697,0.26524128306264755,0.019951401498188956,0.08881420506941302,0.6411650379786771,0.0018185143629160772,-0.08603860667222206,0.23013972301648267,-0.14583132442007954,-0.14315209390558578,-0.12996312085320086,0.05932725678413282,-0.2498085180058844,0.19741813796263635,0.0332612777897156
0.13707673813554427,0.3008420959835761,0.7479171602072778,0.263810982740204,0.2717996541922574,0.3052098223087635,0.2386959504261047,0.3474289461633576,0.31203704263575394,0.2320000820164173,0.28343026298059354,0.2591444180285968,0.3767406175905942,0.20653591497764015,0.2539461088125056,0.26714588959303276,0.30719300417856826,0.2653961135751836,0.4433449588967013,0.281041922005488,0.5510879988133505,0.29596732711197066,0.21122631026666752,0.21005020242536862,0.3249976519877501,0.1531077637381582,0.24217373895838537,0.21401217273512133,0.43796719231563913,0.17731780818438084,0.3055908684430823,0.18039500332952738,0.21670543784546217,0.34371038541758353,0.28755737788049407,0.3245178078309446,0.4711265379650718,0.23056198269977335,0.4782815532185255,0.2652794473511493,0.3507363881170111,0.39498593387149206,0.4673127288010394,0.30768677475533196,0.4785566888516423,0.272519492641175,0.24878181574826405,0.004717936798267787,-0.09729840213549726,0.2253307705382933,-0.08593561692281043,-0.05034111636419756,-0.014722929268454728,-0.11683535359829335,0.06387178089290528,0.06482808683740177,-0.21787979170771896,-0.032473574791137806,0.09275037068998396
0.15328669829465963,0.16713485637649578,0.7608440942177376,0.34066791132393703,0.3633140216133148,0.31920729247324753,0.33649797806619974,0.2890652648172857,0.6192647619437015,0.23568947011168195,0.2984090754200346,0.3354343276429647,0.38637632183380144,0.26010173252660435,0.29057886195859867,0.47978754953123254,0.37380407310618263,0.2595047823279805,0.47668853172475323,0.20799328707739168,0.29596732711197066,0.7700772716997388,0.19204579374463213,0.2518096731960838,0.2474381703817011,0.24567170187203832,0.2886691839807164,0.23146315687876284,0.339021221533453,0.12016979693853518,0.3066915678385885,0.25515221091003926,0.21897878410150995,0.42896207468397224,0.2974160034303786,0.3065419057580337,0.34555096926312356,0.18974375656520098,0.38183953663662473,0.11642889808866623,0.28937715368759437,0.2993558696710187,0.30070567881823007,0.3080041668215417,0.07538346181802263,0.27321375431402956,0.1912579429699654,-0.08868000926279072,0.49317685980364595,0.08520632523785207,0.04051789618651629,-0.22138142679578843,0.06483913735697089,-0.13440541347549392,-0.06503558710527135,0.1605838019848983,-0.17804816093504575,0.041713679654219196,-0.08554912070171573
0.1126067066093055,-0.032127899884064726,0.580992495870685,0.18457599195350124,0.22694757492691514,0.21326488388983408,0.11755994610644235,0.23015848861341942,0.08990062566337532,0.2769857633107549,0.20236477174682913,0.16858970625810696,0.1862234227686771,0.12940941178762133,0.08175971834736222,0.24429991259123723,0.1128532150792039,0.4852539963334882,-0.11686222006344803,0.051762731911161985,0.21122631026666752,0.19204579374463213,1.3626876320574308,0.2886462190410431,0.39695449674458094,0.0820740970192507,0.11128623981436714,-0.03819453277312198,0.40854465569280957,0.16475153544132068,-0.09173120103098534,0.12806685860704695,0.11747587807001042,0.34146109264977687,0.05240789696883103,0.33070099157301397,0.06879040973097889,0.05151424829031035,0.38007225243236054,0.12099600541215524,0.29748430572819606,0.1404937910696509,0.22258602135188718,0.5487447125430945,-0.1699335837954326,0.1880736792797268,0.3711236052287224,0.026909508610946216,0.014125895176790889,-0.15074140038266626,0.13722229245502565,0.05407279543248728,0.0065657253229686905,-0.03293799225564736,0.02257279291787738,0.0282300112847136,-0.1585748568262782,-0.17381773716565052,0.2201042278499445
0.09419601580396614,0.013684701067838966,0.598390552018793,0.2112860277705171,0.2539108484175715,0.2637443081028025,0.19814775857229103,0.19001540618178764,0.2707186288425808,0.24141592691246624,0.23238866640644,0.21348982930191965,0.26933564797452264,0.18794775470175812,0.19139835781127273,0.22532664056705082,0.22877335490827067,0.13840644341867667,0.25191095198233915,0.1936741391578407,0.21005020242536862,0.2518096731960838,0.2886462190410431,0.461497127193967,0.2625899347845834,0.05600050744608041,0.2057583421018947,0.18716102077890354,0.269491854924386,0.33309003136056253,0.24443690488490344,0.21146485209873234,0.31671870473186353,0.26565836338122906,0.1632264379361862,0.35107983444527596,0.26363454216649757,0.1297113583649108,0.2049925046831235,0.052791759631618466,0.1756110746354692,0.20415242185935809,0.10642390191751681,0.21428277679900534,-0.08912740183255263,0.196026939593122,0.26825725306119136,0.0009312373711076012,-0.030685326276664614,0.030584150570234326,-0.006840637117164693,-0.015862733072361565,0.038794646345324535,-0.08123523645571183,0.08002146667836434,0.12639353672220485,-0.08761078834964398,-0.48384121341346803,0.3349719150951691
0.14444748907063898,0.30597159594848594,0.687203833492177,0.19677259600368785,0.20942483949097898,0.3416604776063532,0.20971813990113744,0.28473348831072026,0.24651782182625298,0.26210018145592695,0.23813947987559272,0.23711545109652518,0.2945963193242214,0.22375734299457595,0.23411950568497703,0.2129296602613561,0.29765539909808136,0.2142112008597102,0.4460839230301071,0.3725447921251557,0.3249976519877501,0.2474381703817011,0.39695449674458094,0.2625899347845834,2.0035953668334385,-0.13573762328595512,0.24236668341960751,0.184685781456856,0.9746537009694474,0.6644606790613098,0.10397355080638566,0.22067977794309945,0.05895067686913522,0.6986489337552599,0.44640087451123917,0.1815889690978415,0.5878047445665852,0.2329956711282521,0.8777175524980021,0.26654152212856447,0.43713087474532564,0.29535436358156764,0.5560332006423271,0.3772240580345517,0.21940581468176532,0.4691973262991097,0.43500240268329793,-0.054882701726213366,0.28160334135743625,-0.1406375558612507,0.023155696866447053,-0.029219334928841476,0.047826671481730074,-0.11094938826542576,-0.019267695565343187,0.30040521764830136,-0.12876500157104165,-0.08239567608975006,-0.08033813397626047
0.12882335140859277,0.11198421811529947,0.5283360486080991,0.24944854084451773,0.27836868119897945,0.2676702241035663,0.16857228536673677,0.3405196059518688,0.2235326252668216,0.16802897184181118,0.2516300472360466,0.24411103771232837,0.3335258019659706,0.2452508129973047,0.22567979144240308,0.24784898684417345,0.27143849043082896,0.3822888899806632,0.11241713510603037,0.3736673687018335,0.1531077637381582,0.24567170187203832,0.0820740970192507,0.05600050744608041,-0.13573762328595512,1.6113430780788838,0.2555638074577003,0.23855685523706524,-0.027314423979959385,-0.6771751499841172,0.2439625953525272,0.2545489386637517,-0.07828262510630261,0.27335949673397225,0.3940062674379755,-0.08290929329240675,0.010075122708670942,0.21839145332812748,0.22669656469686142,0.2542576937711696,0.24501902581599858,0.21204987732242314,0.3671981126646075,0.21628248427846097,0.6751765522220634,0.04747877963904533,-0.19311062357026917,0.013071076797146332,0.1900223961198635,0.3237700900315533,-0.1835246653847701,0.08518620317679253,-0.23002364824777607,0.03409239239792334,-0.13781979206852188,-0.02944517181569286,-0.0978664639557781,0.3709168880722047,-0.24531165163521773
0.14889033111774427,0.5955324117961411,0.6997928199689033,0.27311710168648373,0.3170179254132871,0.300860957481122,0.23448628994808457,0.3010430685749139,0.2634475060294024,0.26022961026937413,0.28010956190625386,0.33623111011020596,0.34890245515616447,0.2529337922436173,0.2223243590947702,0.3130047146242534,0.28766093489384,0.14546576287547325,0.31727700234175515,0.33399909945138045,0.24217373895838537,0.2886691839807164,0.11128623981436714,0.2057583421018947,0.24236668341960751,0.2555638074577003,0.8655331097203216,0.24354293637714686,0.31441153875558436,0.16206033550556517,0.24906853592115816,0.2870326172744947,0.20688561120801163,0.3415774085629126,0.28023688523620566,0.4320085025358424,0.3027164528561756,0.19939983970658673,0.24909886748931492,0.13667095858497819,0.2753750783915581,0.27989621506716916,0.44010085235040874,0.039078032798289225,0.11225429167231245,0.2855230388531529,0.17254661500221008,-0.009196987053391637,0.06264342689404905,-0.0408304047168305,-0.02378969462725982,0.05665415827453972,0.0003612104872124922,-0.058972676346699074,-0.03901487798883557,0.14605912434053833,-0.1408377578004739,0.056519480346398476,-0.05338655503102468
0.1084269901634426,0.279733533407442,0.513271332325553,0.12396293627633123,0.11236669557972705,0.2008425165641678,0.1656097120953429,0.20754483687052822,0.21730470928010037,0.22489939313008622,0.21994074020878135,0.1793182002579271,0.2719099622430721,0.15648171777413677,0.2980827696170456,0.22326268310543798,0.4234582095180646,0.1756906481399483,0.21055984491168392,0.26450482377179496,0.21401217273512133,0.23146315687876284,-0.03819453277312198,0.18716102077890354,0.184685781456856,0.23855685523706524,0.24354293637714686,1.0515338828382412,0.09063097930603975,0.10890559516585202,0.3229799362405507,0.1834243508355019,0.40271921748130934,0.1079031748872036,0.6510129649277837,0.0236895082795182,0.3493629475698598,0.19549180255478996,0.17889074706725078,0.08361944853705651,0.3398634659566297,0.20598841300517506,0.3781686124872276,0.40798029858565166,0.1393244600352509,0.10342853001712086,0.13919952294275942,0.015902478713569677,0.030539913669135284,0.08038605491019989,-0.030187404650230065,0.42846953154771256,-0.48203610236853256,0.021825158071078935,0.1627483130437287,0.04246539531317003,-0.10416473899240634,-0.1768434449879799,0.2510147643819102
0.15808201138623493,0.8288701855382732,0.9675993552242985,0.3407607725421559,0.3298318798178209,0.5300560843480882,0.25516665957818535,0.4101755697083821,0.2707437662100954,0.35510657120322464,0.3597463615492796,0.3186917763203599,0.455466430891197,0.3314710249137891,0.36219660939258586,0.3537802975951188,0.3589021001473215,0.2968921130064275,0.47979263629638785,0.5464478995163886,0.43796719231563913,0.339021221533453,0.40854465569280957,0.269491854924386,0.9746537009694474,-0.027314423979959385,0.31441153875558436,0.09063097930603975,2.550180245851421,0.15541757355174465,0.12197520637574963,0.36779397972189654,-0.252254571867454,0.9276602558417285,0.4535490023398834,0.4077672847115511,0.25254191858429115,0.20194926997615079,0.6925029148357884,0.3165430986365601,0.5907987795593858,0.3773774094283797,0.6441686981378159,0.12912937555237755,0.368105171757441,0.4839169905297037,0.2796610648807639,-0.09174666631487534,0.6581430322447768,0.22425748513960664,-0.34100624026249565,0.08111624573614756,-0.15055064491009598,0.03340577478904722,-0.20793711721656633,0.17872614875648807,-0.46985058170187405,0.1869457385823844,0.21081119934128675
0.10898261717777924,0.09987938147202269,0.37353591991287377,0.09181292622613722,0.0851827393869313,0.13615505334127065,0.10565861592310338,0.11968467998781131,0.18005212082073602,0.2229561413423711,0.10823418549008544,0.02754376960443335,0.09628975359723324,0.10872855934634484,0.09766197999080423,0.08124994030942831,0.08764332696368418,-0.03471576130869252,0.23930715956845836,0.09377049858923743,0.17731780818438084,0.12016979693853518,0.16475153544132068,0.33309003136056253,0.6644606790613098,-0.6771751499841172,0.16206033550556517,0.10890559516585202,0.15541757355174465,3.4830876262679427,0.20861738833008212,0.07883822980937084,0.2785968436891553,0.03612291660042593,0.25261149881383405,0.6563776270937391,0.6322833957847479,0.08831948614297523,0.23209882314839023,0.4306230635664135,0.4491562844982227,0.2099373224005968,0.489187155058599,0.052981103247666334,-0.40147128348407424,0.08325039244240234,1.609696174238834,-0.0038349573045139327,-0.1896979607220314,0.11740342660716668,0.17546151698942755,-0.7377122281151841,0.25014572071946495,0.008106189345767616,0.22747371522001514,0.03571356909490623,-0.19371805745362708,0.013579889575925378,0.10791458246385723
0.13069717440217674,0.30167793849329716,0.6304526447321962,0.24539103878175034,0.2862551288871828,0.25553087844142064,0.24869871395272689,0.2808072912057617,0.34722033685302134,0.24372283659239893,0.27998115601854473,0.2620404760097815,0.2788623515678635,0.21337299385878394,0.3046241856908388,0.25832508357294237,0.3276539927325574,0.34673699246037737,0.3755621261560281,0.2945181560573691,0.3055908684430823,0.3066915678385885,-0.09173120103098534,0.24443690488490344,0.10397355080638566,0.2439625953525272,0.24906853592115816,0.3229799362405507,0.12197520637574963,0.20861738833008212,0.8931866076614441,0.19696311447381068,0.329711727295367,0.27737535572414507,0.29075935566181094,0.45139141106223035,0.5485222258566891,0.24253148908971406,0.2348339256458473,0.041609950585141,0.19870575707494617,0.29835277572714725,0.2656417838555875,0.18514281930561147,0.34641390702199276,0.297871886368379,0.28666915904515,-0.003184616205150549,-0.16758373386325862,0.31752025066165,-0.05723814311069715,-0.04345430935815355,-0.043181400131891375,-0.2045496592756647,0.058072340253804075,0.17471619739884872,0.002909329182006373,-0.08730974583877023,-0.19500512919448248
0.1492628277520057,0.20857378318243427,0.5896852937711333,0.33151728320540264,0.357273041549253,0.35911196380988203,0.1910763708067028,0.2850291452319275,0.1839778387741933,0.2669211204186533,0.2522526753282905,0.28419322729044105,0.26538329784032916,0.4674223298906065,0.3186395585889814,0.3004608947817313,0.25438214208325854,0.1676618362500296,0.11996145322949425,0.3159097283587235,0.18039500332952738,0.25515221091003926,0.12806685860704695,0.21146485209873234,0.22067977794309945,0.2545489386637517,0.2870326172744947,0.1834243508355019,0.36779397972189654,0.07883822980937084,0.19696311447381068,0.8210167263732635,-0.016261367795589596,0.4202493441652191,0.16434605840434915,0.17662184978123577,0.19791303067930313,0.20309075108458824,0.1901069215333979,0.0880258020212139,0.2607404887864812,0.20559485637360247,0.22271508807343607,0.105616486389657,0.04251231437697836,0.1361128343341545,0.1725932891892684,-0.010298542147237499,0.4484554397601871,-0.10578141787794855,0.00805048437641917,0.44079607806545607,-0.38031708812466497,0.06742831492276509,-0.11312198033354824,0.13875262150730347,-0.20953137465188904,0.027129138786511447,0.05366483533911423
0.10139095530997023,0.17664757818313398,0.36677906307560243,0.19687963996220487,0.2155406934256201,0.07212194836808017,0.21024007562664312,0.09236082623954894,0.3204640169767919,0.1180744514810811,0.14889013407157076,0.17334452999858482,0.15721285691781245,0.08404823709431092,0.16621311048480478,0.11060470166555052,0.24576617948705015,0.14266445730377067,0.3919978128512127,0.030843384189572085,0.21670543784546217,0.21897878410150995,0.11747587807001042,0.31671870473186353,0.05895067686913522,-0.07828262510630261,0.20688561120801163,0.40271921748130934,-0.252254571867454,0.2785968436891553,0.329711727295367,-0.016261367795589596,1.7434203034098388,-0.34360726385022544,-0.4434212117627393,0.16193715499056222,0.6259527236153258,0.10500006075762632,-0.1700358517885667,-0.08180508461900092,-0.26532510958155137,0.17837651663361204,0.02314283946500825,0.1568988737030326,-0.2603040105595,0.23196140815702465,0.2932357567753303,0.10177671331118762,-0.1803227355967122,0.34068865128275105,-0.05505186302090503,-0.03380934217444069,0.1460288371697924,-0.4069151233984137,0.1425034334866842,0.04300232690956112,-0.02927946547130324,-0.20708695327891244,0.040664187649336256
0.0735687639963449,0.25684102999845027,0.9911822881427331,0.396509580289776,0.4097871733522136,0.4775147945073618,0.28342882776662953,0.47763885345730595,0.39654624552360096,0.35318409320340827,0.3718745780644214,0.35314935937266956,0.4525095987585601,0.36548139828551773,0.3678103269120507,0.40610283566521127,0.3378342689484575,0.30910938589001835,0.4067530777168634,0.5145303941563724,0.34371038541758353,0.42896207468397224,0.34146109264977687,0.26565836338122906,0.6986489337552599,0.27335949673397225,0.3415774085629126,0.1079031748872036,0.9276602558417285,0.03612291660042593,0.27737535572414507,0.4202493441652191,-0.34360726385022544,1.929774884598647,0.5449825242527521,0.3696947246208079,0.45553821300600444,0.23079396537282482,0.7705115296508487,0.18361507524693216,0.44396753128751676,0.3849831054695326,0.6488745027106577,0.3561318020448444,0.21621570194921938,0.33570793298023505,0.26569059532911427,0.01189836042809914,0.9466950722061154,-0.11290768756002326,-0.038244975242287545,0.008621193701766266,0.07293348019062408,-0.1484512249759262,-0.18694668236063433,0.22349414219001565,-0.40639450115295706,0.08239404016601054,0.233118588657003
