1.0089965251351658,0.0007544062413800258,-0.0008404443995487694,0.0006637395062000365,-0.0004396901936675936,0.00024324857769414353,-0.00012756346104842668,4.3241439933556166e-5,-3.4337370861704004e-5,2.4971094582894016e-5,1.789815802025736e-5,3.832070918361067e-5,1.7633106408486852e-5,2.7112545161821347e-5,-9.460113906788967e-6,2.8328054959782235e-6,-9.651733906563273e-6,5.86940204741677e-6,2.5332266892828856e-6,-4.015638383453091e-6,-2.6717803950474645e-6,-5.923334814488892e-6,-3.3424993233165527e-6,-6.487808022081497e-6,-3.3057315830363532e-6,-5.1750377294736316e-6,-2.5199111260985795e-6,-2.885188510688699e-6,-1.379947967925642e-6,-2.242163685243385e-6,-2.931348489616074e-6,-1.6664622854981635e-6,-2.3246802913348335e-6,1.9457092622894101e-7,7.183571049888804e-7,1.3708971905804974e-6,1.8832716454170805e-6,2.0067159810154724e-6,2.309457202040588e-6,3.203743802857086e-6,4.244724733981826e-6,5.842174666171194e-6,7.691008262075111e-6,3.5234926111016437e-6,1.6267579437421695e-6,6.97094357166092e-7,3.132982254771991e-7,1.2017816990356153e-7,5.1830673683043776e-8,9.004324566879121e-6,7.499712754349112e-5,0.00014251960500766118,0.00023962577389048854,0.00018839957497385757,-6.710514256602569e-5,-3.61234664342967e-5,-6.537022391749406e-5,-0.00011064041472891949,-4.5325516742744945e-5
0.0007544062413800258,1.008585697634304,0.0009390285152877028,-0.0008070591432230311,0.0005785681979496597,-0.00026997657947911455,0.00017853273041495147,-0.00012702331894490307,-5.059466143231127e-5,-6.213603239309118e-5,-2.475443696385452e-6,6.65888972315028e-6,8.67096969416963e-5,4.968871326454546e-5,6.71299025872759e-5,1.3228793956181938e-5,1.4798570834012816e-5,-8.55195183979141e-6,-1.4537369974183343e-6,-1.2831324959260246e-6,-4.27698712142264e-6,-4.731181556897832e-6,-8.2840582350966e-6,-7.332710958115095e-6,-1.0333813170506136e-5,-7.636863163798466e-6,-7.138113099100375e-6,-3.4077577182720347e-6,-1.0977978083703105e-6,1.5569244534586706e-6,3.250548719805608e-6,2.0007958862457184e-6,3.5484183866352195e-7,-9.93608236447628e-7,-1.9997021556319247e-6,-9.270829809166438e-7,-9.192816707293616e-7,1.3664203886679414e-6,2.733861159412354e-6,5.537456899004471e-6,8.314580152781383e-6,1.1765237963649779e-5,1.5652643916821555e-5,7.598799029738792e-6,3.606027923928782e-6,1.6887065687149446e-6,7.797065523696086e-7,3.665156279847538e-7,1.6641653852750646e-7,1.8143703337331737e-5,-6.600051533482045e-5,-0.00013446235183443977,-0.00020568344302732125,-8.539647623511659e-5,0.0001042543720974455,0.00012271883436004567,0.00014385777573141392,9.860403266004052e-5,8.287519889940452e-5
-0.0008404443995487694,0.0009390285152877028,1.0086683101228258,0.000753056039838278,-0.0006148492169577068,0.0002605448090977006,-0.0002635527497790279,3.647828232199569e-5,-0.00018305969906072918,8.349189732924082e-6,-7.390103986212754e-5,0.00017962663021440595,0.00014990028597139453,0.00022304271753269898,6.156392425531351e-5,5.27334455218389e-5,-1.9832483566833697e-5,1.3175015302062077e-5,-3.516541071858237e-6,-8.804343553922689e-6,-1.4197624875117217e-5,-1.923262097414074e-5,-2.197700105554524e-5,-2.5265028163910026e-5,-2.4460219477267686e-5,-2.3240944353445128e-5,-1.7466223489159178e-5,-1.2153887268311205e-5,-5.935128999558205e-6,-4.353000877931075e-6,-3.861601162536058e-6,-3.559910058679334e-6,-4.735519981451385e-6,-1.2116491403020656e-6,4.1462713348634046e-7,2.0114620289764554e-6,4.668854708097844e-6,7.2138738995425085e-6,1.0754943951692249e-5,1.6426098948330183e-5,2.388704027065119e-5,3.284810204262037e-5,4.391140325794175e-5,2.056930754449052e-5,9.56250269513525e-6,4.299157326839589e-6,1.9393968747920075e-6,8.372791304589456e-7,3.6785362944911787e-7,2.0623094422456516e-5,7.488829993041722e-5,0.00014224573189586286,0.00020745903555635854,0.00018826908216623957,-8.49991556470983e-5,-7.972446782676002e-5,-0.00010557420100546701,-0.00012927110541020192,-7.70482501091026e-5
0.0006637395062000365,-0.0008070591432230311,0.000753056039838278,1.0089093211969382,0.00024265814841457732,-0.0006532997988155792,-0.00031594749753573854,-0.00029900139454248475,0.00011439932795266816,-0.00030767094454411037,3.8663952695828496e-5,0.0001835585811347916,0.0006893736839449933,0.0004558273746311671,0.0003691186906351286,4.2672638437675076e-5,2.934521034734002e-5,-4.4309744784206204e-5,-1.0653718920575314e-6,-2.6014409427401852e-5,-2.820767753636138e-5,-4.254758182566575e-5,-4.8362774298436575e-5,-5.452721977662375e-5,-5.634611844896121e-5,-5.0999790478178205e-5,-4.015610937755672e-5,-2.5098571152956784e-5,-1.0512893800030016e-5,-6.402063009722452e-7,4.759049049795639e-6,2.5033205417687943e-6,-1.0456617178822282e-6,-1.3927164634972512e-6,-1.72675339213884e-6,1.615329762487937e-6,5.496709264084e-6,1.2907308508827622e-5,2.1063576598089514e-5,3.403787330219163e-5,4.9843155118950545e-5,6.69761774974801e-5,8.664060068415301e-5,4.249526850717874e-5,2.0462426127192243e-5,9.518696628707821e-6,4.402790961087899e-6,1.9850518494029344e-6,8.950507228232794e-7,6.0220006508595335e-5,-7.272776582389873e-5,-0.00016733098358466655,-0.00024151269136441536,-0.0001718861967990399,8.474946917184029e-5,4.391199746711644e-6,1.7537069523113983e-5,5.7432425520169016e-5,3.435707684714149e-5
-0.0004396901936675936,0.0005785681979496597,-0.0006148492169577068,0.00024265814841457732,1.0086340772953366,-0.0012831598058565563,-0.0025589517862545886,-0.000278242111674196,-0.00019446151243896788,0.00012913333016014648,-0.00022345170425228217,0.0014307837877487876,0.0014712425299904365,0.0016765839250251298,0.0007559822711350313,0.00034527477385764443,-5.1141961841231306e-5,8.953404661842835e-6,-2.458661262546691e-5,-5.063406081618823e-5,-8.486306053169179e-5,-0.00010900748070808436,-0.00013078716696169002,-0.00014056052807820575,-0.00014556536925630292,-0.00013045361704808013,-0.00010256238493610938,-6.544725672353983e-5,-3.0046123632114586e-5,-1.1647307958215866e-5,-3.545649006067789e-6,-8.729290396768685e-6,-8.891237462014396e-6,-5.222587300839891e-6,-1.2914951654012457e-7,6.2999182895072645e-6,1.9472362209575127e-5,3.614617950130009e-5,5.7784050036106295e-5,9.015955448416112e-5,0.0001324350178145184,0.00017888711796367686,0.00023515562429876142,0.0001124923032540127,5.322493098387934e-5,2.4426471544705328e-5,1.114511636465626e-5,4.939777408085449e-6,2.181259079932117e-6,3.956274100506438e-6,-7.247716019226098e-5,-7.396739890850488e-5,-2.3421888830860284e-5,-5.776951376388696e-5,-7.011026705382077e-5,-0.00015215475975830593,-0.00016346750286141664,-0.00013613771872126787,-0.00010588661673475487
0.00024324857769414353,-0.00026997657947911455,0.0002605448090977006,-0.0006532997988155792,-0.0012831598058565563,1.0058708038306239,-0.006451793821324339,-0.003374606396530585,-0.0006220600268007237,-0.00015038028831968145,0.0020922986578484717,0.0036999387687001208,0.003906905804870535,0.003392154389430255,0.0024722706076448662,0.000690153912536528,0.0001745970102777596,-6.832403887007341e-5,3.236158887456875e-5,-0.00014253195397445848,-0.00017961372798208416,-0.0002611112072358033,-0.0002924040301567153,-0.0003222160786960331,-0.00032629087498799874,-0.0002955239232966954,-0.0002301305604417362,-0.00014629994468660202,-6.351589302318297e-5,-1.3799131618845613e-5,7.4648415185356595e-6,2.1695989875769592e-6,-1.3205318589143551e-5,-7.462167867537737e-6,-2.941612338523575e-6,1.3581688188749128e-5,4.047685917520099e-5,7.818704623951317e-5,0.00012619199954545533,0.00019811558689376228,0.00029046302339202256,0.0003889901252822019,0.000504686089757295,0.0002457222085331453,0.00011776790600775291,5.4484913150660205e-5,2.5087932204722973e-5,1.1210012930730094e-5,5.01286579903946e-6,0.00021428262457670884,-0.00021646194293798205,-0.0004267063268191228,-0.0004645744799722772,-0.0005780613457350401,8.259740188977466e-5,-5.8678155144417925e-5,-9.891355361984102e-5,-7.71953462185513e-5,-3.1285219663680924e-5
-0.00012756346104842668,0.00017853273041495147,-0.0002635527497790279,-0.00031594749753573854,-0.0025589517862545886,-0.006451793821324339,0.9910386698609569,-0.009473015901380513,-0.010783045343086255,0.006830312664591336,0.007881404867566206,0.014082313078259636,0.004410800959988562,0.0055929167641791434,0.006841126266750108,0.0016660054209430967,0.001059184047155889,6.393361828100848e-5,0.00036411147710905015,-0.00023774131108280432,-0.00040866582582855013,-0.0005357740748003641,-0.0006276944602316279,-0.0006635205620392793,-0.0006815941495957312,-0.0006071028482785997,-0.0004786054983602899,-0.00030931606135212674,-0.0001500179997947192,-6.481594133048827e-5,-6.993067935542291e-5,-5.6897915667902634e-5,-7.270758595545262e-5,-2.0405142110398477e-5,-8.0542628676051e-6,3.861122978549433e-5,9.616093396501359e-5,0.00018629945851274355,0.0002816118441294858,0.00043656287884437085,0.0006231737504400357,0.0008408378291641817,0.0010951922153862534,0.0005219699073713048,0.00024727400950530645,0.00011333817740954949,5.1756574490113674e-5,2.2965633567217093e-5,1.011785694745985e-5,0.00014563020352790728,-0.0011525071771730701,-0.0018650462672254193,-0.002046876337898842,-0.0016616818465713665,0.00018539913751252092,-0.0003538039314474998,-0.0005233817035091152,-0.0004776762204900561,-0.00038469121409031437
4.3241439933556166e-5,-0.00012702331894490307,3.647828232199569e-5,-0.00029900139454248475,-0.000278242111674196,-0.003374606396530585,-0.009473015901380513,0.9808840098458097,0.005082539510213896,-0.007904108819230104,0.019904362665703525,0.012310412642526485,-0.00017167158229778142,0.006918720222675191,0.001955175829514512,0.004913114563707627,-0.0012379973212403477,0.00104643792864865,-0.0002089326675370419,-0.00014772847192185564,-0.00023765149997418553,-0.00039408918838797165,-0.0004033413209747224,-0.0004392671440041585,-0.00042686013759294744,-0.0003914930363840053,-0.0003020221128268704,-0.00019767416035709035,-9.146081064780654e-5,-1.5042096802047028e-5,0.00015826962347944678,1.1708804748230068e-6,-3.589251138861612e-5,-3.298884379932798e-5,-2.9815124590837405e-5,-6.0924573547086724e-6,3.3963440063121787e-5,9.459299838400223e-5,0.00016326628839562747,0.0002533396405480569,0.0003758764572363131,0.0004984255814358202,0.0006292885708333409,0.0003197336431266573,0.00015472736736065948,7.218153877285338e-5,3.363484589095784e-5,1.5223588511783873e-5,7.037520604302291e-6,0.0005041670132683888,-0.0011830757372796388,-0.0020494304554050696,-0.0025147630932631873,-0.0017612512696155104,0.0010877522316753534,0.0009739161851562478,0.0005814767688120544,0.00047586199860170545,0.0003555927077951698
-3.4337370861704004e-5,-5.059466143231127e-5,-0.00018305969906072918,0.00011439932795266816,-0.00019446151243896788,-0.0006220600268007237,-0.010783045343086255,0.005082539510213896,0.9753823722562047,0.014844846111478054,0.0005106389681428206,0.008886829900491479,0.005091683054140673,0.0020560264103924573,0.007391225650944286,-0.0006494904924813634,0.002896494762536156,-0.0005707008816933601,0.0009550123527626434,-5.374369025425793e-5,-0.00020871467040630407,-0.00020687366915668286,-0.0002486385835952998,-0.00021150725168232707,-0.00022010608476871757,-0.00018144645160945937,-0.00015465088071133277,-0.0001122897809586369,-7.991338484118085e-5,-5.982726059617175e-5,-0.0002247916130532419,-8.825801306206503e-5,-0.00011157759696590815,-6.423014051478794e-5,-4.5540995539703105e-5,-7.7293849699115e-6,2.5797110394248824e-5,8.853099270184856e-5,0.00011925689413368308,0.000181239316150535,0.00024125920148370235,0.0003458249764429375,0.0004888035999224572,0.00020425755139099347,8.894549089025752e-5,3.8344762955891516e-5,1.66879781682461e-5,7.040253653947962e-6,3.027744662078247e-6,0.00010804215782852127,-0.000842062660280137,-0.0013919401491283908,-0.0016521349506321702,-0.00033777369552083914,-0.0012641979011221206,-0.0010495305896909251,-0.0008487021655991739,-0.0007118577105883301,-0.0003173118724302741
2.4971094582894016e-5,-6.213603239309118e-5,8.349189732924082e-6,-0.00030767094454411037,0.00012913333016014648,-0.00015038028831968145,0.006830312664591336,-0.007904108819230104,0.014844846111478054,0.9871235981397385,-0.007375480815379715,-0.007289536661628848,0.015073227292751009,0.007302607857756354,-0.0011146864043221516,0.0030669426026971877,-0.0005934433758569397,0.0006410631408010633,-0.00020197788949573374,-9.570249367938945e-5,-3.610644522347736e-5,-9.22283899856634e-5,-3.918603980254145e-5,-3.849016902193612e-5,-1.1875239139929761e-5,-1.8133756222619465e-5,-8.005780984848785e-6,-9.453633976168376e-6,-5.7400295826950465e-6,2.6751247540075325e-6,0.0002053757394930005,1.0944795839192704e-5,-2.9970269650915027e-5,-1.965764353780703e-5,-3.4329182163346896e-5,-2.442004735656336e-5,-2.1441575242237775e-5,-5.1835223862182254e-6,7.647949680755498e-7,-1.6704743251041246e-6,-6.647676856043981e-7,-1.1842208377797962e-5,-5.292765065281313e-5,-2.3467685645535322e-6,2.4705888998956837e-6,2.3733728529325212e-6,1.741030683570857e-6,9.549296081967295e-7,6.589765239462681e-7,0.0002615491919657256,0.000805672555155059,0.0013700953804769275,0.001356604996575262,0.0011832617204508246,0.0007237570673677547,0.0006677491397993126,0.00047313904807836174,0.00045723520962118186,0.0003855439788442218
1.789815802025736e-5,-2.475443696385452e-6,-7.390103986212754e-5,3.8663952695828496e-5,-0.00022345170425228217,0.0020922986578484717,0.007881404867566206,0.019904362665703525,0.0005106389681428206,-0.007375480815379715,0.9682986539630137,-0.007435615814171381,0.01860925041779906,0.008010312566676867,-0.0024325210884253733,0.001065702676908987,0.0013229796786802016,1.8612082675400455e-5,-7.529907062156354e-5,-0.00011181824284585607,-5.215724567412377e-5,7.934922328818329e-5,7.866165993729181e-5,0.00014074271446457717,0.00013674927547383206,0.0001394687085175352,9.647884301262491e-5,5.0400820371389465e-5,-1.1156253415818975e-6,-2.138118696226682e-5,-8.65323556874443e-5,-8.341306550482018e-5,-6.41930628721974e-5,-7.157853110034315e-5,-3.807680765212971e-5,-2.8027142895818362e-5,-1.8713314436765015e-5,-8.152140015529757e-6,-2.7075684380715013e-5,-5.1500788424066287e-5,-8.959888846229837e-5,-0.00010863712734940387,-0.00012131820655047489,-7.729820562480916e-5,-4.3457004967911113e-5,-2.2098357597890743e-5,-1.0957253594653894e-5,-5.306799505604223e-6,-2.5691195371343552e-6,-0.00020398769768666868,0.0018156273394211745,0.0032328468657508045,0.0035619642977271094,0.0029206216591611397,-0.0002760436197970889,-0.0007065172576576255,-0.0005905216270511262,-0.00047477359105384666,-0.0006081108984620346
3.832070918361067e-5,6.65888972315028e-6,0.00017962663021440595,0.0001835585811347916,0.0014307837877487876,0.0036999387687001208,0.014082313078259636,0.012310412642526485,0.008886829900491479,-0.007289536661628848,-0.007435615814171381,0.9844399038812767,0.003926283924623459,-0.004446338928139088,-0.0005023104725447298,-0.0022004555091857054,0.002202269825069333,-0.00022516490027448924,0.00025683929927953824,9.479733497495697e-5,0.00021987285330226847,0.0002137349210303206,0.0002767861009379135,0.0002756441526340169,0.0002970854156703187,0.00025386016416416226,0.00020697680747835717,0.0001283189095901379,6.292891693764756e-5,5.473744475191564e-6,-5.871098304982089e-5,4.0731374242198876e-5,-6.257849369753877e-5,1.4533940637137168e-6,-3.5917218143326714e-5,-2.0444362258435407e-5,-4.994236429839777e-5,-7.122262183230814e-5,-0.00011533933397175487,-0.00016622564935375408,-0.00024771790090447065,-0.000316932097181689,-0.0003908299713874765,-0.0001994964595883917,-9.745930724263637e-5,-4.588554750033647e-5,-2.1145260067980712e-5,-9.615019812945767e-6,-4.143357193124152e-6,-0.0004241068295636688,0.001558900859315017,0.002865909337703204,0.0032865485175907886,0.0021424854999476436,0.0002227035213896439,0.0007117657109976789,0.0007705315536001948,0.000743734587079645,0.0007786950725309259
1.7633106408486852e-5,8.67096969416963e-5,0.00014990028597139453,0.0006893736839449933,0.0014712425299904365,0.003906905804870535,0.004410800959988562,-0.00017167158229778142,0.005091683054140673,0.015073227292751009,0.01860925041779906,0.003926283924623459,0.9658952603812173,-0.006784961794050562,-0.004837021976812288,0.0021901248952141262,-0.0026105451400328626,0.0022448296299272573,-7.879555952119521e-5,0.00026569418556692415,0.00024334262052390295,0.000346702896475607,0.0003390474789512732,0.00037622295949839497,0.0003646359943334186,0.0003354226771429753,0.0002515082850107429,0.00015164253624406595,4.809495634070912e-5,-1.446563940709602e-5,0.00012686181503077353,-8.471492757038247e-5,-4.363114652992402e-5,-5.1963890626427246e-5,-2.167975811482398e-5,-2.9680513696821314e-5,-4.9518308312709086e-5,-8.213967985185459e-5,-0.00013297623595393346,-0.0002054289828946667,-0.0003009761721298994,-0.0003894974622457949,-0.0005189169608477647,-0.0002451565184437472,-0.0001218450375021936,-5.8021180975459105e-5,-2.712210831575494e-5,-1.226209613895978e-5,-5.416487052452062e-6,-0.00013995044786328009,-0.0005636477356240858,-0.0015920509482741957,-0.001188586947057152,-0.0011002262015286186,-0.00045140044833132944,-0.00029410934452590837,-0.00021431529929073537,-0.0002717660129169704,-0.0003699690002038581
2.7112545161821347e-5,4.968871326454546e-5,0.00022304271753269898,0.0004558273746311671,0.0016765839250251298,0.003392154389430255,0.0055929167641791434,0.006918720222675191,0.0020560264103924573,0.007302607857756354,0.008010312566676867,-0.004446338928139088,-0.006784961794050562,0.9878224565695407,0.001687483818364148,-0.0070604248160314005,0.002299328855644179,-0.0010944922806528552,0.0008783589502222485,0.00031941884498132007,0.0003650545738904228,0.00036837218647818283,0.00041114535744389937,0.00040166154668344427,0.0004093583337375161,0.00035451779053159867,0.00028278726403000543,0.00017941856466664066,8.744067806416512e-5,1.2329231153250996e-5,-0.0001881513613136678,4.614538867943685e-5,-3.4578390862556364e-5,3.5437598823230036e-5,4.3484527053871915e-7,3.417349474730722e-6,-3.840751156841341e-5,-9.418147136383089e-5,-0.00015600276206826518,-0.00022967206886172125,-0.00034051519086643177,-0.0004384910573866998,-0.0005233542104884399,-0.00027628406560204264,-0.00013542973660394245,-6.392569992672087e-5,-2.955127830150507e-5,-1.3303929871494521e-5,-5.760346568281508e-6,-0.0003538012335655212,-9.258581375414502e-5,-0.00021608012066084354,-0.000410219373068943,-0.0009892221875832052,0.0001876647459096613,0.0003923505628955212,0.00043930420632916735,0.00031876484132519124,0.0002306200434968693
-9.460113906788967e-6,6.71299025872759e-5,6.156392425531351e-5,0.0003691186906351286,0.0007559822711350313,0.0024722706076448662,0.006841126266750108,0.001955175829514512,0.007391225650944286,-0.0011146864043221516,-0.0024325210884253733,-0.0005023104725447298,-0.004837021976812288,0.001687483818364148,0.9974576249324418,0.0016659563198799924,-0.0033142311202522387,0.001214485904184294,-0.0006482408929063566,0.00026035007143642287,0.00028319517957823973,0.0003522691414138995,0.00035626679576598766,0.00036846955621804386,0.0003580082119736278,0.0003236427339710265,0.00024980565113579076,0.00015168511467962667,5.169345694206042e-5,-3.070240268676958e-5,6.723004396995324e-5,-0.00010273176793724358,-0.00010471018893414985,-4.64686204908905e-5,-6.759260805258263e-6,6.03616661795098e-6,-1.8679079136916992e-5,-7.917524258110508e-5,-0.00013273240125369711,-0.00019480467715383648,-0.0002796101198536867,-0.0003425210969671511,-0.0004267852681108964,-0.00021434536540832898,-0.00011208420277868555,-5.5602483634141253e-5,-2.6702057645619658e-5,-1.2403308066054747e-5,-5.542098173006426e-6,-0.0004182653194962744,5.0891146808996395e-5,0.0005025070730745105,0.0002645427123443206,4.298963011246852e-5,-9.045373321521101e-5,0.00025068197032939446,0.0003074367488955283,0.0001204342278299094,2.8774982966145314e-6
2.8328054959782235e-6,1.3228793956181938e-5,5.27334455218389e-5,4.2672638437675076e-5,0.00034527477385764443,0.000690153912536528,0.0016660054209430967,0.004913114563707627,-0.0006494904924813634,0.0030669426026971877,0.001065702676908987,-0.0022004555091857054,0.0021901248952141262,-0.0070604248160314005,0.0016659563198799924,1.0036490103991276,0.0005810899289446049,-0.0016759726537718589,0.0007228588288667839,0.0002519613678262534,0.00024247526686387458,0.0002403793604248555,0.0002662350021446206,0.000247743493812501,0.0002459610096842251,0.00021103703010061297,0.00017119266334141874,0.00012064342966884939,7.640284940757498e-5,4.468594223968204e-5,1.3658511115313153e-5,7.616687068623031e-5,7.07255692080258e-5,4.230299497805471e-5,1.9658790940511007e-5,-1.0254181052217933e-5,-4.5409371315233794e-5,-9.173251993354038e-5,-0.00012770973271113468,-0.00017435665029609987,-0.000235143908336189,-0.00030609126584129254,-0.00036560497914069,-0.0001824580830511603,-8.686932618065625e-5,-3.977389839943071e-5,-1.8110447667834566e-5,-7.961521203536245e-6,-3.4251073892663474e-6,0.00014402323891454615,0.00014718681817714476,6.75763264842695e-5,0.0001498499343622003,4.902777410571861e-5,-9.088171962435872e-5,4.3459458183976584e-5,0.00011630656261627184,8.227053820320074e-5,3.942082103954663e-5
-9.651733906563273e-6,1.4798570834012816e-5,-1.9832483566833697e-5,2.934521034734002e-5,-5.1141961841231306e-5,0.0001745970102777596,0.001059184047155889,-0.0012379973212403477,0.002896494762536156,-0.0005934433758569397,0.0013229796786802016,0.002202269825069333,-0.0026105451400328626,0.002299328855644179,-0.0033142311202522387,0.0005810899289446049,1.0063230539860757,0.0003231731042777378,-0.000294482273521269,0.00023795436213460173,0.0001969024055178075,0.00017036041378782376,0.00014480237516126078,0.00012831094852498772,0.00011034972216344525,9.49250838245096e-5,7.071648435364136e-5,4.0561362252034996e-5,1.200916083061294e-5,-1.3516110299853151e-5,2.918766255811203e-5,-6.357303087427109e-5,-6.187891647317934e-5,-1.9271195707619245e-5,4.427266355285385e-6,1.5762660377416415e-5,1.7706724878356043e-5,-1.4941900627059399e-5,-2.708521194016668e-5,-5.005311188338291e-5,-7.224650712692758e-5,-9.147035803705576e-5,-0.00012045011229085575,-5.984135515387449e-5,-3.220228699067562e-5,-1.6263009294948044e-5,-7.901487223527729e-6,-3.6543129734321154e-6,-1.6875234903052485e-6,0.00013997084696804534,-3.3229951062226365e-5,-0.000186614733465873,-0.000154445788643247,2.1292749531305632e-5,-0.00029178298010021,-0.0002060794012349569,-2.6802336534872003e-5,0.00011688826649572787,8.703444658958212e-5
5.86940204741677e-6,-8.55195183979141e-6,1.3175015302062077e-5,-4.4309744784206204e-5,8.953404661842835e-6,-6.832403887007341e-5,6.393361828100848e-5,0.00104643792864865,-0.0005707008816933601,0.0006410631408010633,1.8612082675400455e-5,-0.00022516490027448924,0.0022448296299272573,-0.0010944922806528552,0.001214485904184294,-0.0016759726537718589,0.0003231731042777378,1.0078674844708122,-6.244412809119229e-5,-9.232820018404862e-5,-6.2876845311226926e-6,4.962303539226082e-5,5.3431239888116875e-5,2.8737738971094446e-5,2.2486186508645206e-5,1.77488933094922e-5,2.2019777553751895e-5,4.293861710234391e-5,5.988089285125587e-5,0.00010170737907557034,0.00023696535927601896,0.000183058579930675,0.00029343459714263365,0.00011926922886207672,5.868212542698969e-5,-2.2926314108872763e-5,-7.900234439249457e-5,-7.083279984197443e-5,-9.490096016078694e-5,-0.00010763374566615143,-0.0001341698069760654,-0.00019580268735486543,-0.0002819615166060202,-0.00010640667790522274,-3.674111060397222e-5,-1.152639974258665e-5,-3.926981328657169e-6,-9.954198334147108e-7,-5.132073499875581e-7,9.628286181503505e-5,1.0279659411334285e-5,3.2408853827523426e-5,4.5117733662393595e-5,0.00012341201938402592,-0.00016610014536017797,-0.00024437852363855267,-0.00018497993403885079,-5.177795097269814e-5,-2.7340721214059715e-5
2.5332266892828856e-6,-1.4537369974183343e-6,-3.516541071858237e-6,-1.0653718920575314e-6,-2.458661262546691e-5,3.236158887456875e-5,0.00036411147710905015,-0.0002089326675370419,0.0009550123527626434,-0.00020197788949573374,-7.529907062156354e-5,0.00025683929927953824,-7.879555952119521e-5,0.0008783589502222485,-0.0006482408929063566,0.0007228588288667839,-0.000294482273521269,-6.244412809119229e-5,1.0083509601318512,-0.00016489779888504124,-7.933320326298031e-5,-2.7138350970886018e-5,-2.1767770412059848e-5,-1.4615050951242023e-5,-1.105824941856341e-5,-2.551607119587752e-6,5.3397837086718545e-6,2.435269065239134e-5,4.2129637363323655e-5,5.439841459874859e-5,-0.00022263874316725838,0.00011659458435619638,0.00020658706456040384,0.00011170100739877692,0.00010538585236537528,5.211964525807351e-5,5.1529185459779194e-5,8.772761741628407e-7,7.78315649946778e-6,-3.0325525662344923e-5,-3.809274139611578e-5,-0.00010742220796577145,-0.00017615598274825525,-7.279462496444546e-5,-2.224427230065981e-5,-5.908171070285538e-6,-1.6850624164105217e-6,-2.6932666308132486e-7,-2.9971335471104754e-7,-0.00010849146247776008,-0.0001085156293397454,-0.0001041293040741714,-7.676329052625777e-5,-4.319067375082698e-5,-3.8709834845259924e-5,2.4795761254818577e-5,2.874292963468831e-5,-9.675210900988052e-6,-1.2321954065460865e-5
-4.015638383453091e-6,-1.2831324959260246e-6,-8.804343553922689e-6,-2.6014409427401852e-5,-5.063406081618823e-5,-0.00014253195397445848,-0.00023774131108280432,-0.00014772847192185564,-5.374369025425793e-5,-9.570249367938945e-5,-0.00011181824284585607,9.479733497495697e-5,0.00026569418556692415,0.00031941884498132007,0.00026035007143642287,0.0002519613678262534,0.00023795436213460173,-9.232820018404862e-5,-0.00016489779888504124,1.009547726126152,-9.604844731373493e-5,-5.942377204767156e-5,-4.5693328016721144e-5,-3.966124357554081e-5,-3.2952026953797144e-5,-2.593716769694664e-5,-1.8031862669519926e-5,-9.538900503744417e-6,-4.44949164480832e-6,1.0611187433052608e-5,-1.8328595415546584e-5,-1.748339379431121e-5,3.5625786685128795e-5,2.2347253586767827e-5,4.66836087002024e-5,3.3268253687868544e-5,5.238262792628902e-5,2.1109131397363656e-5,3.37995252391898e-5,1.5249401872896352e-5,2.1940837563637407e-5,-5.245280051363393e-6,-3.764595659939557e-5,-5.910252023086576e-6,1.8536816256055471e-6,2.4667204329530294e-6,1.431264494414173e-6,8.802111255380376e-7,2.8997272577172895e-7,-1.7253783991974455e-5,-3.8761207813553845e-5,-4.5943734973521134e-5,-1.8598612084666335e-5,-2.5034694095480047e-5,2.6655602096427137e-6,-4.5013433813427164e-6,-1.6734256579908845e-5,-2.1878289177633604e-5,-1.377292251196301e-5
-2.6717803950474645e-6,-4.27698712142264e-6,-1.4197624875117217e-5,-2.820767753636138e-5,-8.486306053169179e-5,-0.00017961372798208416,-0.00040866582582855013,-0.00023765149997418553,-0.00020871467040630407,-3.610644522347736e-5,-5.215724567412377e-5,0.00021987285330226847,0.00024334262052390295,0.0003650545738904228,0.00028319517957823973,0.00024247526686387458,0.0001969024055178075,-6.2876845311226926e-6,-7.933320326298031e-5,-9.604844731373493e-5,1.009632699291223,-6.27002497069662e-5,-5.7828254198708485e-5,-5.251603036719021e-5,-4.906185390656982e-5,-4.286862283129314e-5,-3.3928694459276446e-5,-2.064083047548919e-5,-8.29509929897574e-6,4.824112756898322e-6,1.03107850499678e-5,6.998801119295882e-6,2.7393468851656213e-5,7.93161608084074e-6,8.670420903766517e-6,2.783932955561155e-6,8.048581703874346e-6,1.3454428757805537e-5,2.217222058659624e-5,2.6848948662718406e-5,3.712982300962828e-5,3.7818647273975794e-5,3.5695357675496456e-5,2.3235931020634736e-5,1.3706490536229213e-5,7.333986054695688e-6,3.5353530807014925e-6,1.7138479802890652e-6,6.928767423241475e-7,-1.4315761235030065e-5,-3.235629350268706e-5,-3.5925221580277786e-5,-1.8684623410712253e-5,-5.245193917212651e-6,1.6687631856060252e-6,-3.7949942698408483e-6,-1.6569095320523566e-5,-2.9789715336877137e-5,-2.6211698159791484e-5
-5.923334814488892e-6,-4.731181556897832e-6,-1.923262097414074e-5,-4.254758182566575e-5,-0.00010900748070808436,-0.0002611112072358033,-0.0005357740748003641,-0.00039408918838797165,-0.00020687366915668286,-9.22283899856634e-5,7.934922328818329e-5,0.0002137349210303206,0.000346702896475607,0.00036837218647818283,0.0003522691414138995,0.0002403793604248555,0.00017036041378782376,4.962303539226082e-5,-2.7138350970886018e-5,-5.942377204767156e-5,-6.27002497069662e-5,1.0096460273106374,-7.238901034112573e-5,-7.4442261012002e-5,-7.387454510887102e-5,-6.836756546086969e-5,-5.5833146867561866e-5,-3.88881741590032e-5,-2.1488426045604325e-5,-8.178992784964034e-6,5.035004183443173e-7,-8.955569841980732e-6,-1.0993692019378267e-5,-1.2651892889069705e-5,-8.922106951898318e-6,-3.1186817802535117e-6,9.523475639988602e-6,2.4736409895339867e-5,3.96106243684414e-5,5.476931069532591e-5,7.515160944732183e-5,9.389568709301842e-5,0.00011447605786866344,5.7274946459794876e-5,2.8109930176436745e-5,1.3386737090355847e-5,6.2158485519065085e-6,2.84288632329658e-6,1.2505815597516768e-6,-3.058448039993046e-5,-4.428991230509058e-5,-5.437177209671647e-5,-4.9397167651887105e-5,-5.381682904586194e-5,2.1982465311983223e-5,-9.91997078378067e-7,-1.1297325603591087e-5,-8.121099282813349e-6,-7.207199386299246e-8
-3.3424993233165527e-6,-8.2840582350966e-6,-2.197700105554524e-5,-4.8362774298436575e-5,-0.00013078716696169002,-0.0002924040301567153,-0.0006276944602316279,-0.0004033413209747224,-0.0002486385835952998,-3.918603980254145e-5,7.866165993729181e-5,0.0002767861009379135,0.0003390474789512732,0.00041114535744389937,0.00035626679576598766,0.0002662350021446206,0.00014480237516126078,5.3431239888116875e-5,-2.1767770412059848e-5,-4.5693328016721144e-5,-5.7828254198708485e-5,-7.238901034112573e-5,1.0096325917076632,-8.834282179699955e-5,-9.151408494966466e-5,-8.515479032531866e-5,-7.067326017387908e-5,-5.071013421094047e-5,-3.0060241533014367e-5,-1.6483455676538475e-5,-5.029987438381811e-6,-1.8349220406523182e-5,-2.3818680974740167e-5,-2.1266569527744324e-5,-1.4592780993056803e-5,-3.751948924794687e-6,1.3071257396643432e-5,3.458264437458618e-5,5.325746258769717e-5,7.403728220521365e-5,9.891683375116372e-5,0.0001240424085571896,0.0001525164760580437,7.498090702285274e-5,3.63887062280919e-5,1.71841978394709e-5,7.951901244128518e-6,3.6199837880391614e-6,1.591738452892964e-6,-4.2843260652018256e-5,-5.3801778557311e-5,-6.030396375907718e-5,-6.546721633163883e-5,-5.9894796191049965e-5,-4.189460724162838e-6,-2.550209292050167e-5,-3.212190812718338e-5,-3.0277594654037523e-5,-2.7321902201205672e-5
-6.487808022081497e-6,-7.332710958115095e-6,-2.5265028163910026e-5,-5.452721977662375e-5,-0.00014056052807820575,-0.0003222160786960331,-0.0006635205620392793,-0.0004392671440041585,-0.00021150725168232707,-3.849016902193612e-5,0.00014074271446457717,0.0002756441526340169,0.00037622295949839497,0.00040166154668344427,0.00036846955621804386,0.000247743493812501,0.00012831094852498772,2.8737738971094446e-5,-1.4615050951242023e-5,-3.966124357554081e-5,-5.251603036719021e-5,-7.4442261012002e-5,-8.834282179699955e-5,1.0096166190327425,-0.00010367956990214587,-9.972229503019632e-5,-8.528101991657095e-5,-6.650125316087554e-5,-4.558624599214393e-5,-2.8433717088112384e-5,-1.8368807645408005e-5,-3.5310745447535716e-5,-3.8568127851236936e-5,-4.316336037381572e-5,-2.3129853798604074e-5,-9.196080817864345e-6,1.9124608984213065e-5,4.967374674528398e-5,7.633947380824294e-5,0.00010134583168380552,0.00012973770120178757,0.00015602834271197274,0.00018782984140525236,9.317588604655107e-5,4.55266024596261e-5,2.1627029003038576e-5,1.010843694414664e-5,4.654878783095945e-6,2.098140830097387e-6,-4.0082764360785895e-5,-5.4307847483093665e-5,-6.183153293779222e-5,-5.9011199121735764e-5,-5.982848457265743e-5,9.54127479816792e-6,-1.107194807846703e-5,-1.2422928325009455e-5,-6.022051335756997e-6,-9.519369594136575e-7
-3.3057315830363532e-6,-1.0333813170506136e-5,-2.4460219477267686e-5,-5.634611844896121e-5,-0.00014556536925630292,-0.00032629087498799874,-0.0006815941495957312,-0.00042686013759294744,-0.00022010608476871757,-1.1875239139929761e-5,0.00013674927547383206,0.0002970854156703187,0.0003646359943334186,0.0004093583337375161,0.0003580082119736278,0.0002459610096842251,0.00011034972216344525,2.2486186508645206e-5,-1.105824941856341e-5,-3.2952026953797144e-5,-4.906185390656982e-5,-7.387454510887102e-5,-9.151408494966466e-5,-0.00010367956990214587,1.0096020194678894,-0.00011304432589589008,-0.00010595233568332133,-9.628131060047373e-5,-8.96695527243544e-5,-8.803282361948247e-5,-7.63091156740763e-5,-0.00012379444404175707,-0.0001425666940787682,-9.838010201376335e-5,-5.0896884882816566e-5,7.0725373364932954e-6,6.044230285329898e-5,0.0001109895731873384,0.00014926675708434251,0.0001803725110462855,0.00020275163221534806,0.0002225642945898559,0.0002453472774871661,0.00012268344813852526,6.03870469514055e-5,2.892032755991926e-5,1.3633739355614902e-5,6.332202013472844e-6,2.8805741812459426e-6,-4.8106402125105726e-5,-5.6311182197060705e-5,-5.9018258962340554e-5,-6.648654606209275e-5,-6.934389367148847e-5,5.802445231511309e-6,-1.7938427467048947e-5,-1.3049467032414042e-5,-3.247019497473145e-6,-7.787858088004688e-7
-5.1750377294736316e-6,-7.636863163798466e-6,-2.3240944353445128e-5,-5.0999790478178205e-5,-0.00013045361704808013,-0.0002955239232966954,-0.0006071028482785997,-0.0003914930363840053,-0.00018144645160945937,-1.8133756222619465e-5,0.0001394687085175352,0.00025386016416416226,0.0003354226771429753,0.00035451779053159867,0.0003236427339710265,0.00021103703010061297,9.49250838245096e-5,1.77488933094922e-5,-2.551607119587752e-6,-2.593716769694664e-5,-4.286862283129314e-5,-6.836756546086969e-5,-8.515479032531866e-5,-9.972229503019632e-5,-0.00011304432589589008,1.0095919100775004,-0.00013286219318286204,-0.00014862132588266047,-0.00016632960933361013,-0.00017334188228696612,-0.0001676732866405493,-0.0002476159779807738,-0.0002567562597761297,-0.0002046706260319401,-8.935520059427852e-5,4.762718989127912e-6,0.00011099518964020492,0.00019730694874206693,0.0002609914133527456,0.0002947862340952102,0.0003090308361410822,0.00030992012362617553,0.00031528452649778925,0.00016215556616301608,8.14167542868204e-5,3.95896040244221e-5,1.8931881424912752e-5,8.915016967788907e-6,4.147368859768113e-6,-3.3204554486436634e-5,-4.664343199428226e-5,-5.020963528530293e-5,-4.880941259652328e-5,-5.2600210680442125e-5,-5.964009721175254e-6,-4.0879852707927806e-5,-2.9882910228005676e-5,-1.2286725519349057e-5,-8.550702350017708e-6
-2.5199111260985795e-6,-7.138113099100375e-6,-1.7466223489159178e-5,-4.015610937755672e-5,-0.00010256238493610938,-0.0002301305604417362,-0.0004786054983602899,-0.0003020221128268704,-0.00015465088071133277,-8.005780984848785e-6,9.647884301262491e-5,0.00020697680747835717,0.0002515082850107429,0.00028278726403000543,0.00024980565113579076,0.00017119266334141874,7.071648435364136e-5,2.2019777553751895e-5,5.3397837086718545e-6,-1.8031862669519926e-5,-3.3928694459276446e-5,-5.5833146867561866e-5,-7.067326017387908e-5,-8.528101991657095e-5,-0.00010595233568332133,-0.00013286219318286204,1.0095441448331621,-0.00023235998011876888,-0.00030330845253496357,-0.00034522038767989104,-0.00034779406936645156,-0.0004943878756249374,-0.0004992676467621184,-0.00036613320139920454,-0.00014034703840042187,4.329521162062266e-5,0.00023036108942086213,0.0003661634197941028,0.00045840446251643746,0.0004912003519896112,0.0004827516409271039,0.0004514172587226551,0.00042423089366734433,0.0002208084963162317,0.00011153707661646141,5.4500435537751714e-5,2.6193724056955812e-5,1.2381282667317349e-5,5.79180743799196e-6,-2.096250461066982e-5,-3.255377963975206e-5,-3.068741204020603e-5,-3.634086635533775e-5,-4.0644964843177934e-5,1.4707900314456222e-5,-3.1802956169695516e-5,-4.132522397726605e-6,2.7789122436278744e-5,3.367605185494814e-5
-2.885188510688699e-6,-3.4077577182720347e-6,-1.2153887268311205e-5,-2.5098571152956784e-5,-6.544725672353983e-5,-0.00014629994468660202,-0.00030931606135212674,-0.00019767416035709035,-0.0001122897809586369,-9.453633976168376e-6,5.0400820371389465e-5,0.0001283189095901379,0.00015164253624406595,0.00017941856466664066,0.00015168511467962667,0.00012064342966884939,4.0561362252034996e-5,4.293861710234391e-5,2.435269065239134e-5,-9.538900503744417e-6,-2.064083047548919e-5,-3.88881741590032e-5,-5.071013421094047e-5,-6.650125316087554e-5,-9.628131060047373e-5,-0.00014862132588266047,-0.00023235998011876888,1.009349561023063,-0.000521049629290068,-0.0006174869540350295,-0.0006392815103089394,-0.0008845350909150522,-0.0008739200272546688,-0.0006190666557413261,-0.00020518402422500887,0.00011021480678757953,0.0004270191209431119,0.0006287769551974259,0.0007641990184139396,0.000789327482415115,0.0007521692518032341,0.0006767789841959967,0.0006069540462257878,0.00031766870078126153,0.0001597631020847032,7.761304514104326e-5,3.7263789472515734e-5,1.7517797999177e-5,8.291551197985106e-6,-5.387965600559651e-6,-9.567409978515302e-6,-8.982477652000221e-6,-5.879157242853032e-6,-1.8732353355180453e-5,-1.792580661831922e-5,-9.312753881611543e-5,-4.5778249672240044e-5,6.524230028857646e-6,1.6672373369535483e-5
-1.379947967925642e-6,-1.0977978083703105e-6,-5.935128999558205e-6,-1.0512893800030016e-5,-3.0046123632114586e-5,-6.351589302318297e-5,-0.0001500179997947192,-9.146081064780654e-5,-7.991338484118085e-5,-5.7400295826950465e-6,-1.1156253415818975e-6,6.292891693764756e-5,4.809495634070912e-5,8.744067806416512e-5,5.169345694206042e-5,7.640284940757498e-5,1.200916083061294e-5,5.988089285125587e-5,4.2129637363323655e-5,-4.44949164480832e-6,-8.29509929897574e-6,-2.1488426045604325e-5,-3.0060241533014367e-5,-4.558624599214393e-5,-8.96695527243544e-5,-0.00016632960933361013,-0.00030330845253496357,-0.000521049629290068,1.0089244157949329,-0.000994177218364161,-0.0010251903955309828,-0.0014194956479590163,-0.0014309584289797235,-0.0009157507141838971,-0.0002868708630636266,0.00024371996921976476,0.0007029966597473457,0.0009764112826453591,0.0011530164636716403,0.001173012400603495,0.0010985228382764955,0.0009818961538885776,0.0008580009827192128,0.00044606463447804256,0.00022103962319579406,0.00010593018632087446,5.028023347113053e-5,2.3278815171749993e-5,1.0980377781697553e-5,-2.301200219432066e-5,1.9171889935413254e-5,9.248613466272492e-6,2.1232698522948962e-5,-4.1810273373319744e-5,1.583329918032638e-5,-7.88981601148121e-5,2.3064379600270865e-6,8.109890204995973e-5,9.740895335735739e-5
-2.242163685243385e-6,1.5569244534586706e-6,-4.353000877931075e-6,-6.402063009722452e-7,-1.1647307958215866e-5,-1.3799131618845613e-5,-6.481594133048827e-5,-1.5042096802047028e-5,-5.982726059617175e-5,2.6751247540075325e-6,-2.138118696226682e-5,5.473744475191564e-6,-1.446563940709602e-5,1.2329231153250996e-5,-3.070240268676958e-5,4.468594223968204e-5,-1.3516110299853151e-5,0.00010170737907557034,5.439841459874859e-5,1.0611187433052608e-5,4.824112756898322e-6,-8.178992784964034e-6,-1.6483455676538475e-5,-2.8433717088112384e-5,-8.803282361948247e-5,-0.00017334188228696612,-0.00034522038767989104,-0.0006174869540350295,-0.000994177218364161,1.0083400817204977,-0.0015897283898104796,-0.002036093657057254,-0.0019710183449550447,-0.0010487233316615098,-0.0003089897476243106,0.0004564117262586064,0.0009856441330030343,0.0012972913712691928,0.0014868037361305349,0.001513711005624264,0.0014046531731894934,0.0012777491702103466,0.0011188477169379201,0.0005646890518967557,0.0002728854846287764,0.00012835873158499473,6.023043548996413e-5,2.7431928746549904e-5,1.2967507950537251e-5,-0.00015482247201096722,-1.7233440480513913e-5,-2.953265343886391e-5,-1.7249631089801945e-5,-0.00017230297245100077,4.0166160753337075e-5,-5.232868826845971e-5,1.625163791589514e-5,0.0001223574595444853,0.00012697453031775558
