1.874794488985692,-0.01428009804597896,-0.02141638560284221,-0.02835639158907149,-0.03574229231509395,-0.02890380479419208,0.013571662521333705,0.016017120447174384,0.017791233070904525,0.016454242117558932,0.012436596413059966,0.010957225533664138,0.016604629465482676,0.012897010995799315,0.009516736265792022,0.006578440824492251,0.006532273325815221,0.006562602170441544,0.007241209460167143,0.006678946854138982,0.007184984522496029,0.007270403351997766,0.005961232297303147,0.004135644604626615,0.0021515245771140325,0.0009136320529137108,6.768243409256865e-5,-0.00033844741508798907,-0.00042314645933853965,-0.0003879945444369848,-0.00011940251758080887,-0.0008015307245493381,-0.0009541511023251034,-0.0006149925943151777,-0.0002597977734869723,-5.524257425638757e-5,-1.5558022031205794e-5,-0.00012335273192298275,-8.255657054004158e-5,0.00022931370564776584,0.0007996311574275122,0.0010696058185825153,-0.0006245347781660633,-0.003517086981253815,-0.004199216318924959,-0.0038330912533435773,-0.003168064250205986,-0.002436094226767778,-0.0018305322412708372,0.0023987252843564086,0.0044568479375850295,0.0017247728792992802,0.002657992594737229,-0.005189350961983845,-0.002451946657614081,-0.0005820388558026977,-0.004313216902505532,0.010656800888873299,-0.00694522640187626
-0.01428009804597896,1.86212483302844,-0.03624087148436739,-0.050939233211388955,-0.059032966035633724,-0.0496190492946457,0.01851593155519491,0.025208951440714927,0.030997508846031932,0.027251502605666583,0.018677602542921598,0.0175560822516881,0.025305023365745985,0.019661139324288656,0.016784782637858632,0.013464228898768723,0.011185760144551363,0.009349914572022831,0.009783156862067932,0.009362172119273593,0.010600029606821127,0.010962116925877998,0.009051552655092113,0.006346095215835615,0.003250003777919678,0.0011189987052618302,-0.00048335794622202983,-0.0014083625852747976,-0.0017551798782121826,-0.0016087782632175948,-0.0008647016059649047,-0.0009487791520503665,-0.002089477530988927,-0.0025059616160866246,-0.0017231169296927223,-0.0005981082884822489,-1.3058392473771084e-5,-1.6191107807535178e-5,3.693929460567173e-5,0.0003620639939054904,0.000976852441381724,0.0012457047289542024,-0.0009163734750272008,-0.003635778467093678,-0.004671432944320595,-0.004466425570370289,-0.003836222156738788,-0.0029959235801342485,-0.0022799930564078937,0.002595054967622917,0.007984029985433738,0.0022958469642275717,0.0073750802314248316,-0.008665960325105563,0.002826140176709886,9.616955927600186e-5,-0.00022183952162644575,-0.0030456837617346823,0.0011291379271782854
-0.02141638560284221,-0.03624087148436739,1.8266944843271853,-0.08034953537000025,-0.09776640964477501,-0.08387245648633203,0.019668590447553487,0.03600820212041334,0.0470242884347444,0.04319929177958671,0.028910467817660594,0.027094987127916394,0.04028340813238297,0.032340478731506236,0.027450519172580456,0.02241118237615597,0.01859388315788451,0.01582850548041273,0.016549073266975134,0.015807517941255626,0.016967111200918903,0.016760136858937708,0.013404080267335628,0.009049710122869762,0.004381202346872366,0.0011963921376951464,-0.0010874077746678827,-0.002342494511431767,-0.0026875269588689616,-0.002389011218847656,-0.0013594783703963697,-0.001420052144058742,-0.002497819408262417,-0.0028881364384330376,-0.0023127593353433782,-0.0013633458928566861,-0.0007021855146885444,-0.0004744354885421987,-0.00010028845651176556,0.0005008193882041884,0.001357260643887604,0.0016134907182076316,-0.0015546370492053353,-0.003870771174256295,-0.005136657262678065,-0.005058641197401985,-0.004444243028563199,-0.0034953375751938767,-0.002673016206036753,0.0061833536477306035,0.011022861563865019,0.0030295991802098184,0.0065232661493560586,-0.012994159525250204,0.006468462166276614,0.0014365513354808574,0.0033291130075672444,-0.010583640086236584,0.0019264868768356421
-0.02835639158907149,-0.050939233211388955,-0.08034953537000025,1.7687434263402266,-0.1510587649871419,-0.1491342756072727,-0.004230711825564379,0.061614049277585806,0.07783773886919158,0.06686359858679697,0.04017250265181608,0.03975204613538204,0.0656516601908502,0.052878541534988686,0.0439283831108205,0.03689929152190747,0.030442152465400805,0.024748454765137384,0.024328948395822274,0.023611345683810483,0.02635429960333091,0.02632268431332384,0.02092204869664266,0.013980133143225257,0.006804846739290898,0.002001352151828986,-0.0014433768250261898,-0.0033788852770950087,-0.00409243645227819,-0.0036596530075098626,-0.0020113530168805118,-0.0014685399330585927,-0.003786259988492716,-0.004940349644928534,-0.003519240012324053,-0.0012339844032374806,3.8725847688132944e-5,0.0001500426683992951,0.00029967645865471254,0.0007711563499406884,0.0016919124210030357,0.002284059152816967,-0.0006717071812358515,-0.005069834276536029,-0.00717651320466264,-0.007126345845015884,-0.006256957878982304,-0.004925098301808142,-0.0037640324982578413,0.004511042718515177,0.015314498420944242,0.008397797035333861,0.008599077317707397,-0.014642258775444212,0.009044201138420627,-0.0005511099453194183,0.004111505163577657,-0.010630663739469772,0.006456596473722684
-0.03574229231509395,-0.059032966035633724,-0.09776640964477501,-0.1510587649871419,1.6695635792120398,-0.25089489190345504,-0.09976736744833829,0.08531373996537817,0.11753447592414026,0.1000437557248647,0.05376338810722202,0.054874293363431775,0.09914452102831658,0.08405983808293502,0.06727073248787714,0.0583860814442709,0.0492659377270956,0.04095405618041488,0.0375825365314644,0.03804378752422635,0.04176172480601817,0.04033714121411692,0.03105281131608321,0.020113843660325856,0.009800503596275706,0.0032661457246178733,-0.0012166315079351743,-0.0037040767891565953,-0.004666298128430832,-0.004190504324871237,-0.002270059742590902,-0.0016310813705950416,-0.004096324594360327,-0.00530435613942605,-0.0037652586780837294,-0.0013037344254777465,4.7153093510834256e-5,0.0001994103268801404,0.0003877562490994001,0.000916014991846992,0.0019397028541230752,0.002777021897894758,7.045477509132222e-7,-0.005716523187488089,-0.00812168821059086,-0.007998527513091038,-0.006946807534419539,-0.005439879302937417,-0.0041332376655812035,0.005242113600433639,0.017237426377048483,0.011553450168164524,0.0027063932429758093,-0.012709405033889133,0.0086462375788317,-0.003157808759823931,0.002824721128718659,-0.0011940239932077014,0.005134554804143652
-0.02890380479419208,-0.0496190492946457,-0.08387245648633203,-0.1491342756072727,-0.25089489190345504,1.5063024843036832,-0.3892414993811002,0.05809065108324761,0.15455280758965265,0.145347854599373,0.0820925078083705,0.07927862073280624,0.13046288208436788,0.12067100189987895,0.10123535493830196,0.0928084387058684,0.07791100908543683,0.0652509707863446,0.05348868813885248,0.05822179029422312,0.061763458410790936,0.05670516599453047,0.04182964099585014,0.02611823974563699,0.013102588298181369,0.005612216366965244,0.0007188714646236276,-0.0020611533939456595,-0.003684163980667296,-0.004011376589460391,-0.0029205524089770773,-0.002132612161320302,-0.00543449451044223,-0.007041436831295308,-0.0048556140276163435,-0.0012346223849178477,0.0005909621957977682,0.0008087988925497989,0.0007289127237103947,0.0008520138675293266,0.0011739317563956842,0.0014621453284491392,-0.0007641808865968425,-0.0028721933205799,-0.003885880883001431,-0.0037921247258491672,-0.0032473937543786935,-0.0025136502566705417,-0.0018810803238398207,0.0030568481614612554,0.017957838278640018,0.006517219644933493,0.00426607347795187,-0.0062675450235221,0.005841766637551725,-0.00395306246688216,0.0030911152249445406,0.0031956634238725938,0.010334994999275638
0.013571662521333705,0.01851593155519491,0.019668590447553487,-0.004230711825564379,-0.09976736744833829,-0.3892414993811002,0.7954351033879629,-0.3013877805090909,0.012624481699759209,0.15805476060249396,0.18591750753152653,0.17356001197573584,0.12770646875130964,0.14811280445735214,0.15328836506839388,0.14010195197328573,0.11526782968174436,0.11102817083464854,0.09141425516972178,0.09651678339141952,0.08379552809927242,0.06619686590919553,0.043988923448407415,0.02543484541981261,0.014355276319915247,0.010189395642886156,0.007982090234598707,0.006277862877684113,0.0038960056865543842,0.0007507939996270967,-0.0023033336166845037,-0.005629073300186849,-0.0077268523280756745,-0.007719090269439129,-0.006785076419079673,-0.004386371078470313,-0.0024825486515426595,-0.0002215338499635407,0.001205818416831337,0.0017433295065973917,-0.00042315835377757145,-0.006155307894597712,-0.018134317989290456,0.00701424959582974,0.01601126566487197,0.01675519093070028,0.01483660332172605,0.011786875326534978,0.009058473410267727,0.0003386760967395076,-0.017250609052482227,0.0061031560494225045,0.00512213004971685,0.006987989211001211,-0.008683384677321888,0.005614813470238042,0.0034122640441503226,-0.004063377942648544,0.01912989199920528
0.016017120447174384,0.025208951440714927,0.03600820212041334,0.061614049277585806,0.08531373996537817,0.05809065108324761,-0.3013877805090909,1.2057460876445192,-0.3755766040491813,-0.13867385410611657,0.13913476246075623,0.2192274568884534,0.07622957774416629,0.09204307633870304,0.09132365245796609,0.10143891504544732,0.07703842858523949,0.07149886767778647,0.05339985183258359,0.05394851052974457,0.04776358930320107,0.039755555633619044,0.02840515585383592,0.018051082601868773,0.012440289979793543,0.010615675345916701,0.010164308640382997,0.00936832134263262,0.006635966277830375,0.0014997404590083579,-0.0049158413452606055,-0.008906851699925496,-0.007303639216266188,-0.004174097429355673,-0.0025153883763153017,-0.0013074602221736227,-0.0006332128909178475,-0.00024288272502123178,-0.0005986735326794903,-0.0018945151118791117,-0.004589660315487903,-0.008070539632743743,-0.00848277018134644,0.006742560180527331,0.01201867794682035,0.01228487234178639,0.010685726580748026,0.008468063577367967,0.006471172002856072,-0.004710788660539862,-0.0041118280088720425,-0.0007969860735286098,0.00548960565558935,0.007799415017828585,-0.01920234056743562,0.014961235255253528,0.011365675337352873,0.03322212532387829,-0.04174248729772689
0.017791233070904525,0.030997508846031932,0.0470242884347444,0.07783773886919158,0.11753447592414026,0.15455280758965265,0.012624481699759209,-0.3755766040491813,1.2480829587548417,-0.28274186216976815,-0.06307912568588625,0.022053211148195046,0.08243470161003592,0.11833100805478244,0.10871351830096354,0.09444098739785785,0.09055811601510881,0.07512119607145556,0.05931114579688195,0.05004792112659637,0.04077919188922815,0.03467461269102841,0.0255974890545223,0.01600694933384239,0.01019688364774052,0.007509321973401572,0.005681995307725224,0.003599145133901714,0.0014790364441377355,0.0006746850130105449,0.00018312848001686725,0.0010220203538944732,-0.003246418261451952,-0.006395706728027562,-0.005295666442438686,-0.0023737835476341134,-0.00014613641310226677,0.0011191270793986625,0.0011860589301674275,0.0003381534982962205,-0.002188148738336058,-0.005872285176343623,-0.008973946006012205,0.004932399702295475,0.009517397560959616,0.009616787344752386,0.008204503338012316,0.006360266936769944,0.004771943934220245,-0.007648251100438445,-0.01584141078209254,0.020867819011796962,-0.007290877114808368,0.010586304025728797,0.02458671372869409,-0.010233700050505558,-0.0035010219806525227,-0.03643425292410415,0.03130234698654355
0.016454242117558932,0.027251502605666583,0.04319929177958671,0.06686359858679697,0.1000437557248647,0.145347854599373,0.15805476060249396,-0.13867385410611657,-0.28274186216976815,1.390705834415637,-0.4054715015421015,-0.14072354853494543,0.1386668052677496,0.1470183883138425,0.09297367016925384,0.09497785691116163,0.078010223514807,0.06977774728325113,0.05504809384677058,0.04558517489927564,0.0396559033878377,0.03434917684997581,0.024999989314369513,0.015043835533079157,0.00882354188379771,0.006507924368195452,0.005807287647657986,0.0055101495677675185,0.004094024395326293,0.0012878374932944806,-0.002009455638774105,-0.003837205158007959,-0.004487752569263515,-0.0043808749473810225,-0.0036936171298668024,-0.002468132053277516,-0.0011404197114689148,3.927545373190057e-5,0.0006853298252070591,0.0004495099227223718,-0.0012273538632907094,-0.004113903770796851,-0.007418925004484788,0.004147531132999256,0.008050675347934407,0.008226144160358202,0.007102405359229493,0.005578197790680027,0.00423670502639942,0.004292589584183924,-0.012691481111461953,-0.002380847416972453,-0.006476098520426871,0.013909814724351079,-0.006975364028374411,0.004763142752351606,0.01153291535346192,0.0004164808360551114,-0.0013009021769159303
0.012436596413059966,0.018677602542921598,0.028910467817660594,0.04017250265181608,0.05376338810722202,0.0820925078083705,0.18591750753152653,0.13913476246075623,-0.06307912568588625,-0.4054715015421015,1.2308796351331834,-0.33909988857447326,0.03737482152543472,0.10268435421633795,0.08426784879442092,0.10446273709882088,0.1153147811072554,0.09402208974865026,0.07136097142356869,0.06650616317531739,0.056474768998572636,0.046142664538060804,0.032108495896498196,0.019337178244309167,0.011585419575230918,0.00870897117469275,0.007222522664089834,0.005791426430798665,0.0037325329028761443,0.0010040200630029956,-0.002378408393108652,-0.00546918905191298,-0.0042910736285975675,-0.0024611410127948776,-0.002840118794278807,-0.003326915345728524,-0.003063329231850604,-0.0015570848718135584,-0.0003865698199003757,0.00014408419338724898,-0.0008769499304005087,-0.0038629918322687063,-0.009330733892754203,0.004172317274834406,0.009074867699629764,0.009515385806957214,0.008457146814661918,0.006724558475231021,0.005176709848290662,0.02686046066185956,-0.0038855372548850194,-0.03417078382581545,0.00858821345525264,-0.000946712941004973,-0.015539695861748446,0.008985653039372526,0.007071068322553844,0.01223265019769188,-0.009725385994564146
0.010957225533664138,0.0175560822516881,0.027094987127916394,0.03975204613538204,0.054874293363431775,0.07927862073280624,0.17356001197573584,0.2192274568884534,0.022053211148195046,-0.14072354853494543,-0.33909988857447326,1.3897406493442415,-0.28178315159282935,-0.09802911454656286,0.034389801905603985,0.11141319207195785,0.11218576682045475,0.09608263954989786,0.07705149990338231,0.06821622614730552,0.05763749802935022,0.04643321384082401,0.03241172662289363,0.019783785783934634,0.011864464982096543,0.008479315451239896,0.0067456118707517896,0.005506473334478766,0.003591468127894112,0.001078722467985519,-0.0013094161830967846,-0.004902466401525354,-0.0053612550668839755,-0.0040248072416608355,-0.0034224742235118744,-0.002616617551314563,-0.0015641959193536058,-0.0002899743906946454,0.0004686074204182494,0.0004339504164676201,-0.0011155380693751592,-0.004287665159899577,-0.00930366260403115,0.0025145892552426797,0.006733297054022893,0.007105806150993557,0.006275994396639232,0.004934391519050915,0.0037596649875425406,0.0192252591642482,-0.0013813584100746557,-0.0357506620661997,0.012077655358839444,0.0031169846910619374,0.0016730257097469841,0.006548678367192953,-0.01874125045034806,-0.0034444542101927083,0.024112643939359656
0.016604629465482676,0.025305023365745985,0.04028340813238297,0.0656516601908502,0.09914452102831658,0.13046288208436788,0.12770646875130964,0.07622957774416629,0.08243470161003592,0.1386668052677496,0.03737482152543472,-0.28178315159282935,1.2731962591499097,-0.3697585676879063,-0.09173493726862555,0.05573649389927875,0.05139470183898397,0.057994551140844834,0.054143030030802355,0.06526138636415639,0.06093069553380507,0.051377274367795406,0.037220785654880184,0.0246246114682932,0.016552798338596828,0.013264952942480944,0.011199847949596895,0.009218316905028239,0.006288468589142023,0.0012731370544863396,-0.005181191871882028,-0.011502195097301823,-0.008652106734582839,-0.0036384239141066957,-0.0017980771509366275,-0.0013270074265409745,-0.0012247770284239715,-0.0006839546757697191,-0.000565349403016396,-0.0007017563687784966,-0.0023160830947860224,-0.006234454808687035,-0.01339118075930142,-0.0017379762198038733,0.0040081482954681235,0.005658185275797938,0.0055625628277869,0.004578030838980463,0.0035768632765064653,-0.01731637663158945,-0.02589502770992454,0.03480393758044087,-0.0017623951190642055,0.010503113289568622,-0.009896504153062962,0.019391525526469975,-0.03524420649073437,0.04036661695340122,-0.024168206723907744
0.012897010995799315,0.019661139324288656,0.032340478731506236,0.052878541534988686,0.08405983808293502,0.12067100189987895,0.14811280445735214,0.09204307633870304,0.11833100805478244,0.1470183883138425,0.10268435421633795,-0.09802911454656286,-0.3697585676879063,1.415009648775534,-0.26496753540058776,-0.0906591922185583,-0.01794466650307919,0.029605104968923653,0.06136334598853913,0.06548373087291179,0.05779390158297088,0.04721813730506672,0.032801100818084274,0.019502505808873718,0.011485094922972935,0.008667378483687347,0.007856880989093595,0.007649103448618696,0.00666490376159527,0.00419583239413319,-5.6507457180210586e-5,-0.008253353765570006,-0.005374097529829579,-0.00011577383026877342,-0.0005088638184149575,-0.0027011231661277814,-0.0030411838516319024,-0.00173504385211859,-0.0002536775555589326,0.0001172617398629022,-0.0013445987781567916,-0.005588782667211264,-0.013656824336018935,0.0011879208986957767,0.006996506773041041,0.007971781970722043,0.007242744074284323,0.005789271094625063,0.004450017400174427,0.010779549989966344,-0.020340920190767435,0.026454894891407177,-0.0197292582487357,-0.0012974329003824702,-0.01599970409421997,0.017088824237341073,-0.014750130746846817,0.02351021892372908,-0.018978382081036194
0.009516736265792022,0.016784782637858632,0.027450519172580456,0.0439283831108205,0.06727073248787714,0.10123535493830196,0.15328836506839388,0.09132365245796609,0.10871351830096354,0.09297367016925384,0.08426784879442092,0.034389801905603985,-0.09173493726862555,-0.26496753540058776,1.5040095273415321,-0.30543180279755267,-0.13976111970175947,0.005019094471611339,0.05693313101173116,0.06063720322753229,0.05391201098637826,0.04612846805203379,0.032423649037491564,0.01819795093914955,0.009433988083493427,0.00640556358636354,0.005503300584693082,0.005215505291530676,0.004386199588258735,0.0033150410906764363,0.0014247835227249159,0.0011335978801442147,-0.0030974664658928656,-0.0065208235096003994,-0.006526236353748334,-0.00458215194116321,-0.00276869631367194,-0.001147819081960421,-0.00032460377072607646,-0.00014643884855716676,-0.0012994283918720372,-0.004264669693207557,-0.009499757852890204,0.0066961201010921415,0.01188115027388265,0.0119333439674745,0.010317473617619888,0.008130766872388747,0.006208682639436076,0.019483207931657743,-0.0011803694659278867,-0.011593967329632304,-0.0028503611396885294,0.0016842550516595692,-0.013182448314955708,-0.0007193061196742242,0.03586323390800763,-0.04801460263232495,0.019724001953079103
0.006578440824492251,0.013464228898768723,0.02241118237615597,0.03689929152190747,0.0583860814442709,0.0928084387058684,0.14010195197328573,0.10143891504544732,0.09444098739785785,0.09497785691116163,0.10446273709882088,0.11141319207195785,0.05573649389927875,-0.0906591922185583,-0.30543180279755267,1.4564361660572027,-0.26556354340902255,-0.08373305215689213,0.02190340179813957,0.025545910129065093,0.030153258984218074,0.033577110958302375,0.024965631859942966,0.010316846272698115,0.0003713406938313713,-0.0034217964722817345,-0.003519167403291452,-0.0017636261015693674,0.0004086168437343025,0.003584808737735415,0.006259237421845572,0.008577956772149533,0.0022944393329625786,-0.0036870709650856487,-0.0037115750191627876,-0.0010340204869847725,0.0010200476673382114,0.00167812800427388,0.001807521298464361,0.001232846999336499,0.00010019460513067456,-0.000899577333626349,-0.000583209125198078,0.011806701170505753,0.014471507659986962,0.013098667745900282,0.010717498788999425,0.008242978793827956,0.006195062784957173,-0.00929563999702307,-0.010513972567251723,0.01732547478359439,-0.009360214471598764,0.010535216311162061,-0.004636338544571895,-0.008237643815410428,0.05377444918160255,-0.07421094273960104,0.037485378797922166
0.006532273325815221,0.011185760144551363,0.01859388315788451,0.030442152465400805,0.0492659377270956,0.07791100908543683,0.11526782968174436,0.07703842858523949,0.09055811601510881,0.078010223514807,0.1153147811072554,0.11218576682045475,0.05139470183898397,-0.01794466650307919,-0.13976111970175947,-0.26556354340902255,1.6169903301931643,-0.1835305593593563,-0.08237927256424207,-0.042488168913963315,-0.0021562538728338767,0.019579622545909278,0.018129383232943903,0.004234545849374459,-0.005857486635702441,-0.009212507846904772,-0.008367617660874932,-0.005453399944742117,-0.0018314836234155018,0.0027126535083030374,0.0066471142431528,0.009868713882409166,0.009621598920821187,0.0076984204671542746,0.006243916990871641,0.005225746756127822,0.004308262052773348,0.003813059454576378,0.003482533384332265,0.003051717187496903,0.0025016632358238885,0.003179802242942972,0.006196618910459846,0.013339983001348841,0.014194084272560028,0.012219153957023257,0.009871482377784692,0.007434871329528289,0.005534008944352828,-0.02373205577772046,-0.00960851465077032,0.02595059954198931,-0.008511701149541966,0.003940171458484834,0.006540501513879189,-0.006828045213541692,0.007124971751543505,-0.025838817739115113,0.026059976799729913
0.006562602170441544,0.009349914572022831,0.01582850548041273,0.024748454765137384,0.04095405618041488,0.0652509707863446,0.11102817083464854,0.07149886767778647,0.07512119607145556,0.06977774728325113,0.09402208974865026,0.09608263954989786,0.057994551140844834,0.029605104968923653,0.005019094471611339,-0.08373305215689213,-0.1835305593593563,1.6418571786953635,-0.1885479531482371,-0.12158532645991724,-0.05037993009220289,-0.013227760429716382,-0.003422942825183149,-0.008844938973839483,-0.013562077177557894,-0.014635916429643746,-0.012532520120662556,-0.009157536121872983,-0.005259844182781408,-0.0005379540467354796,0.005658823790181744,0.013859030080210515,0.017849805458422605,0.016346918534728083,0.013007925811717851,0.008969030242982174,0.006168116222518781,0.0049362728272932125,0.004378583928758901,0.004102539007536773,0.00437630022489714,0.006951423378382314,0.013251017279135816,0.011485427702041244,0.010065761402027605,0.008099690469526475,0.00649696350824535,0.0048441270497148435,0.0036131436935880144,-0.017227098908242602,0.007552325523769773,-0.0071683535039562115,-0.007017427172041021,-7.565475238189219e-5,0.012536305663651904,-0.015445264574482285,-0.018766822302101437,0.008600929938834342,0.021051348538095087
0.007241209460167143,0.009783156862067932,0.016549073266975134,0.024328948395822274,0.0375825365314644,0.05348868813885248,0.09141425516972178,0.05339985183258359,0.05931114579688195,0.05504809384677058,0.07136097142356869,0.07705149990338231,0.054143030030802355,0.06136334598853913,0.05693313101173116,0.02190340179813957,-0.08237927256424207,-0.1885479531482371,1.6610269981209194,-0.14667305653003282,-0.08416988430893642,-0.05323968699443422,-0.03448057214262173,-0.023142267232094116,-0.014494559788243004,-0.008961816869332463,-0.005172541586559701,-0.0032046993640274233,-0.0030529903594369804,-0.004894951098011258,-0.007481190903881345,0.011409552338495124,0.018516535926024334,0.015095312442493172,0.01008996773836482,0.004754189783165699,0.0023669175291402677,0.002668223697824573,0.0036388574337917123,0.004452573167521714,0.0042193544818302,0.00339562461542028,0.001009823908264578,0.004904420508086497,0.007192547782429916,0.00717103204709202,0.006393371534795065,0.005058371730250542,0.003911688785605959,-0.006097059283278931,0.008433433385223897,-0.020282282440592984,-0.004599852350751864,-0.00596740053189423,0.005901042169676343,-0.011975472620900736,-0.019334664749613713,0.012849783310813793,0.011073401252647901
0.006678946854138982,0.009362172119273593,0.015807517941255626,0.023611345683810483,0.03804378752422635,0.05822179029422312,0.09651678339141952,0.05394851052974457,0.05004792112659637,0.04558517489927564,0.06650616317531739,0.06821622614730552,0.06526138636415639,0.06548373087291179,0.06063720322753229,0.025545910129065093,-0.042488168913963315,-0.12158532645991724,-0.14667305653003282,1.7299703593632667,-0.13837076779772267,-0.11611375936425061,-0.08680134280753288,-0.06103390328383141,-0.04023180689098149,-0.02713289978401758,-0.016876259678641214,-0.008540751259402719,-0.002362932499848232,0.0019333875142692257,0.005072164665074709,0.014153399945221362,0.020809815608605314,0.021263343955774214,0.017233277551284436,0.011555786948002916,0.007098250330559463,0.0045079561543554005,0.003276941329643617,0.0029973117428002453,0.004532466330850496,0.009865707996376628,0.021290830404425733,0.015009080422823173,0.011632822961586095,0.008939640107151309,0.007115994439894973,0.005330172447706048,0.0040222967948155,-0.0052028542812453575,0.01469766260900434,-0.027197666720783456,-0.0010291092548357457,-0.0035038412723781974,0.0008636974441803315,-0.0005234026917466696,-0.008280479869370187,0.00014153671010455905,0.002474087296227663
0.007184984522496029,0.010600029606821127,0.016967111200918903,0.02635429960333091,0.04176172480601817,0.061763458410790936,0.08379552809927242,0.04776358930320107,0.04077919188922815,0.0396559033878377,0.056474768998572636,0.05763749802935022,0.06093069553380507,0.05779390158297088,0.05391201098637826,0.030153258984218074,-0.0021562538728338767,-0.05037993009220289,-0.08416988430893642,-0.13837076779772267,1.7208306295035656,-0.16471620195817616,-0.13206150164601851,-0.09328002927228805,-0.060507806569776085,-0.04005662636530707,-0.024190829708847162,-0.010491565465740928,0.0007888113789834514,0.008834976294433718,0.012358644940468629,0.015392383204785014,0.019612116635355035,0.021828960471660566,0.01957955729463865,0.01544717383252984,0.010388464009284427,0.005679757965166133,0.0024376094928586457,0.0009907170985772062,0.0032821691722783727,0.012162088066922608,0.03209594953016313,0.022154774878507925,0.016037321894770255,0.011617939776530167,0.008877175532756826,0.006504903990057247,0.004837484852766916,-0.0041900399059477044,0.007375377260482604,-0.0157551369048062,0.0044416382065379355,-0.0012792169814143277,-0.0038223639248522526,0.004578851695052698,-0.002208889634299546,-0.005981511204565857,-0.003033510549699015
0.007270403351997766,0.010962116925877998,0.016760136858937708,0.02632268431332384,0.04033714121411692,0.05670516599453047,0.06619686590919553,0.039755555633619044,0.03467461269102841,0.03434917684997581,0.046142664538060804,0.04643321384082401,0.051377274367795406,0.04721813730506672,0.04612846805203379,0.033577110958302375,0.019579622545909278,-0.013227760429716382,-0.05323968699443422,-0.11611375936425061,-0.16471620195817616,1.7071726515510897,-0.1503613067575064,-0.10803595834836643,-0.07061640117761714,-0.04693053838717993,-0.028502716162767002,-0.012243442243193643,0.0014853814206527889,0.010838884283066676,0.014087934565390729,0.01590134858439784,0.01815870431360647,0.020350338877881145,0.01939407296846073,0.017142150118649425,0.012602259049100362,0.007405604527773634,0.0033194029369216535,0.0012505306293509467,0.003165033230715888,0.012321814625916661,0.033102891813077163,0.028457004314144902,0.022997685566535385,0.01750717050685645,0.013547483393778686,0.010006604136595015,0.0074304598584228,-0.0017050504521557031,0.0014227900566373783,-0.006621586263948974,0.004227239220186331,0.0024073610513749215,-0.008787328343198553,0.006536905685776919,-0.000788191133302406,-0.006438194709408524,-0.0035526942585150287
0.005961232297303147,0.009051552655092113,0.013404080267335628,0.02092204869664266,0.03105281131608321,0.04182964099585014,0.043988923448407415,0.02840515585383592,0.0255974890545223,0.024999989314369513,0.032108495896498196,0.03241172662289363,0.037220785654880184,0.032801100818084274,0.032423649037491564,0.024965631859942966,0.018129383232943903,-0.003422942825183149,-0.03448057214262173,-0.08680134280753288,-0.13206150164601851,-0.1503613067575064,1.7557292303090675,-0.1002479151080971,-0.07195574148563906,-0.05345020662756522,-0.03739140638131427,-0.02124733860432676,-0.005320766310013967,0.006946343736406833,0.013455801863541022,0.01806581339741166,0.01901512792594811,0.02031014542787827,0.019758548304152298,0.01905637655664079,0.01481656973861561,0.009421108315046629,0.004693668790844125,0.002419016563035238,0.004498869220613732,0.014870880340132822,0.03727774987681428,0.0378591982048121,0.03163396822638306,0.023994052470492785,0.018226724875387824,0.013341705916370203,0.00980906156983735,0.001171454002671004,-0.0013228829245417978,-0.003684112645953348,0.0030381371804599775,0.004159726414682067,-0.010477176412281953,0.005645520718250135,-0.000840282416418397,-0.004804516616869739,0.00047749867236321407
0.004135644604626615,0.006346095215835615,0.009049710122869762,0.013980133143225257,0.020113843660325856,0.02611823974563699,0.02543484541981261,0.018051082601868773,0.01600694933384239,0.015043835533079157,0.019337178244309167,0.019783785783934634,0.0246246114682932,0.019502505808873718,0.01819795093914955,0.010316846272698115,0.004234545849374459,-0.008844938973839483,-0.023142267232094116,-0.06103390328383141,-0.09328002927228805,-0.10803595834836643,-0.1002479151080971,1.7990685603718497,-0.07512851730667873,-0.0660752685939695,-0.054581775235178126,-0.03911289509354635,-0.01949565402315856,-0.0013575024761236954,0.01243547001045038,0.023259755236895094,0.02310188747548863,0.02297523454934221,0.022373752001121096,0.023297723329955188,0.0189665452731229,0.013136141661905439,0.007463439676762161,0.005117671038550613,0.008174484244313171,0.022025170253515913,0.05011390533322306,0.05337544199011527,0.04349824420767725,0.0318039340212686,0.023264026573415517,0.016648724084813098,0.012020728670633099,0.00478899991379782,-0.003241025361121852,-0.004147628481872466,0.0020448224969257765,0.004897819732072906,-0.010779515797271013,0.004106964101501698,-0.0008907172518258013,-0.0019861487855099683,0.005273658085627115
0.0021515245771140325,0.003250003777919678,0.004381202346872366,0.006804846739290898,0.009800503596275706,0.013102588298181369,0.014355276319915247,0.012440289979793543,0.01019688364774052,0.00882354188379771,0.011585419575230918,0.011864464982096543,0.016552798338596828,0.011485094922972935,0.009433988083493427,0.0003713406938313713,-0.005857486635702441,-0.013562077177557894,-0.014494559788243004,-0.04023180689098149,-0.060507806569776085,-0.07061640117761714,-0.07195574148563906,-0.07512851730667873,1.8088144785438711,-0.0801912008865053,-0.07610501150414282,-0.06380996513833595,-0.04138959975633701,-0.01587608367327927,0.008396673188627553,0.02780726961150577,0.02618545633198702,0.02361272788104286,0.023227939806536348,0.02645698460568507,0.02293545992736504,0.017428745254367505,0.01147041730971845,0.009529843136080629,0.013950084967951033,0.03130519444691757,0.06424685032491391,0.0698301999328849,0.05495756184094761,0.03851436321432159,0.026890588190867388,0.018649561071605522,0.013110641408037946,0.007664611339086802,-0.004383099909569081,-0.006420601227887595,0.0008985966629323485,0.005628541338373668,-0.011789535416679882,0.00300548114029572,-0.0020845724061433315,0.0034365372477769733,0.0067151364015312544
0.0009136320529137108,0.0011189987052618302,0.0011963921376951464,0.002001352151828986,0.0032661457246178733,0.005612216366965244,0.010189395642886156,0.010615675345916701,0.007509321973401572,0.006507924368195452,0.00870897117469275,0.008479315451239896,0.013264952942480944,0.008667378483687347,0.00640556358636354,-0.0034217964722817345,-0.009212507846904772,-0.014635916429643746,-0.008961816869332463,-0.02713289978401758,-0.04005662636530707,-0.04693053838717993,-0.05345020662756522,-0.0660752685939695,-0.0801912008865053,1.7935581506226832,-0.09860887660880818,-0.09267597504168135,-0.07017397047959792,-0.037307012587943646,-2.0578378017447912e-5,0.029871838114067847,0.025662684825188273,0.018558299619521237,0.01929763125889615,0.02643523537333112,0.026349299287380275,0.02370673375172782,0.019613846958740973,0.01922428661349714,0.02505565710332627,0.04389926035963339,0.07657216174221558,0.08590967186461643,0.06641910336596495,0.04528665682078999,0.030450843718324894,0.02050819863679104,0.014012196418467715,0.00884200171964025,-0.004097179666821466,-0.008771958942261317,-0.0005630292085626235,0.006729986842182399,-0.014853195137181922,0.003746751444887156,-0.00417496463752524,0.010541882862565168,0.0037538335916590918
6.768243409256865e-5,-0.00048335794622202983,-0.0010874077746678827,-0.0014433768250261898,-0.0012166315079351743,0.0007188714646236276,0.007982090234598707,0.010164308640382997,0.005681995307725224,0.005807287647657986,0.007222522664089834,0.0067456118707517896,0.011199847949596895,0.007856880989093595,0.005503300584693082,-0.003519167403291452,-0.008367617660874932,-0.012532520120662556,-0.005172541586559701,-0.016876259678641214,-0.024190829708847162,-0.028502716162767002,-0.03739140638131427,-0.054581775235178126,-0.07610501150414282,-0.09860887660880818,1.7716475334275132,-0.11945061609602746,-0.10219232372132243,-0.06480696396675695,-0.014114392340991228,0.027434063161564666,0.019010967431176855,0.004894302063212378,0.008080561549309882,0.021431105931321522,0.028657098967712985,0.03279661802642052,0.03374461578318966,0.036293332517476566,0.04305007247453731,0.05972738994211987,0.08406826444774632,0.09702797257514957,0.07443224874439214,0.04994502104720472,0.0326833754122537,0.02142931023682165,0.014228361496483533,0.007673083876695176,-0.0027081668713842214,-0.010225585928522334,-0.0013166304629434146,0.006961855842449366,-0.01910902786560568,0.006643296667313562,-0.006942719360705852,0.01668219811241104,-0.001541688651815936
-0.00033844741508798907,-0.0014083625852747976,-0.002342494511431767,-0.0033788852770950087,-0.0037040767891565953,-0.0020611533939456595,0.006277862877684113,0.00936832134263262,0.003599145133901714,0.0055101495677675185,0.005791426430798665,0.005506473334478766,0.009218316905028239,0.007649103448618696,0.005215505291530676,-0.0017636261015693674,-0.005453399944742117,-0.009157536121872983,-0.0032046993640274233,-0.008540751259402719,-0.010491565465740928,-0.012243442243193643,-0.02124733860432676,-0.03911289509354635,-0.06380996513833595,-0.09267597504168135,-0.11945061609602746,1.7496875023773364,-0.13162460670814066,-0.0958151985146523,-0.034089723712463556,0.017180008716242354,0.002791142448135056,-0.02003933208739093,-0.01242255446945338,0.010235092428512288,0.02967925360563196,0.04578289571524182,0.05552951865477268,0.0626173625777319,0.07020269552350009,0.08154058855974207,0.09124054830079521,0.09903015463017319,0.07400522448295208,0.048493084672843606,0.0308081531924172,0.019591407298462496,0.012580822742582346,0.004163590148917372,-0.00046607296676571457,-0.009822500804127285,-0.0010679594643232195,0.005846834387121142,-0.021260304894203504,0.008793803825798306,-0.009072264949365548,0.02095025813653872,-0.00755368242287624
-0.00042314645933853965,-0.0017551798782121826,-0.0026875269588689616,-0.00409243645227819,-0.004666298128430832,-0.003684163980667296,0.0038960056865543842,0.006635966277830375,0.0014790364441377355,0.004094024395326293,0.0037325329028761443,0.003591468127894112,0.006288468589142023,0.00666490376159527,0.004386199588258735,0.0004086168437343025,-0.0018314836234155018,-0.005259844182781408,-0.0030529903594369804,-0.002362932499848232,0.0007888113789834514,0.0014853814206527889,-0.005320766310013967,-0.01949565402315856,-0.04138959975633701,-0.07017397047959792,-0.10219232372132243,-0.13162460670814066,1.7428509794150113,-0.12272159183209255,-0.06571679912197152,-0.016871664040291525,-0.02634199984939807,-0.04327957936539549,-0.027808073699883938,0.0028416748893204894,0.03351272897842258,0.06120101829407544,0.07906055285242766,0.0889463435328447,0.09491144202020896,0.0981382949519011,0.09176453953462506,0.08725165802376365,0.06239631856026464,0.03979294596057534,0.02456771289724476,0.015110046411636675,0.009345135518463322,-0.0011168966482194437,0.0016607117899865016,-0.007667887475779238,-0.001281238032215749,0.0035204485517628344,-0.019791081105511373,0.008676560676961763,-0.009502679641289445,0.020426450052347646,-0.011099051526665744
-0.0003879945444369848,-0.0016087782632175948,-0.002389011218847656,-0.0036596530075098626,-0.004190504324871237,-0.004011376589460391,0.0007507939996270967,0.0014997404590083579,0.0006746850130105449,0.0012878374932944806,0.0010040200630029956,0.001078722467985519,0.0012731370544863396,0.00419583239413319,0.0033150410906764363,0.003584808737735415,0.0027126535083030374,-0.0005379540467354796,-0.004894951098011258,0.0019333875142692257,0.008834976294433718,0.010838884283066676,0.006946343736406833,-0.0013575024761236954,-0.01587608367327927,-0.037307012587943646,-0.06480696396675695,-0.0958151985146523,-0.12272159183209255,1.7463696901972525,-0.13678972331759934,-0.1467310589009374,-0.08826340314243313,-0.02034211554843751,0.0125435255550943,0.030396403901672146,0.050469558500742355,0.07434122790875543,0.09070997813274183,0.09930283386124246,0.10268375004087615,0.10213578199512492,0.09174061508559485,0.06702879158928221,0.04503950799480985,0.028684934221232795,0.017875483978854412,0.011185658626377557,0.0070293477702728395,-0.003382148679316443,0.0017576469679400845,-0.0038143216240736277,-0.0016887827695720612,0.0007237662513836104,-0.014033916663139606,-0.0002052065717554835,-0.004029401924819994,0.015114357512197744,-0.007583080807741721
-0.00011940251758080887,-0.0008647016059649047,-0.0013594783703963697,-0.0020113530168805118,-0.002270059742590902,-0.0029205524089770773,-0.0023033336166845037,-0.0049158413452606055,0.00018312848001686725,-0.002009455638774105,-0.002378408393108652,-0.0013094161830967846,-0.005181191871882028,-5.6507457180210586e-5,0.0014247835227249159,0.006259237421845572,0.0066471142431528,0.005658823790181744,-0.007481190903881345,0.005072164665074709,0.012358644940468629,0.014087934565390729,0.013455801863541022,0.01243547001045038,0.008396673188627553,-2.0578378017447912e-5,-0.014114392340991228,-0.034089723712463556,-0.06571679912197152,-0.13678972331759934,1.652005660966679,-0.3488086511319949,-0.16949726754540792,0.04951475352232339,0.10775966160978355,0.09331785058986532,0.07989636033110338,0.0801329822046234,0.08194286020992166,0.08252823887926256,0.0804489330036627,0.07827287560687496,0.07752616933874952,0.0414965065419873,0.028796739158984678,0.02115496776723179,0.015086604924359412,0.010867787218608366,0.0077481588974810415,-0.001754081162912508,0.00040482865604496356,0.0004175242843765663,-0.0023451279539441656,-0.0016280967483263663,-0.006884833320393845,-0.01497159503287634,0.005886533088671925,0.006623802403000492,0.003281284741270688
-0.0008015307245493381,-0.0009487791520503665,-0.001420052144058742,-0.0014685399330585927,-0.0016310813705950416,-0.002132612161320302,-0.005629073300186849,-0.008906851699925496,0.0010220203538944732,-0.003837205158007959,-0.00546918905191298,-0.004902466401525354,-0.011502195097301823,-0.008253353765570006,0.0011335978801442147,0.008577956772149533,0.009868713882409166,0.013859030080210515,0.011409552338495124,0.014153399945221362,0.015392383204785014,0.01590134858439784,0.01806581339741166,0.023259755236895094,0.02780726961150577,0.029871838114067847,0.027434063161564666,0.017180008716242354,-0.016871664040291525,-0.1467310589009374,-0.3488086511319949,1.1783836256979499,-0.35745436455706026,0.11646421870555931,0.23762755622796225,0.1907826722028545,0.13270641988574403,0.09668469812033727,0.0807130519252743,0.08002436362027011,0.09077948058879988,0.10957821850045658,0.13885054364673532,0.04968806114378968,0.022868374408035692,0.014450175313210679,0.010195192443969091,0.008104221516448712,0.0063275685833880406,-0.0064751374854229,0.0029241045089375647,0.005993336208307489,0.0003118183770939546,-0.004659367450120268,0.005832190953594647,-0.04068223512505157,0.02915086050170214,-0.007718701041171245,0.020513504809086338
