4.319697005798096,0.6657052000713198,0.4807501748443501,0.3877214878982362,0.6593224502399839,0.673385241860058,0.8640267542090733,0.8388469570072087,0.7762464945717545,0.6853856637035646,0.8544710399040677,0.8372709596160582,0.7817435815174629,0.8270319763506243,0.6965465492433224,0.7996183986365475,0.8761873415093364,0.7476774372403663,0.7192055102175832,0.7554703372191746,0.585072242160305,0.7907813722003632,1.1157545884895292,0.5180665474777422,0.7481045611272754,0.7456867623088036,0.3698615120884088,0.7096281562900666,0.35880214388345755,0.8722249265698349,0.6816228905078823,0.33288993488535734,0.6886651580898823,0.6029105524417325,0.5687039610254453,0.4938751118111075,0.6024496224085212,0.7174463348314023,0.5871429521357917,0.6658687891055118,0.8361051592826617,0.8419598788549546,0.5649371547172058,0.5926875685775495,0.5794861445408174,0.2570451527678408,0.6506932031427441,0.199891969968247,0.22675473868790133,-0.12165051124364891,0.19854026426834345,0.05370744162383119,-0.10367147099262153,0.31627163331211255,-0.11746264136544221,0.17297257083551204,-0.1431583089996496,0.01120447712998017,0.21193626274584548
0.6657052000713198,1.9656019060158008,0.8680679072446469,0.9490053121574676,0.4074503511879998,0.7185525144963593,0.6963712676721457,0.6221787688415361,0.7575270059141458,0.6752400090144969,0.7311341270453894,0.662983111931943,0.6521490115003246,0.6836473248760621,0.7974244049212695,0.7672692678914059,0.7826771531716494,0.7623526580802362,0.574502569911341,0.7515578392809802,0.7377955039028393,0.6609048744718267,0.5555954473322823,0.6581385785887882,0.5411150790658456,0.7130701478223354,0.6780139696651016,0.6104470484364922,0.6437333505358577,0.7050013167698742,0.7724203817974106,0.8785609018301141,0.6075817861611191,0.5574711337045063,0.6398407438463504,0.6124326806447453,0.5883491202098863,0.6391029009132974,0.6000168985755211,0.6988285405999227,0.7518112768854918,0.7453482277959195,0.6434039175341357,0.6510463207592561,0.6760736438378872,0.37311510414512694,0.6665364661116636,0.4332510351587154,0.543472482099146,0.2636912330756715,-0.10562296346044367,-0.1515396724955561,0.08196224360883766,-0.019964240187158176,0.00940973726062967,-0.025955500944664242,0.04157237163573352,-0.06298678913850907,0.012679541945668121
0.4807501748443501,0.8680679072446469,3.223346634491192,0.3214962531051643,1.2689702123849722,0.7688879310862134,0.648937813222181,0.9553470752372555,0.7240834191874628,0.7420225632379355,0.9121843803734169,0.6738803958599271,0.7978763941258901,0.7796966298517916,0.8087723398051245,0.7602512385493492,0.6997921418175792,0.6268766055212013,0.6506951275040775,0.7616406313827427,0.7769910235395031,0.6887578538156206,0.4181022216758438,0.7599409462833426,0.6059348503982742,0.7509470098089001,0.6892387527263019,0.7241783073112265,0.7363214576668881,0.6894151828454436,0.8094299562589649,1.035465087709028,0.6701229531705127,0.6348632847102224,0.6996185798317288,0.7306222376061071,0.7385029703760775,0.7212357708793438,0.676650393536252,0.6941735794626255,0.9040620682131099,0.9286180457572881,0.732668391394754,0.6070255307270757,0.8014409487393981,0.5441783420018332,0.6550439061639678,0.5030122926091358,0.6271670561311459,0.5918401815625114,-0.04226641542940499,-0.16644832139249915,0.12290352168111507,-0.038913660453823294,0.13755367166632812,0.1659477412139479,-0.2861204607207289,0.056941267075964204,-0.21223770607157305
0.3877214878982362,0.9490053121574676,0.3214962531051643,2.6324594262217955,0.6659924333936782,0.7207574293737009,0.7222340548840015,0.588893191289392,0.6972485790076448,0.7009049992712114,0.7563356934427744,0.640252975096451,0.6238464080544766,0.6704438394189558,0.7873082278871251,0.6863606094724963,0.7490245664415863,0.5936722344652511,0.4486720868496411,0.6267375109315597,0.6560522570212245,0.5860696791588604,0.4177378307446856,0.6607170270719472,0.44183563079810845,0.6439334461698897,0.723583634624774,0.5556789331421815,0.6089115770729843,0.48255443213981764,0.7734161312281624,0.932906786109746,0.5620473459412774,0.551528199304773,0.7245101716179494,0.6062485716051761,0.6093745719029775,0.47154820944019077,0.5934438966558827,0.695425014826666,0.7319226474913318,0.758855230092146,0.6362407728289887,0.8448421514800556,0.7003711846309895,0.36406307307020197,0.8552607180946341,0.4037532216737946,0.5999533729362825,0.11500299312071409,-0.15272017685880715,-0.15113462865942584,0.20289461094518846,-0.2934924214009351,0.05229057029492882,-0.04368718572022011,0.034427280844733024,-0.09086578711661009,-0.16005856311005917
0.6593224502399839,0.4074503511879998,1.2689702123849722,0.6659924333936782,2.795525325628578,0.7532815384621766,0.5368724622914395,1.0688360639475256,0.7958984861547759,0.7923469708962527,0.862158143128175,0.6719427533223022,0.8439634603619998,0.8534150551431482,0.9219416469792998,0.8357982195558717,0.7976860626128257,0.6222423150022798,0.6390342739432618,0.7442169697492614,0.7092571424880163,0.7205856008638549,0.5105872900247258,0.7535436641160557,0.592352627543676,0.756037134884942,0.6519055391872,0.7306542860998952,0.710758677133906,0.5565910113326207,0.8592719776370361,1.0480767435103304,0.7078898601710705,0.6741112398687591,0.7752919775031977,0.7239431133327027,0.7616421811303916,0.728051047151864,0.6908155781282872,0.7066345862465796,0.9608623864054052,1.1167658123020041,0.7759997260850303,0.6712155015508614,0.8240493859696334,0.6099312786921534,0.7186094067191007,0.5504739077749585,0.6807183803158563,0.3352177380967856,0.0015172329017582502,-0.2628890866449795,0.14414843333538305,-0.07511977118278292,0.13862088290850316,0.19151924784812888,-0.2016799025925904,0.129681683208146,-0.2285811627794871
0.673385241860058,0.7185525144963593,0.7688879310862134,0.7207574293737009,0.7532815384621766,1.3038414324465704,0.6802617031382454,0.7213525893247812,0.7319746735815753,0.6921297182516206,0.7524949718783989,0.6237086029090019,0.7171033205733245,0.7226714141536096,0.7776483987648201,0.7411164292833539,0.7503041693144817,0.6496652167760845,0.6928148200432865,0.70424272329692,0.7163802972564293,0.6959497633725098,0.6451543901930696,0.7365775581936852,0.6103028337061314,0.7510728529935462,0.6410966691904603,0.6874267834381457,0.834091146213371,0.7415103021362315,0.9181018781498773,0.8738192976360415,0.7062369018295811,0.6697729571362627,0.7348146591142277,0.6651201319728482,0.6888245295176548,0.725521265356643,0.6502666345059511,0.7414509097344053,0.8520883540607743,0.8461680096562559,0.7542789094557564,0.6968273623604281,0.7191666698988448,0.39654236062666165,0.7136842506603729,0.44347136909019047,0.6106335807729909,0.10826004846738442,-0.059241675472466795,-0.07718922191961662,0.0656100312222513,-0.042476849444955056,0.1752836763060013,0.06598349686627043,-0.026811400043476902,-0.09538800614605084,-0.16072120536106277
0.8640267542090733,0.6963712676721457,0.648937813222181,0.7222340548840015,0.5368724622914395,0.6802617031382454,1.6303898319708603,0.7879894277241796,0.8346765872834296,0.7842377783115675,0.9772177480968408,0.8723146807435493,0.8296802061917217,0.9187071624244997,0.7822940214873733,0.8378480806682967,0.8625736528331599,0.7682734532177959,0.7263138828276299,0.7833138468793686,0.7172612343647384,0.7349272647011982,0.7415675908840117,0.6881365682024535,0.6561668376077308,0.7792799727737713,0.6356590052338169,0.7501033500537312,0.7963049298657853,0.7033449853663294,0.8676679267156129,1.0260552789414086,0.6951470833966599,0.7000254168422312,0.7588089650420965,0.6966863393029201,0.7226698648956826,0.7557384615327358,0.6954374357143415,0.7670445088012768,0.8973429457589591,1.0039356926304464,0.731182016958486,0.7645479897277708,0.781333452279761,0.38526667753755706,0.791288646004281,0.42935494966353943,0.5423749936610839,0.006720453561493663,-0.09153045348714642,-0.03465518173621924,0.06616741926310198,0.08426812508687892,-0.023765898248954757,0.015128226717603565,-0.054331876679288245,-0.19809608686645902,0.1498486057578105
0.8388469570072087,0.6221787688415361,0.9553470752372555,0.588893191289392,1.0688360639475256,0.7213525893247812,0.7879894277241796,1.2679994325139785,0.7543419311304974,0.7225956591887934,0.8505763353734461,0.7175221798963094,0.8558576591615862,0.8143840287863799,0.8391132338388577,0.8245242842388614,0.7622132490715248,0.664110474272997,0.6863285554364836,0.7983120237754605,0.7356931168002632,0.7239570220708855,0.6369133222421658,0.7668964920438642,0.6089127540671282,0.7743948846412786,0.5565205683498533,0.7225791142891282,0.6749102820896637,0.7803438697862098,0.8772846933653508,0.9253717634759352,0.6483632899825518,0.6433261081445467,0.6811173581304026,0.6634191273333845,0.6667451610960453,0.6980668276192122,0.6512708202147387,0.704838238525391,0.838290969630353,0.923351194655121,0.7086125949163816,0.6306463091814699,0.7286121121219893,0.48639443415196126,0.6580015415778224,0.4576420274319914,0.6232846232600485,0.15056646549246416,0.01676799150346733,-0.1700676367191374,-0.007848864528154427,-0.005274572647341133,0.039780035456425826,0.09747400264564021,-0.12086483846152565,0.026322138158155883,-0.09083161647512536
0.7762464945717545,0.7575270059141458,0.7240834191874628,0.6972485790076448,0.7958984861547759,0.7319746735815753,0.8346765872834296,0.7543419311304974,1.1868361467460369,0.7996825727695475,0.9601557371194036,0.7738537292411877,0.883455979292169,0.7447959477950293,0.8529633867127935,0.8351656873365844,0.8523129822508622,0.7379010726864778,0.6715938026830529,0.7294006349083907,0.7090750596042964,0.7097020401577561,0.6365440925187409,0.6696782291984058,0.6309241783453718,0.7449609931578464,0.60043851661684,0.766683208231518,0.7796597392106992,0.7547772092026471,0.8625011636687064,1.0560558643071862,0.6540114304673621,0.6878688619257026,0.7145266587108324,0.6929847986901994,0.6913308553127189,0.7409947595463128,0.6695659220272152,0.7568890653993221,0.8332122316594532,0.9793726696820058,0.7161219868431872,0.6842400762400799,0.7294675391334607,0.40204359387948746,0.6963051872158669,0.36678409788176414,0.5870702733350927,0.08249612086967491,-0.03591958159405674,-0.11961819137129984,0.07419572159947578,0.03796055773890841,-0.005888523224827026,0.08771440657650846,0.01993839262275322,-0.107214230764636,-0.06163582840680447
0.6853856637035646,0.6752400090144969,0.7420225632379355,0.7009049992712114,0.7923469708962527,0.6921297182516206,0.7842377783115675,0.7225956591887934,0.7996825727695475,0.9801148034984347,0.8309038440970898,0.7664495541734241,0.8180355733149721,0.7453709852638368,0.836422039152488,0.7855826674199987,0.7767605097156325,0.6826572547899452,0.6164720744518708,0.6939225981481019,0.6629875652143277,0.6590820835921447,0.5526951597904826,0.6967260365327395,0.5411039544378077,0.6960404397805112,0.5838945833504838,0.6944640052628115,0.7244394699948967,0.7311267265091029,0.8268152418483927,0.9623597809979847,0.6278198176902227,0.6124473447391491,0.6825164296510092,0.6223415988236973,0.6712313717175195,0.6771887141072535,0.6411455935205119,0.7049161265709486,0.8160824489998184,0.8854817355693155,0.6795975555304736,0.6488241582351806,0.6993870044550923,0.3837299599589954,0.6663969278508304,0.37322107890047945,0.55856673868266,0.17860841499763025,-0.0978057859570839,-0.058188644373012535,0.1087853056783604,-0.036994352964194455,0.01495582044969175,0.04617622615871706,-0.017468038036102213,-0.0936909921117997,-0.06374050162974437
0.8544710399040677,0.7311341270453894,0.9121843803734169,0.7563356934427744,0.862158143128175,0.7524949718783989,0.9772177480968408,0.8505763353734461,0.9601557371194036,0.8309038440970898,1.3851771476060508,0.8431627568902711,0.9325974637980836,0.8747119645323581,0.9057564506022323,0.8778894449457101,0.8935909484611482,0.7702944856866675,0.6981102623720491,0.8090244402964799,0.7295199698403978,0.730088961460208,0.6769510386194375,0.735016543023137,0.6135103560669538,0.7935511817236405,0.6387657138703516,0.7545324777486953,0.7822835240348947,0.7693457453105813,0.9265490693635856,1.0410542111712315,0.7239921782091617,0.6882086273305434,0.7454625911842798,0.7129427855557865,0.7231204907952979,0.7660968247810764,0.7132865685229921,0.7779375870506299,0.8748400223959589,1.0064190559656345,0.7510667564924348,0.7217218962571582,0.7906580231462438,0.39774550087781513,0.7397418918274938,0.39781148499931074,0.6091075260473647,0.01574842744801931,-0.021928055803060193,-0.07256460150472417,0.05219697490813693,-0.00978987839703802,0.08504644254688726,0.06486630937880049,-0.013896127046302815,-0.07314393524569827,-0.10502835507754407
0.8372709596160582,0.662983111931943,0.6738803958599271,0.640252975096451,0.6719427533223022,0.6237086029090019,0.8723146807435493,0.7175221798963094,0.7738537292411877,0.7664495541734241,0.8431627568902711,1.446421903713127,0.8332096528065239,0.742507402989175,0.8079648870841469,0.8226926389021182,0.8803845343838064,0.7271130333354452,0.6313731291188296,0.7480482602456762,0.6702549186504461,0.7321448619193652,0.69788761236394,0.5421849204525101,0.6768128386876622,0.7274198008318601,0.44683058404319603,0.7562257281188235,0.7640150465869788,0.7377694494848196,0.8215011472990595,0.8768014168972732,0.5818090331153823,0.6138621506243721,0.7002920587359323,0.6115964707122221,0.6032851880312778,0.6925525630363097,0.6322665504761483,0.7336150126625895,0.8321530178111504,0.9197155255915543,0.6634668514709096,0.6728711467236013,0.6946752923114791,0.40412574945093577,0.7141128731446825,0.37607187993413704,0.5052415760204043,0.020759401178135902,-0.08506334279107165,-0.028163033920154006,0.07412359726203573,0.04558036022767742,0.046181281582506624,0.00920224148533989,-0.12483975365881221,-0.17313699592343892,0.00980309248670172
0.7817435815174629,0.6521490115003246,0.7978763941258901,0.6238464080544766,0.8439634603619998,0.7171033205733245,0.8296802061917217,0.8558576591615862,0.883455979292169,0.8180355733149721,0.9325974637980836,0.8332096528065239,1.4188064789759447,0.7547094822886101,0.8769357412538376,0.8621184648215635,0.8826171535175498,0.6757366977607194,0.6499730767570397,0.7656827060761747,0.6805014749349313,0.7202751827832633,0.7238461240632691,0.6542108301516869,0.6626359181710559,0.7489343500922527,0.5973212854339264,0.7208765949888192,0.7275523132798847,0.7618180855823573,0.8961383145762519,0.9782712940172662,0.7047345898261854,0.662161062561785,0.7032237141737472,0.6538591866826098,0.6745792467820342,0.7308710237980208,0.6774994122813124,0.7462604735430005,0.8274029243163493,0.9696872250710304,0.7020229817361064,0.6821161170935051,0.7570362017734765,0.4032088362358647,0.6865735385643086,0.30965188572275715,0.5807196189462501,0.038159821883786645,-0.022561461855079044,-0.16781113618290605,0.02388209840051023,0.09247144917161303,0.05320111032434817,0.10860315102555694,0.14537995869230705,-0.10077937906018565,-0.20206062614492348
0.8270319763506243,0.6836473248760621,0.7796966298517916,0.6704438394189558,0.8534150551431482,0.7226714141536096,0.9187071624244997,0.8143840287863799,0.7447959477950293,0.7453709852638368,0.8747119645323581,0.742507402989175,0.7547094822886101,1.3398086916492082,0.7948765340701561,0.8448564854183072,0.85098810913623,0.7596576031464437,0.668813222081794,0.8055733788294831,0.7621122085530504,0.731667385021239,0.6698748062660513,0.7505579884694242,0.5343219407608135,0.777075184576287,0.7246027105821451,0.7322554234104703,0.8042088096971376,0.726738094488093,0.8916302256252436,0.9710470571074467,0.6404560543197463,0.653339970739476,0.6781042556097038,0.6769280594920448,0.65503657919954,0.6891871584307047,0.6675998824131143,0.6858892534915328,0.837237169488143,0.9619546667058414,0.7082773976394658,0.585535582301373,0.7039465487090303,0.40576377740440944,0.6130900753910028,0.41465315528865154,0.5063299917439912,0.05325208067212762,-0.0750456672691116,-0.04051130001183164,-0.05750551502598551,0.05034607488312621,0.02736970548084911,0.08419711538955942,-0.06605832591208063,-0.09415197494083163,-0.02054671683826563
0.6965465492433224,0.7974244049212695,0.8087723398051245,0.7873082278871251,0.9219416469792998,0.7776483987648201,0.7822940214873733,0.8391132338388577,0.8529633867127935,0.836422039152488,0.9057564506022323,0.8079648870841469,0.8769357412538376,0.7948765340701561,1.3412964616958494,1.0219591218767328,0.9554564215449401,0.8027878233775582,0.6873148451297821,0.7777676716934394,0.7345679249823719,0.7810634174976979,0.6039386967918768,0.7508949546806946,0.6821024717860144,0.7886501725089905,0.6547961614243474,0.7683347315567205,0.7816766581500646,0.8829363319772592,0.9275640304440136,1.0676054670848365,0.7094573101297766,0.6884476664668528,0.7687127433520679,0.7318947720734884,0.7368281063000709,0.7580734044382966,0.7218879389718059,0.8151388159082563,0.9068751532013066,0.9465885916124509,0.7730628404600013,0.7298189974671685,0.7874726731583197,0.45436096513780677,0.7465701557882942,0.44544027210058607,0.7304985968552901,0.2760209409803027,-0.0030105919535417863,-0.25910437620416554,0.05496536407360737,-0.15919328397730617,0.08622787184571568,0.009712970489460472,-0.007054622026907983,-0.15025941302886484,-0.07430968992154867
0.7996183986365475,0.7672692678914059,0.7602512385493492,0.6863606094724963,0.8357982195558717,0.7411164292833539,0.8378480806682967,0.8245242842388614,0.8351656873365844,0.7855826674199987,0.8778894449457101,0.8226926389021182,0.8621184648215635,0.8448564854183072,1.0219591218767328,1.205525080053094,0.927411115692572,0.7440093281041711,0.7005123313701679,0.8221605526176237,0.7373798438211431,0.7890654386171418,0.7051368919135146,0.72117845669638,0.6950218536120264,0.8446603376570208,0.6649673563075549,0.7901124983978642,0.8199208588687641,0.8595741279015046,0.9352979887329795,0.9968842730086955,0.669322461905971,0.6727709401882801,0.7251762079284885,0.6907473482542991,0.6807322404015973,0.737802953962592,0.7029682260760739,0.7821344015255943,0.8742548800915076,0.9760604929073559,0.7345528564253437,0.6714696704015478,0.7533703287881465,0.4172424295655373,0.6899214060855341,0.354524643712402,0.6303965479479249,0.11222243549617504,-0.07867431488024461,-0.14536433723845799,0.025665978907940618,0.07446391736075236,0.051226801716360335,0.0725519911037644,-0.0023830689098580794,-0.14602237323976192,-0.06882779800377753
0.8761873415093364,0.7826771531716494,0.6997921418175792,0.7490245664415863,0.7976860626128257,0.7503041693144817,0.8625736528331599,0.7622132490715248,0.8523129822508622,0.7767605097156325,0.8935909484611482,0.8803845343838064,0.8826171535175498,0.85098810913623,0.9554564215449401,0.927411115692572,1.3189815065704442,0.6933538048779703,0.675312462256296,0.8246999403748312,0.794878048144244,0.8667948583508075,0.8368593790605195,0.7095112349336621,0.7287195714325746,0.8162637429659054,0.6401353336365839,0.7268417569039508,0.7794378154614836,0.8599984423151414,0.9125753464230567,0.9661265381709998,0.711527331290671,0.684073614569615,0.7541552749218255,0.6823841545162551,0.6768266502333403,0.7498870080680727,0.6889421390487296,0.7818305439244392,0.9193019772563912,0.977760018869513,0.7355311759689694,0.6979310690876261,0.7643991161477929,0.4101682940195024,0.7113470207008645,0.374837677959463,0.604675015690203,0.13011302721360946,-0.04604134659942895,-0.14734466412639902,-0.003982066576259512,0.03147887063634038,0.05330649011020949,0.014101541132151903,0.050538985377692455,-0.22115424202711745,-0.03322699148268959
0.7476774372403663,0.7623526580802362,0.6268766055212013,0.5936722344652511,0.6222423150022798,0.6496652167760845,0.7682734532177959,0.664110474272997,0.7379010726864778,0.6826572547899452,0.7702944856866675,0.7271130333354452,0.6757366977607194,0.7596576031464437,0.8027878233775582,0.7440093281041711,0.6933538048779703,1.4386405504128073,0.6544631582161449,0.7376288967607825,0.7241602405031012,0.6782957086814851,0.7437817695897576,0.6995076331515259,0.5630460117260488,0.724097971108368,0.6131447782166987,0.6895192575386294,0.6342095624491159,0.7343932832170332,0.7451575783902588,0.8555296362080556,0.5705512779155838,0.5975236724078903,0.6406462620840859,0.5616958134868291,0.5881655710602649,0.6860520038407714,0.6003822914088055,0.6321293212609862,0.7433940912002428,0.880069946106313,0.6362170616625201,0.6180294928430282,0.6256105778219754,0.32246034448559324,0.6377689050944902,0.34527227834781526,0.43222783510371027,0.10789904358633468,-0.09768806562930174,-0.09630335011714042,0.052115312416049435,0.01773260587525249,0.10948168758423983,-0.019311474836363397,-0.08584086851263127,-0.14879099223496187,0.09842023647169082
0.7192055102175832,0.574502569911341,0.6506951275040775,0.4486720868496411,0.6390342739432618,0.6928148200432865,0.7263138828276299,0.6863285554364836,0.6715938026830529,0.6164720744518708,0.6981102623720491,0.6313731291188296,0.6499730767570397,0.668813222081794,0.6873148451297821,0.7005123313701679,0.675312462256296,0.6544631582161449,1.4740517890864,0.7618240017665178,0.6817291330435593,0.880660196439841,0.7941243830382416,0.8778280171710469,0.8495912684070862,0.7700827113738313,0.6946044646790988,0.9172546583991238,0.7870730409205617,0.8429131338839979,0.9002380278607954,1.0375952687920857,0.5898925587241631,0.6910328609855065,0.6855762705624628,0.6473074456318004,0.7436727911536699,0.7598720035328989,0.6107033853550025,0.7408742664932126,0.8166515782352569,0.7869063294976864,0.7067133437301525,0.6152198515660386,0.6806041303604489,0.40711486357456966,0.6351518292149975,0.4424605151039297,0.5820272711220786,0.06477028070291826,-0.0697093832151655,0.06982197168395093,0.0822546003999464,-0.040286864997443106,-0.03480135672504133,0.11492523658921205,0.17839538106511266,-0.11922458268241824,-0.09872744108282505
0.7554703372191746,0.7515578392809802,0.7616406313827427,0.6267375109315597,0.7442169697492614,0.70424272329692,0.7833138468793686,0.7983120237754605,0.7294006349083907,0.6939225981481019,0.8090244402964799,0.7480482602456762,0.7656827060761747,0.8055733788294831,0.7777676716934394,0.8221605526176237,0.8246999403748312,0.7376288967607825,0.7618240017665178,1.4492063850788137,0.8743922550050304,0.9015316757730387,0.9620336857532025,0.7864289188187634,0.6350537861058826,1.1276256748195126,0.4832521490735297,0.729459147512456,0.8005707032025223,1.0480386261410828,1.045286281632544,0.9617030804808726,0.7661172677233206,0.7132347979633727,0.6952116955548339,0.7189588234583791,0.7064870337821294,0.8394305015494632,0.7173951165717681,0.8099511704797834,0.858988412289645,0.8500823127872418,0.7894826166300697,0.6824162780157912,0.7525823515129414,0.3424577772424867,0.6945096450155137,0.3205614763458535,0.7270997710729376,0.1398817339985447,-0.05895021500296082,-0.17050310406293845,-0.017978118434030667,-0.0007656120968731987,0.011252657849257148,0.05519307306131219,-0.012143635556984021,-0.05587639344591683,-0.12432580501135114
0.585072242160305,0.7377955039028393,0.7769910235395031,0.6560522570212245,0.7092571424880163,0.7163802972564293,0.7172612343647384,0.7356931168002632,0.7090750596042964,0.6629875652143277,0.7295199698403978,0.6702549186504461,0.6805014749349313,0.7621122085530504,0.7345679249823719,0.7373798438211431,0.794878048144244,0.7241602405031012,0.6817291330435593,0.8743922550050304,1.4688163719208989,0.8254247523829159,0.8989120564283933,0.7675388095868987,0.7923934543761707,0.8978261902910557,0.5833582604265296,0.7054725038490797,0.7679507381789528,0.8010264019769076,0.7902131585483618,0.9739287268088395,0.6222053877108923,0.5970371289909561,0.6527480506185099,0.6615506403390904,0.6339148026434225,0.7288931197185599,0.6120475720314279,0.6902997817095,0.8102408106827972,0.7989177582276954,0.7002127600005844,0.589174797506386,0.7273137543241016,0.42888305365152835,0.6119122153186637,0.39730361690962157,0.7004180905087506,0.19761808102323233,-0.12177158745849335,-0.029188979028679046,-0.0011774584663129973,-0.05017048172713023,0.16902348565310307,0.019037081802048782,-0.08871786049960048,-0.0960814501951631,-0.06788399362560348
0.7907813722003632,0.6609048744718267,0.6887578538156206,0.5860696791588604,0.7205856008638549,0.6959497633725098,0.7349272647011982,0.7239570220708855,0.7097020401577561,0.6590820835921447,0.730088961460208,0.7321448619193652,0.7202751827832633,0.731667385021239,0.7810634174976979,0.7890654386171418,0.8667948583508075,0.6782957086814851,0.880660196439841,0.9015316757730387,0.8254247523829159,1.21098920035952,0.9833044654329526,0.7212251442934307,0.9390151013060654,0.8606434942579565,0.5583540277944418,0.7620814293168375,0.8036235580856692,0.9228623985364678,0.889550454952202,1.0092894777968298,0.6694168204197557,0.7116296132199409,0.7285175289536299,0.6906169140862987,0.7059657992622456,0.7469430217218752,0.6445406915243491,0.7710351699743548,0.875418954649004,0.8565788336708019,0.7409510853045769,0.6749287652455803,0.7386640272527202,0.3988674766512398,0.6834472636284515,0.3577363432705262,0.6378386031286774,0.17210715938533774,-0.0652555779358959,-0.10673509903367447,0.03567446605148356,-0.039167960160079236,0.004141730188935309,0.07166898408460985,0.04098892347629576,-0.10584952508280392,-0.06606841148640762
1.1157545884895292,0.5555954473322823,0.4181022216758438,0.4177378307446856,0.5105872900247258,0.6451543901930696,0.7415675908840117,0.6369133222421658,0.6365440925187409,0.5526951597904826,0.6769510386194375,0.69788761236394,0.7238461240632691,0.6698748062660513,0.6039386967918768,0.7051368919135146,0.8368593790605195,0.7437817695897576,0.7941243830382416,0.9620336857532025,0.8989120564283933,0.9833044654329526,2.834432149543723,0.4371022285098618,0.929104349049473,0.7959126757663967,0.3491897550503884,0.7649109469539589,0.8435495067104208,1.029436702896383,0.6701684129268152,0.5337053106244964,0.5873745633432389,0.5948107599209584,0.5351581862923271,0.5247540651600754,0.45631333199276664,0.6880787885329174,0.5066594692637126,0.6540386894530108,0.5527181624282507,0.6799070847350376,0.6199587344875523,0.5860810749463967,0.49490438473486786,0.21466887597741208,0.6054326359228049,0.11896289009942333,0.4320014171968024,-0.12888371840192248,0.09733947354104872,-0.2796360943130633,-0.1504321086524803,-0.014019310025695945,-0.13795148282572275,0.13947188255515686,0.14931509757387043,-0.02848190945841997,-0.07409143780619057
0.5180665474777422,0.6581385785887882,0.7599409462833426,0.6607170270719472,0.7535436641160557,0.7365775581936852,0.6881365682024535,0.7668964920438642,0.6696782291984058,0.6967260365327395,0.735016543023137,0.5421849204525101,0.6542108301516869,0.7505579884694242,0.7508949546806946,0.72117845669638,0.7095112349336621,0.6995076331515259,0.8778280171710469,0.7864289188187634,0.7675388095868987,0.7212251442934307,0.4371022285098618,1.7156359064219457,0.39116325416841846,0.7884898337575484,0.7347853446206212,0.8720236090367458,0.49540422340981305,0.9529805250464746,0.9300041732455036,1.1014536798841594,0.5716180170879915,0.6570797132593879,0.7036228423197262,0.668129822839108,0.7532315807099231,0.7523224682182079,0.6612476699963379,0.7042617395768385,0.8632060938122552,0.8945005755260588,0.699784505163401,0.6353247469147418,0.744911983273423,0.41998219575240037,0.6863571780231439,0.41053266505193786,0.6878413151447644,0.23263106921474097,-0.20663761728908212,-0.007991210055374216,0.07578007730184427,-0.08673266178257617,0.03147845533888311,0.04004502996051809,0.046959612274660924,-0.06595944381851981,-0.08678671709319732
0.7481045611272754,0.5411150790658456,0.6059348503982742,0.44183563079810845,0.592352627543676,0.6103028337061314,0.6561668376077308,0.6089127540671282,0.6309241783453718,0.5411039544378077,0.6135103560669538,0.6768128386876622,0.6626359181710559,0.5343219407608135,0.6821024717860144,0.6950218536120264,0.7287195714325746,0.5630460117260488,0.8495912684070862,0.6350537861058826,0.7923934543761707,0.9390151013060654,0.929104349049473,0.39116325416841846,1.7519368155606843,0.7020871061622026,0.5003214454306081,0.6952897325450491,0.7930210565418294,0.7379277776707202,0.5434259876610747,0.8643185858852704,0.6084542604678376,0.6472155239977366,0.7095379874837542,0.6297199394256718,0.5964912966481246,0.6736241437125219,0.5365414292678625,0.6993663328602049,0.8742400397356064,0.7549122070509399,0.6488088978626543,0.6015454541410507,0.7041452414284921,0.41926118027345005,0.598339339206744,0.4562282626098415,0.38223697717766253,0.07347498979298307,0.02078913834284672,-0.06034240746977781,0.0170144731240854,0.012157858783066945,0.033329506746713075,0.05653607339046117,-0.012678980359686707,-0.10202335535860267,0.009656194865505095
0.7456867623088036,0.7130701478223354,0.7509470098089001,0.6439334461698897,0.756037134884942,0.7510728529935462,0.7792799727737713,0.7743948846412786,0.7449609931578464,0.6960404397805112,0.7935511817236405,0.7274198008318601,0.7489343500922527,0.777075184576287,0.7886501725089905,0.8446603376570208,0.8162637429659054,0.724097971108368,0.7700827113738313,1.1276256748195126,0.8978261902910557,0.8606434942579565,0.7959126757663967,0.7884898337575484,0.7020871061622026,1.41515055401628,0.4793405017157493,0.7333362670229365,0.8411220893619568,0.9624803452379505,1.0644826088431691,1.049149912776601,0.7811441637289265,0.7498267136223269,0.7576122478768482,0.7887560135630967,0.7495852736190777,0.8461354661009413,0.7503578813067767,0.8427108469532256,0.9552503660010838,0.8813205870526211,0.8332224199361131,0.6884027847203497,0.8066515412050501,0.3914559198843556,0.705451246864024,0.3877566181283869,0.8540711848351182,0.09956180205142859,-0.060073198583154026,-0.1057681627854434,-0.046196638292438016,0.02411245525705587,0.00859230574780835,0.07587583057558242,0.0010984350649239846,-0.0969879281310174,-0.12912153853159103
0.3698615120884088,0.6780139696651016,0.6892387527263019,0.723583634624774,0.6519055391872,0.6410966691904603,0.6356590052338169,0.5565205683498533,0.60043851661684,0.5838945833504838,0.6387657138703516,0.44683058404319603,0.5973212854339264,0.7246027105821451,0.6547961614243474,0.6649673563075549,0.6401353336365839,0.6131447782166987,0.6946044646790988,0.4832521490735297,0.5833582604265296,0.5583540277944418,0.3491897550503884,0.7347853446206212,0.5003214454306081,0.4793405017157493,3.82105496060872,0.6185441627309566,1.0786947394356274,0.6186853220924086,1.16791371002147,1.0649628688121673,0.7329848077016644,0.47117088683813335,0.5224770574521774,0.6075090623525523,0.5994756637194064,0.5664877933869439,0.7774893090849027,0.6983945511972344,0.7634875189642778,1.0180766676802875,0.6463206333885964,0.5706162779364298,0.6585621901294452,0.4876001267126203,0.6205285546996953,0.7550894845959617,0.4684009472475416,-0.0033072195178423885,-0.08355948419960628,0.05271743643900985,0.09681401588426677,0.11266391883007709,0.07600328613958128,0.08918635827433075,0.2913583121284307,-0.17500948896738328,-0.3445654970952961
0.7096281562900666,0.6104470484364922,0.7241783073112265,0.5556789331421815,0.7306542860998952,0.6874267834381457,0.7501033500537312,0.7225791142891282,0.766683208231518,0.6944640052628115,0.7545324777486953,0.7562257281188235,0.7208765949888192,0.7322554234104703,0.7683347315567205,0.7901124983978642,0.7268417569039508,0.6895192575386294,0.9172546583991238,0.729459147512456,0.7054725038490797,0.7620814293168375,0.7649109469539589,0.8720236090367458,0.6952897325450491,0.7333362670229365,0.6185441627309566,1.6864813669980343,0.8505294115111393,1.1918835456986843,0.7663706526459104,1.0307511480867515,0.3168264566902804,0.6605264543976012,0.7228554369353323,0.6489602999701114,0.6660505352751285,0.7555564337421378,0.6189535007856226,0.7756354778901411,0.9356880005078192,0.9071400767932989,0.6912208764915592,0.6355544137221829,0.7504871292149091,0.4922442708967894,0.6542542401849892,0.4307704958429578,0.5885115247484236,0.1240173950396043,-0.08401593325772114,-0.061539268804554674,0.06700049402876157,0.01949370066663471,-0.012574640650297873,0.058501479887749314,0.06970825441009175,-0.0927569359954346,-0.13033177994621906
0.35880214388345755,0.6437333505358577,0.7363214576668881,0.6089115770729843,0.710758677133906,0.834091146213371,0.7963049298657853,0.6749102820896637,0.7796597392106992,0.7244394699948967,0.7822835240348947,0.7640150465869788,0.7275523132798847,0.8042088096971376,0.7816766581500646,0.8199208588687641,0.7794378154614836,0.6342095624491159,0.7870730409205617,0.8005707032025223,0.7679507381789528,0.8036235580856692,0.8435495067104208,0.49540422340981305,0.7930210565418294,0.8411220893619568,1.0786947394356274,0.8505294115111393,3.1780469888890766,0.9005472409236959,1.238733057121892,1.5830788336782737,0.74073111991187,0.8167953625541068,0.7753371096608082,1.02597452542231,0.8822341238431659,0.8837146898078657,0.7463801842300088,0.9701567910627865,0.8583686538775486,1.0122618531865728,1.0057593148599584,0.6792898488592102,0.6896396246595776,0.4320648873182196,0.7286548076659475,0.5905050066076141,0.8827911070744229,0.14607269205468923,-0.12963558965528546,-0.06026781487514597,0.027040980493131028,0.05873997478360761,0.19637447640458622,-0.059282518229281225,-0.10606900937508855,-0.057276134717947576,-0.20576552430095346
0.8722249265698349,0.7050013167698742,0.6894151828454436,0.48255443213981764,0.5565910113326207,0.7415103021362315,0.7033449853663294,0.7803438697862098,0.7547772092026471,0.7311267265091029,0.7693457453105813,0.7377694494848196,0.7618180855823573,0.726738094488093,0.8829363319772592,0.8595741279015046,0.8599984423151414,0.7343932832170332,0.8429131338839979,1.0480386261410828,0.8010264019769076,0.9228623985364678,1.029436702896383,0.9529805250464746,0.7379277776707202,0.9624803452379505,0.6186853220924086,1.1918835456986843,0.9005472409236959,6.626073016372098,1.0028020418498633,0.8525462066340611,0.9239041767469048,0.7500145428833666,0.4717834697783473,0.5472054138270649,0.6711228153128401,1.1275060085372417,0.9437019400885616,1.575092691657746,0.6162689657617004,1.0106687370357523,0.909584767592865,0.7103337466988899,0.7334437024810596,0.2219049917498929,0.6073635432609563,-0.25034993927322247,0.31016218137509804,0.4059077284211084,0.030199598801953054,-0.3462580429422861,-0.3987516005919343,0.2468115075550412,0.10820644486700436,-0.26844267395636023,-0.020787960665048455,0.1615855744693024,-0.15001018106279304
0.6816228905078823,0.7724203817974106,0.8094299562589649,0.7734161312281624,0.8592719776370361,0.9181018781498773,0.8676679267156129,0.8772846933653508,0.8625011636687064,0.8268152418483927,0.9265490693635856,0.8215011472990595,0.8961383145762519,0.8916302256252436,0.9275640304440136,0.9352979887329795,0.9125753464230567,0.7451575783902588,0.9002380278607954,1.045286281632544,0.7902131585483618,0.889550454952202,0.6701684129268152,0.9300041732455036,0.5434259876610747,1.0644826088431691,1.16791371002147,0.7663706526459104,1.238733057121892,1.0028020418498633,2.995551297645669,1.4013517478555877,1.1028952852990033,0.8611769997855924,0.8375854578139305,0.8539147979268568,0.9190097376689788,0.9790354986608955,1.061755367096624,0.9836599147728028,0.8473740265968351,1.0398559606176618,1.002855725904926,0.7977881449614393,0.7944541831289996,0.3056263722948089,0.8273735382024384,0.13167094884453517,1.2151392089272885,0.06778365319368118,-0.1610032494205437,-0.0777510968768731,0.11639194228806211,-0.06848074101022188,0.39650775302396907,0.11414407364387576,0.23921150665371094,-0.35345929265081966,-0.4229352168962695
0.33288993488535734,0.8785609018301141,1.035465087709028,0.932906786109746,1.0480767435103304,0.8738192976360415,1.0260552789414086,0.9253717634759352,1.0560558643071862,0.9623597809979847,1.0410542111712315,0.8768014168972732,0.9782712940172662,0.9710470571074467,1.0676054670848365,0.9968842730086955,0.9661265381709998,0.8555296362080556,1.0375952687920857,0.9617030804808726,0.9739287268088395,1.0092894777968298,0.5337053106244964,1.1014536798841594,0.8643185858852704,1.049149912776601,1.0649628688121673,1.0307511480867515,1.5830788336782737,0.8525462066340611,1.4013517478555877,3.568701343812039,0.6969183605924466,0.9814744919929748,0.9000919355443456,1.44117071463324,1.3408261676435154,1.0430777002804326,0.9892754495578271,1.1315078591892427,1.0353497938911782,1.3298271472953087,1.2499740654348814,0.9292210737694991,0.9696311986879432,0.6947353932068201,1.0039511606065576,0.7818176380428911,1.5070106667739125,0.44270205635953364,-0.21886432492847982,-0.023213195946592758,0.23682272197082224,-0.29957996246811736,0.3425305023363277,0.006175688348685082,-0.11729961297678776,-0.20552619889830917,-0.2813854349686906
0.6886651580898823,0.6075817861611191,0.6701229531705127,0.5620473459412774,0.7078898601710705,0.7062369018295811,0.6951470833966599,0.6483632899825518,0.6540114304673621,0.6278198176902227,0.7239921782091617,0.5818090331153823,0.7047345898261854,0.6404560543197463,0.7094573101297766,0.669322461905971,0.711527331290671,0.5705512779155838,0.5898925587241631,0.7661172677233206,0.6222053877108923,0.6694168204197557,0.5873745633432389,0.5716180170879915,0.6084542604678376,0.7811441637289265,0.7329848077016644,0.3168264566902804,0.74073111991187,0.9239041767469048,1.1028952852990033,0.6969183605924466,2.499451461933887,0.6296309298034756,0.7832799220804703,0.8307971452976554,0.7158718460687565,1.0282319157890933,0.8709651098875149,0.8601315380761138,0.9298025165311959,0.8522508942713595,0.8257172560901483,0.6780557404080764,0.9894505112737265,0.22503029991300247,0.7065552941494438,0.02602378949725025,0.6102246899764993,0.0963885188396846,-0.00814034143995923,-0.1085403272530457,0.004053765533451126,0.0004165551334463359,0.19293335816430912,0.13304054121288786,0.2134765742904532,-0.2008867200233036,-0.22192459554368063
0.6029105524417325,0.5574711337045063,0.6348632847102224,0.551528199304773,0.6741112398687591,0.6697729571362627,0.7000254168422312,0.6433261081445467,0.6878688619257026,0.6124473447391491,0.6882086273305434,0.6138621506243721,0.662161062561785,0.653339970739476,0.6884476664668528,0.6727709401882801,0.684073614569615,0.5975236724078903,0.6910328609855065,0.7132347979633727,0.5970371289909561,0.7116296132199409,0.5948107599209584,0.6570797132593879,0.6472155239977366,0.7498267136223269,0.47117088683813335,0.6605264543976012,0.8167953625541068,0.7500145428833666,0.8611769997855924,0.9814744919929748,0.6296309298034756,1.3306200425075578,0.8774803904351679,0.7313953871230882,0.9752685403143689,0.8175288945985486,0.6700346348389438,0.7782219157383552,0.9562025561118654,0.9712483574989055,0.8247626312263592,0.6955408121966236,0.638083120313163,0.32089193168136154,0.7083852417502519,0.48621347227967293,0.5804754767160645,0.13815137735246863,-0.0864461946692359,-0.11825839428773623,-0.12369343390566552,0.05570541853440843,0.04713844051167956,0.08401677187617483,0.014564211938693908,-0.12560018004727724,-0.10879062577224817
0.5687039610254453,0.6398407438463504,0.6996185798317288,0.7245101716179494,0.7752919775031977,0.7348146591142277,0.7588089650420965,0.6811173581304026,0.7145266587108324,0.6825164296510092,0.7454625911842798,0.7002920587359323,0.7032237141737472,0.6781042556097038,0.7687127433520679,0.7251762079284885,0.7541552749218255,0.6406462620840859,0.6855762705624628,0.6952116955548339,0.6527480506185099,0.7285175289536299,0.5351581862923271,0.7036228423197262,0.7095379874837542,0.7576122478768482,0.5224770574521774,0.7228554369353323,0.7753371096608082,0.4717834697783473,0.8375854578139305,0.9000919355443456,0.7832799220804703,0.8774803904351679,1.5693154129501423,0.6664222916982842,0.6531672511653356,0.8205564097944354,0.6391669554968278,0.7773165122454935,1.4689426640609935,0.9136342986799416,0.7919000296304723,0.8436038047444786,0.9495679581617693,0.43392205673400785,0.8512318404339102,0.6023968158382134,0.5682434372489924,0.05953717731722964,-0.10959403014717381,-0.0802850968655177,0.18017909481138922,-0.12197071599149839,-0.013432956715231257,0.08713076842384151,0.07415841125375587,-0.16281756383127638,-0.12021724927686414
