1.0319965339809685,0.00018873975928587094,-0.00024239450551470166,0.00025415908484568945,-0.00021125174035386169,0.0002456725720970022,-4.9271400500033416e-5,7.263642856391007e-5,-7.117272590566464e-5,-0.00011426810309346071,0.00012624714176926477,-0.00014569944036689177,0.00010028684830329003,-0.00014000839886943458,9.712895723518361e-5,-0.00011131599965566578,8.334822463621591e-5,-3.540997660208665e-5,4.2770432468521374e-5,1.59287464882869e-5,1.3335382591612288e-5,1.2348754497467334e-5,1.7008429879379134e-5,1.2523369199215893e-5,1.0247970834815568e-5,3.870700536368293e-6,-1.6485699002526854e-6,4.6744958067282827e-7,9.255945842338667e-6,2.7640063622780916e-6,2.8880233255274342e-6,-1.6126217579329419e-6,-2.456489456131824e-6,-3.3695045100431734e-6,-3.6412905330537096e-6,-3.1965972465736154e-6,-2.4191158737987243e-6,-9.943397922570183e-7,1.043194040429928e-6,2.277149735955614e-6,2.088894309443919e-6,-4.201854567519223e-6,-1.9885757928268636e-5,-1.7366467162896237e-5,-1.0946859591085899e-5,-8.750056897906128e-6,-6.705783015023079e-6,-6.1291685434319254e-6,-4.98964375104884e-6,-3.303429462875919e-5,-3.6270226107076764e-5,-4.4426894697370035e-5,-4.0138101327826623e-5,-9.450906920648244e-5,-5.789220722246964e-5,-7.307058636126941e-5,-8.246746844460848e-5,-7.371868824607739e-5,-7.2407461595973e-5
0.00018873975928587094,1.0318377899169326,0.00037727103628806526,-0.00040134180290389923,0.00033856303694668454,-0.00035903417323027495,0.0002015429110559172,-0.00019789432617857666,4.582226056881322e-5,8.430973446162324e-5,-0.00012387380515560965,0.00016100467212862122,-0.00010682005214398742,0.00015519349969928795,-8.224313263250656e-5,0.00012777429199593165,-6.286132715215147e-5,8.286641631562682e-5,-2.521622064261158e-5,1.7208587090418644e-5,2.5131150700092437e-5,2.6074770624408363e-5,1.6632676449307023e-5,1.7377817952568446e-5,4.613848347058554e-6,1.3545291402993866e-5,1.3953132946068107e-5,1.2387381198099364e-5,-2.849492978882287e-6,-3.7737010109581345e-6,-9.580588224822858e-6,-9.830838420195586e-6,-1.1735288081107184e-5,-1.1036245657810079e-5,-9.954874566182388e-6,-9.483058359919077e-6,-7.446961787370716e-6,-4.2334449540270705e-6,-2.1234768810919924e-6,-2.3033129903232358e-6,-1.0178299920052706e-6,6.279473103774376e-6,1.6622633056918882e-5,4.939637985747626e-6,-1.1439796009457146e-5,-2.0987683259238132e-5,-2.419218003808756e-5,-2.3587967798322893e-5,-2.14750090178057e-5,6.353997297146638e-5,6.660171036744616e-5,7.5310795039059e-5,7.997583263084623e-5,0.0001541473351661409,7.673956237001122e-5,0.00011908472930256964,0.00011955189217298203,0.00010551952202150509,9.845525016823486e-5
-0.00024239450551470166,0.00037727103628806526,1.0316194151976295,0.0005251666945172247,-0.00047025003647252066,0.000540699547570756,0.00015874770846608378,8.755437977268942e-5,-0.0005983019900688256,-0.00013240204721738053,0.00014111541697422526,-0.00011495092054418889,0.00012953861595628625,-9.217712102848339e-5,0.00011996829142537275,-8.817153587407829e-5,7.584418812946947e-5,-6.786018682700881e-5,4.046505794074424e-5,-1.474587758497913e-5,-3.061938182723305e-5,-3.233381098207278e-5,-1.9933729744809817e-5,-2.568946856711337e-5,-1.2881596393028923e-5,-2.0650326630213904e-5,-2.1792547341936132e-5,-1.9297854128863694e-5,-2.129367095094484e-6,1.8463180331702148e-6,1.1887797755623662e-5,1.2360219513846206e-5,1.4897946220014522e-5,1.4826579897502674e-5,1.2745702863675087e-5,1.2479052546745574e-5,9.195051318323535e-6,9.89122793920217e-6,1.0156873115080106e-5,9.3191990186508e-6,2.4079717654974743e-6,-1.69431780187714e-5,-4.728758123798967e-5,-1.5993296460283782e-5,1.4133436404796049e-5,2.8030008523943132e-5,3.367405557781022e-5,3.0928318025928535e-5,2.7445004158594952e-5,-9.436293814156126e-5,-0.00010715302706151278,-0.00012193184247382076,-0.00013959124099341741,-0.00020193643264828677,-0.000100714029607263,-0.000173567032733178,-0.00015775279106339647,-0.00013042041557794368,-0.00011761938673443182
0.00025415908484568945,-0.00040134180290389923,0.0005251666945172247,1.0315211928507435,0.0004432997488081236,-0.0004508979915645382,0.0011643380270523883,-0.000617213106274825,-0.0006776493834800087,-5.414828669984542e-5,0.00010864611355302945,6.961597030112794e-5,4.3199173924480094e-5,0.00019935214878058383,8.316153141670659e-5,7.918464150072451e-5,-7.409571204355459e-5,-4.1117211524754926e-5,-0.00016445053090970608,-0.00014053162359248337,-0.00015086504147263088,-0.00016602309190413277,-0.00016743306836224946,-0.00015738500482577697,-0.00013257910330733894,-0.00011673341643694905,-0.00010929998434810495,-9.395080540082415e-5,-9.437239593409514e-5,-5.0588641433511724e-5,-1.2221495668085278e-5,1.822091306333177e-5,4.476913849708512e-5,4.808563125202068e-5,5.562897310331983e-5,4.893653267197781e-5,4.901360051906961e-5,4.5683227442881284e-5,4.4012808397040414e-5,4.279220643626513e-5,4.6487481221264704e-5,7.357496711565435e-5,0.00019692402381346207,0.00016718940509640677,0.00013075739584155906,0.00012033920211402468,0.00010433163037694266,9.27023817987436e-5,7.631635864491111e-5,3.674811414667434e-5,8.088967692768778e-7,-8.309367828318608e-6,-9.252006022445517e-7,0.00016734958756702313,9.752004187795491e-5,0.00018468507520066733,0.00017114982669549372,0.00014289946919132792,0.0001285980731752099
-0.00021125174035386169,0.00033856303694668454,-0.00047025003647252066,0.0004432997488081236,1.0315714181224358,0.00021837803144263222,-2.6959079938663864e-5,0.000767188067483534,-0.0005783250128159943,0.0006102170955390586,-0.0007320580315830653,-0.0006884742874752373,-0.0001926290599182653,0.000258880864686298,0.000413019216037436,4.6402083435900455e-5,-5.468421637422173e-5,-0.0004231863614249714,-0.0003647873403073331,-0.0005063069628272763,-0.0006218454814362317,-0.0006615892947018127,-0.0005932569957851718,-0.0005715977833237782,-0.0004238797492667142,-0.00040048633756576335,-0.0003664392079186319,-0.0003264745368665555,-0.0002753544238052281,-0.0001229691622968537,2.3540643798584923e-5,0.00011911212848451736,0.0002051898186346328,0.00021778881238189413,0.00022821068784998705,0.00020739838193068426,0.0001869558822820085,0.00017023427530476887,0.00015398285542872006,0.00014176860905108776,0.00012094384649739303,0.0001460637237431171,0.0005420769684799246,0.0005002131668545801,0.0004850304411713826,0.0004989553616234528,0.0004668111101076689,0.00042104921487680515,0.0003564208170378962,-0.0001992232628948287,-0.0002807961961091161,-0.0003177545941018216,-0.0003559477851456641,-0.000292361281794474,-9.909723142604082e-5,-0.00015379313377817877,-0.00013253553704999042,-0.00010510262768476408,-0.00010085054909129631
0.0002456725720970022,-0.00035903417323027495,0.000540699547570756,-0.0004508979915645382,0.00021837803144263222,1.0285709348608156,-0.012313985066249668,0.005025898297803303,0.011663503095485668,0.004575204294868803,-0.0037701677938163152,-0.0030632937936430956,-0.0011372106909373501,-0.0003028600585969273,0.0009675589405693783,-0.00029130544368424446,-0.00034293684649235615,-0.0011774223078053286,-0.001290102283435757,-0.0018058122978585442,-0.0022894365801147706,-0.002342336038091515,-0.0021624948974230873,-0.002074765421529451,-0.0015706530369946734,-0.001513608229518824,-0.0013697136025022686,-0.0012371870119227226,-0.001048552323379218,-0.0005303942281870295,-3.4087335660092336e-6,0.00034220237322388664,0.0006606937204474563,0.0007034441990633542,0.0007619870959890992,0.0006980673490837548,0.000655758869227951,0.0006237414215088318,0.0005913877411235468,0.0005830901943737903,0.0005841489769921025,0.0008552786516273754,0.002748113346220963,0.002182796985906285,0.001907979487244905,0.0018124276368819089,0.001641123662731529,0.0014607597532038112,0.0012286698384368782,-8.100609790938958e-5,-0.0001796935699024196,-0.00020263450721895869,-0.00013775636249295433,-0.0003412504422247888,0.00012997179810024306,0.00029552464338162713,0.0002704802972422602,0.0002286561832808219,0.00017174553359578843
-4.9271400500033416e-5,0.0002015429110559172,0.00015874770846608378,0.0011643380270523883,-2.6959079938663864e-5,-0.012313985066249668,0.9463556758736414,0.01413586270886729,0.0428405153599063,0.029791724678980946,-0.004744145484631515,0.01610599077518708,-0.0006750159298909188,-0.0032311107056631474,-0.0050767345173296525,-0.0032303773160932124,-0.0048477713870546234,-0.004675119766276073,-0.0020961309807345668,-0.0055232989326547645,-0.006644160398927624,-0.007006380468795702,-0.005615622069675119,-0.005577341562667113,-0.004030407863317708,-0.003181570263055759,-0.003077751875072111,-0.002536721729778336,-0.0022689513573642835,-0.0008793171131281893,0.000390291891351931,0.0010576257924122285,0.0020132897988336665,0.0018632792719743439,0.0022326560065335723,0.0018253036656414045,0.0018720157980468685,0.0015280880785520459,0.0014565412340813678,0.0010203233641589472,0.0005790466641887653,0.0009779838109580652,0.012064276205973919,0.008924002121319902,0.006649028391619274,0.005365821905746546,0.0044629538295985986,0.003858026487332566,0.003207379530967286,0.0007287583910540471,0.0009137151614753222,0.0011161079787137067,0.0015302465901430218,-0.001337823693928595,0.0005334489943295907,0.0006702421220046025,0.00021840076988179742,0.00015283393569469756,8.579978029487188e-5
7.263642856391007e-5,-0.00019789432617857666,8.755437977268942e-5,-0.000617213106274825,0.000767188067483534,0.005025898297803303,0.01413586270886729,0.9573425003396624,-0.03784550095446406,-0.026261891449533732,0.06396434368483941,0.04324531052597234,0.03354017884926275,-0.01112191022450898,-0.003099175487903335,-0.0117114681500999,0.000787600368904919,-0.0026710869193577306,0.0020471187256330286,0.0034577048011389354,0.005362324230950103,0.006019493884054502,0.003920644695471669,0.003994559155106138,0.0016180485032000111,0.00023542515543120994,-0.0005290582838372486,-0.0004324002163864127,-8.731138851864494e-5,-0.0010778177337044772,-0.0015178008576258238,-0.001579125363427378,-0.0020388119232121415,-0.0015292001638934542,-0.0018159039881668242,-0.0011950788111826643,-0.001192970051742788,-0.00011357336356757674,0.00031890884626677374,0.0012548829292810914,0.0021897255526697732,0.003966193615563104,0.00632028535634337,-0.0008342853640919349,-0.0024770677721473885,-0.00325662715816639,-0.003372434271680599,-0.0030645400380507,-0.002657473965807519,0.0008493424050222036,0.00040486672625434956,-6.568836647441594e-5,-0.00017319777882595492,0.00039710447949725376,0.0011028075065234576,0.0018330922596789276,0.0007512094170212901,0.0004148674112927538,0.0006177915610862463
-7.117272590566464e-5,4.582226056881322e-5,-0.0005983019900688256,-0.0006776493834800087,-0.0005783250128159943,0.011663503095485668,0.0428405153599063,-0.03784550095446406,0.8717572917941965,-0.008172496201533921,0.038933294427990935,0.10333340032493027,0.014727137304520103,0.009972241196011138,-0.019785043823668504,0.002836072226015137,-0.009138995212625374,0.0035558417204144665,0.00220789483665733,0.0009362952516135186,0.0002766962912445588,0.0007486282773179393,0.0030494369895295945,0.0024304042825827915,0.0032599576299894304,0.004748711590259432,0.005188797495693437,0.004426838203020461,0.0032382121216810522,0.002573414511601975,0.001450172940101182,0.00029900009695729495,-0.00012769831821449963,-0.0007996076098118506,-0.0005767429942975567,-0.0010206657016985823,-0.0007779214340107931,-0.001423998951710022,-0.0015439329450402262,-0.002620844645966878,-0.003933381890623919,-0.005834648649329787,-0.0003665564393823497,0.0013357219153292584,0.0004134060786448135,-0.0010086702402708192,-0.00137847905548618,-0.0014278009491451632,-0.001207743822981024,-0.0009552821226669582,-0.002379609052480225,-0.0028898785856790736,-0.0037446800201775296,0.0011173893940797013,0.0014280840529148939,0.0012153683248242696,0.00032328293529367604,0.0002483657700912147,0.00016923632998976494
-0.00011426810309346071,8.430973446162324e-5,-0.00013240204721738053,-5.414828669984542e-5,0.0006102170955390586,0.004575204294868803,0.029791724678980946,-0.026261891449533732,-0.008172496201533921,0.9735475706067368,0.03029056587724357,-0.02245520219118415,0.06017893721777355,-0.004210213238654828,0.007980557316060437,-0.015031567526702634,0.008046615372608793,-0.003784564531935689,0.005941801527775929,0.004922141282636932,0.007530796715491718,0.008132447799161403,0.004838379484274099,0.00513387082419139,0.0021273186107934414,0.0005499588350964706,-0.00102376084946967,-0.00028684739758475913,0.0008227657487132306,-0.0005004463169025006,-0.001002842646516169,-0.0015342245024149883,-0.002055076937461588,-0.0018182996390856561,-0.0020195920726688854,-0.0015108377933691214,-0.0013934905820942177,-0.000652224358712359,-0.0001796839521509937,0.0007414687943939271,0.0017420643722173804,0.0022206453451163017,-0.00277331121720313,-0.004822192322668301,-0.004537457599053185,-0.004405655164183294,-0.004124780039803907,-0.0035612629975724404,-0.003000637667019188,-0.00023040786559168344,-0.00034161827992372284,-0.0003932683759091346,-0.00012250294326558985,0.0022765982295193284,0.0005361088974755351,0.0011770762303285021,0.000392454634789848,0.0002067442058918531,0.0004900198829658266
0.00012624714176926477,-0.00012387380515560965,0.00014111541697422526,0.00010864611355302945,-0.0007320580315830653,-0.0037701677938163152,-0.004744145484631515,0.06396434368483941,0.038933294427990935,0.03029056587724357,0.8552551051538195,-0.07282667636741762,0.033414290202677895,0.08524090880159042,-0.02789018080521916,0.02254707902710606,-0.006118199515418817,0.010601281708690435,2.225210132175012e-5,0.0019883372668941524,0.001282533622730754,0.001120191315311213,0.0034936421223728483,0.003109411086575642,0.004120057730772824,0.005244736449191899,0.006421817523829581,0.00491245334574848,0.002941082527679248,0.002179056338135903,0.0006371227445557099,4.795396693355991e-5,-0.0006238737994711119,-0.0009214758693654405,-0.0009815257235239714,-0.0011469116178316053,-0.0011068840110702585,-0.0016367090489433907,-0.002071233027747157,-0.0027389629605194207,-0.0033950452124164787,-0.003450459974175985,0.001676599205874843,0.0006829133425858191,-0.0009730722779856888,-0.0020594709682798203,-0.002328652947897214,-0.002147913851975318,-0.0018110762163540703,0.001170147237154108,0.0018070303399798388,0.002436464923299794,0.0034996793776624867,0.0064305651629862305,-0.0007549917283944231,-0.0012370268726526823,-0.0006287816463882925,-0.00027271806499297636,-0.000801577437022504
-0.00014569944036689177,0.00016100467212862122,-0.00011495092054418889,6.961597030112794e-5,-0.0006884742874752373,-0.0030632937936430956,0.01610599077518708,0.04324531052597234,0.10333340032493027,-0.02245520219118415,-0.07282667636741762,0.8731889575522944,0.03967130973178173,-0.0011803376936846807,0.03501187520789221,-0.012054344548907928,0.023597341536477648,0.0026879729175296047,0.010823350834322011,0.006203490926078901,0.005890006403638056,0.006648665956686643,0.003980088179748161,0.004565466136423191,0.0030231056124021107,0.0017900242947984785,0.0007374380003700311,0.001364585080085597,0.0026219844799050917,0.0014280402975382395,0.0006197102464051932,-0.0005314488974200541,-0.0010960486018380476,-0.0012825120484529881,-0.0012452263754749037,-0.0011402949612830994,-0.0009145436847336468,-0.0014044836472048487,-0.0014895130074469875,-0.0012295138011935926,-0.0006511871046068183,-0.0011706894086078847,-0.007831783954982054,-0.004384665184992238,-0.00313308162227826,-0.002919544837659235,-0.0027551704945818845,-0.002259597100514989,-0.0018184286558626198,0.0006562239021258943,0.0011674055302961755,0.0013961640785611455,0.0021255543152166817,0.0027560798517492864,-0.0014760686711631807,-0.00166004397181994,-0.0008185269511101972,-0.00046252057022420727,-0.00024995666389587585
0.00010028684830329003,-0.00010682005214398742,0.00012953861595628625,4.3199173924480094e-5,-0.0001926290599182653,-0.0011372106909373501,-0.0006750159298909188,0.03354017884926275,0.014727137304520103,0.06017893721777355,0.033414290202677895,0.03967130973178173,0.8056525092031079,-0.03876527597156587,0.027018843079194048,0.0590948495594154,-0.014474586104061188,0.007079512715071708,-0.002542441088261718,0.001063899528535588,0.002203663149379242,0.0018678403494838487,0.0034166943420146953,0.0033889522777657234,0.004187994759603904,0.004972260404852104,0.005865628282788178,0.004420954378075155,0.002820496401737577,0.0019389810802844887,0.0004636006444028632,0.00024475118535126664,-0.0003944957862743106,-0.0006484277810676028,-0.0009227030801215267,-0.0009969711758475287,-0.0011665120510091361,-0.0016505262271657708,-0.002239655991624248,-0.0026926013323724713,-0.003263108207107756,-0.003231373860859659,0.0017966434405910726,0.00037677557071415815,-0.001116903687867485,-0.0018575857005860958,-0.0020574146144613017,-0.0017501566526331987,-0.0014112512552148298,-7.928591490723795e-5,-5.705120764839445e-6,-0.0003015257017546577,-0.0020644599809960264,-0.0087656556916826,-0.0007147206432351084,-0.0017146170570769771,-0.000662563906975359,-0.0003582207086600966,-0.0005941340655364347
-0.00014000839886943458,0.00015519349969928795,-9.217712102848339e-5,0.00019935214878058383,0.000258880864686298,-0.0003028600585969273,-0.0032311107056631474,-0.01112191022450898,0.009972241196011138,-0.004210213238654828,0.08524090880159042,-0.0011803376936846807,-0.03876527597156587,0.9265209150480458,0.06540707749176308,-0.010716133213121584,0.016561518469169128,-0.01018301371360866,0.004088692377750199,0.0024045572691993675,0.0015466931969665577,0.0026896070991468154,0.00177522468901181,0.002444542535262571,0.0021127234916304793,0.0010031928106089198,0.000624523952231323,0.0010581246524359125,0.0019928128076058507,0.0014373671971263833,0.0008246742217215144,-0.00018551300304477154,-0.0006360758570297414,-0.0007344623976842399,-0.000556276045582879,-0.0004839317258587921,-0.00022005496284125347,-0.0009700185448488091,-0.0012446030938691593,-0.0011480482988121211,-0.0004568872960146795,4.057932243692066e-5,-0.001065760459816319,-0.0007520933826162219,-0.0008235075765844173,-0.0011795837337138797,-0.0013534044077288796,-0.0010323136045268257,-0.0007874722165813058,4.6149181983631196e-5,-0.00010659765341233621,-0.0003845433426173306,-0.0007879872172217849,-0.004047654028912563,0.0001235738190399538,-3.41873067792955e-5,0.00011125498633337214,0.0002793737114179885,2.0756142100325016e-5
9.712895723518361e-5,-8.224313263250656e-5,0.00011996829142537275,8.316153141670659e-5,0.000413019216037436,0.0009675589405693783,-0.0050767345173296525,-0.003099175487903335,-0.019785043823668504,0.007980557316060437,-0.02789018080521916,0.03501187520789221,0.027018843079194048,0.06540707749176308,0.9474527557543804,0.0007325419873345101,-0.016679337437566708,0.012823758060706267,-0.0016954964121563257,-0.001661563761001256,-0.0003363897865159434,-0.0003693092679520446,0.000576134180973711,0.0006985923840744254,0.0019526986469108184,0.0028879869890880774,0.0036829104158906025,0.002571828879331067,0.0017102497486488014,0.001307288241736454,0.0006406119408749703,0.0008131098625892584,0.0007171112907091005,0.00035013091568549323,0.00016793552557728685,-0.00010423461848338387,-0.00035370462150890287,-0.0010058800160525658,-0.0016272785895370672,-0.002184515771717764,-0.0030614933123950167,-0.003905945930652259,-0.00042871621114280126,0.0019723016996282343,0.0013089853574139486,0.0007396748621182546,0.00041354120878844835,0.0004759384374068589,0.000488604029348932,-6.842968056385995e-5,0.00036525340934480204,0.0006318953352431575,0.0005484664077939566,0.0015232853525264042,-4.5181237398751665e-5,0.0001896907766924775,0.0004718637170994834,0.00020238993187713636,-9.534616701118469e-7
-0.00011131599965566578,0.00012777429199593165,-8.817153587407829e-5,7.918464150072451e-5,4.6402083435900455e-5,-0.00029130544368424446,-0.0032303773160932124,-0.0117114681500999,0.002836072226015137,-0.015031567526702634,0.02254707902710606,-0.012054344548907928,0.0590948495594154,-0.010716133213121584,0.0007325419873345101,0.974426664847477,0.02662763693328976,-0.008029025014181852,-0.0002618059002305127,-4.772792905633467e-5,-0.0007260887577799806,-0.0006809885767525308,-0.0007907035988801603,-0.00018288747641415806,-3.918124007893862e-5,-0.001197204790091706,-0.0012669169006222095,-0.0008170382912616466,-0.0002475026912083971,0.00016938464130378594,0.0002473086612851078,0.00013618154555203926,-5.0874947105103065e-5,0.00023511851265941924,0.00025029963540309315,0.00048322017034580845,0.0005055193933149425,0.00018908148986022792,-0.00011299376726240358,0.0001333104488856323,0.0008912802659023314,0.0023736909659613048,0.0049443090039214925,0.0008772524737252584,0.00020718345226693367,0.0002627448841137321,0.0001518424663833793,0.0003536333380015572,0.0003603798360334159,-0.00035929675825478144,-0.00029212852615466075,-0.0004646638189505581,-0.00037071818440688806,0.00015383163282674099,0.00019153267413785349,-0.00011683681131635494,-8.5647254411069e-5,0.00014632266418172283,-1.7078930365145e-5
8.334822463621591e-5,-6.286132715215147e-5,7.584418812946947e-5,-7.409571204355459e-5,-5.468421637422173e-5,-0.00034293684649235615,-0.0048477713870546234,0.000787600368904919,-0.009138995212625374,0.008046615372608793,-0.006118199515418817,0.023597341536477648,-0.014474586104061188,0.016561518469169128,-0.016679337437566708,0.02662763693328976,1.004323983759504,0.0017791686473877875,-0.005956197161858702,-0.004344443422416578,-0.0027079330442074966,-0.003778530874437519,-0.0024447931700427887,-0.002998912427460231,-0.0010746287626578253,-0.00031146798812249854,0.0008392791227374758,-2.036730610409629e-5,-0.0004661055892441389,-6.745864983498203e-5,0.0001174436836979081,0.0009035878793943134,0.001247995977187932,0.001179343462145129,0.0011122222389311769,0.0009064091298335897,0.0006915321832718117,0.00019633809263977468,-0.0003825904102866515,-0.0009311480715423912,-0.001975484202329726,-0.0028653973268971257,0.0010746257250258968,0.005592034061222722,0.004465710146609827,0.0033864737478270447,0.0026514288101495147,0.0022852702420339765,0.001907067241447894,-0.0005556427209255423,-0.0007996789643224228,-0.0006389831297972507,-0.0003983475717336683,1.212966556650227e-5,-9.022067796144821e-5,-8.739961906673754e-5,1.2945707777341487e-5,-0.0001145274212618844,2.7943266228290396e-5
-3.540997660208665e-5,8.286641631562682e-5,-6.786018682700881e-5,-4.1117211524754926e-5,-0.0004231863614249714,-0.0011774223078053286,-0.004675119766276073,-0.0026710869193577306,0.0035558417204144665,-0.003784564531935689,0.010601281708690435,0.0026879729175296047,0.007079512715071708,-0.01018301371360866,0.012823758060706267,-0.008029025014181852,0.0017791686473877875,1.004014467061704,0.0005275754008620976,-0.006213496243550895,-0.0037824661166510377,-0.006753327066177737,-0.002730655502745593,-0.004430664728434387,-0.001932156390128123,-0.004054766256647557,-0.002996001083528421,-0.0035574047831909146,-0.0020180255145729434,-0.0009864223034299591,-0.00016262238962449073,0.000825088057638905,0.00094620653761251,0.0015475514390541642,0.0011408175312152687,0.0015762142012570206,0.0009550350042666258,0.0011359498730992537,0.0006734891138475016,0.0009432651680419705,0.0011920504977344106,0.0028125963935546816,0.014320237947546072,0.008284384499648889,0.005367218671752295,0.0041157880012681865,0.0033177232922329608,0.002929321896459172,0.0024673177966923524,-0.0008904928750211212,-0.0010915821863462767,-0.0011853846475448548,-0.0010299724981036613,-0.0008920049002883359,0.00040345645624408207,0.0012251597868804926,0.000595261156648657,0.0003911562974635583,0.00023035234843118285
4.2770432468521374e-5,-2.521622064261158e-5,4.046505794074424e-5,-0.00016445053090970608,-0.0003647873403073331,-0.001290102283435757,-0.0020961309807345668,0.0020471187256330286,0.00220789483665733,0.005941801527775929,2.225210132175012e-5,0.010823350834322011,-0.002542441088261718,0.004088692377750199,-0.0016954964121563257,-0.0002618059002305127,-0.005956197161858702,0.0005275754008620976,1.0173880435472091,-0.00545948170037923,-0.004640889868667453,-0.005392702180051981,-0.005643206207236401,-0.005103394665756298,-0.003863213701723325,-0.0034374597080439003,-0.002571639713939367,-0.002592903555984216,-0.0032677283155617,-0.0018956967782402124,-0.0010162272613647722,0.0005580550855872069,0.001176662947936623,0.0016998619544009608,0.0016714689588973835,0.0017672128850503355,0.0015674255058111754,0.001539698874787349,0.0011666084794958818,0.0013542145582508798,0.001550168614115702,0.002877271011565224,0.004365330294536736,0.0037531963965787775,0.0033407832604136797,0.003736759951186783,0.003552601223078347,0.003309527759385844,0.0028111556343145823,-0.001131131629189064,-0.001400311450861841,-0.0014492766390386345,-0.00131206742023666,-0.0008856147008313116,-0.00014220613510471298,-0.0011707684257070774,-0.0004886167873362154,-0.00026268895701315824,-0.00018842557931509122
1.59287464882869e-5,1.7208587090418644e-5,-1.474587758497913e-5,-0.00014053162359248337,-0.0005063069628272763,-0.0018058122978585442,-0.0055232989326547645,0.0034577048011389354,0.0009362952516135186,0.004922141282636932,0.0019883372668941524,0.006203490926078901,0.001063899528535588,0.0024045572691993675,-0.001661563761001256,-4.772792905633467e-5,-0.004344443422416578,-0.006213496243550895,-0.00545948170037923,1.0250692597057658,-0.007122532307727836,-0.008143258918525183,-0.006360121134048887,-0.0071735299160413,-0.004904309931169166,-0.005050359127171185,-0.004111440545336055,-0.004165496802311155,-0.0033108106556039843,-0.00187331099789956,-0.0002273626051453522,0.0010232011074822872,0.001932516779584692,0.0021295581133169194,0.0021500634440329213,0.0020738222379133105,0.0017915252023953622,0.0019068991192803606,0.0018411224686341846,0.0018012811327313152,0.0014815330624470865,0.0013372587164035478,0.004347894598247471,0.0061544439458161345,0.00595726097727026,0.005652295995204738,0.005216320480291021,0.004591358949802031,0.0038709351920573625,-0.0010080072326331636,-0.0012513566294028123,-0.0012737328327112967,-0.0012465788402993602,-0.0009861860073298598,-5.549037694766018e-5,-8.09198622125073e-5,1.4544918323533375e-5,-3.1014973660618194e-5,4.214865362785656e-5
1.3335382591612288e-5,2.5131150700092437e-5,-3.061938182723305e-5,-0.00015086504147263088,-0.0006218454814362317,-0.0022894365801147706,-0.006644160398927624,0.005362324230950103,0.0002766962912445588,0.007530796715491718,0.001282533622730754,0.005890006403638056,0.002203663149379242,0.0015466931969665577,-0.0003363897865159434,-0.0007260887577799806,-0.0027079330442074966,-0.0037824661166510377,-0.004640889868667453,-0.007122532307727836,1.0215019896942303,-0.01068191410682625,-0.009131898588927182,-0.009595605235491378,-0.006252919832331803,-0.006370327278532483,-0.004705446320365264,-0.005129827882069371,-0.0036212690222011067,-0.0018314049802077373,0.0006034635065825255,0.0018230320695449213,0.002981185870738752,0.0030766802018972784,0.0030315111962161178,0.002839233508112339,0.002293845344269847,0.0024266145345191175,0.002480446255948566,0.002373164086746235,0.001780676704498097,0.00045205036175182203,-0.0028095215602750544,0.0030982032833976243,0.006080544170749471,0.007256266561580792,0.007529977076946241,0.0067463054886399195,0.005816521258691588,-0.001050684450135895,-0.0012875829291919452,-0.0013367813851955955,-0.0013027810486956422,-0.0010196463602787965,-0.00017374745037342394,-8.474724500464197e-5,-5.750895342331126e-5,-0.0001037074133863514,3.0149338908530717e-5
1.2348754497467334e-5,2.6074770624408363e-5,-3.233381098207278e-5,-0.00016602309190413277,-0.0006615892947018127,-0.002342336038091515,-0.007006380468795702,0.006019493884054502,0.0007486282773179393,0.008132447799161403,0.001120191315311213,0.006648665956686643,0.0018678403494838487,0.0026896070991468154,-0.0003693092679520446,-0.0006809885767525308,-0.003778530874437519,-0.006753327066177737,-0.005392702180051981,-0.008143258918525183,-0.01068191410682625,1.0198716326437005,-0.009761902435831783,-0.01083099628904823,-0.006978795663952005,-0.007135016970326205,-0.005213306730804839,-0.005755343760997818,-0.0041135007195514306,-0.002148475418932367,0.0004285573515148081,0.0018282944157253108,0.0029623182118130456,0.0031901294468774065,0.003051555685147841,0.0029393538844957774,0.0023094893853740387,0.0025843302527883377,0.002771335798818052,0.0027674753946817583,0.0022851050825519253,0.001196071806185156,0.000504798551448381,0.0048918760044880435,0.00690730250780624,0.0077335708691583715,0.007885482648595699,0.007012019059956494,0.006019437572808549,-0.0011137494137158823,-0.001379553395128659,-0.001448712725043176,-0.0014219794765970046,-0.001151556871852176,-0.00022765593554770802,-0.00023231192822361778,-0.00011491455047716086,-0.00012280936760749643,4.423306650672603e-5
1.7008429879379134e-5,1.6632676449307023e-5,-1.9933729744809817e-5,-0.00016743306836224946,-0.0005932569957851718,-0.0021624948974230873,-0.005615622069675119,0.003920644695471669,0.0030494369895295945,0.004838379484274099,0.0034936421223728483,0.003980088179748161,0.0034166943420146953,0.00177522468901181,0.000576134180973711,-0.0007907035988801603,-0.0024447931700427887,-0.002730655502745593,-0.005643206207236401,-0.006360121134048887,-0.009131898588927182,-0.009761902435831783,1.0216808464120481,-0.009548009891862122,-0.008054493452694244,-0.00688074416556711,-0.0066356862232946606,-0.0055911670407787495,-0.004799329648012323,-0.0023480402113870186,0.0001167985935556156,0.0013772654937064808,0.002720652750113321,0.0028136203048990697,0.0030488281802695237,0.002679433366061828,0.002420523640972327,0.002576450870813913,0.003218000491786253,0.0034858688659974595,0.003984105272314552,0.003894967141502333,0.002258641998816331,0.001042622826380426,0.00340456530206466,0.0056171864896912525,0.0064096585836529675,0.006001826798591624,0.005235125466968101,-0.0011147603695740931,-0.0013906926654034233,-0.0014577368941315221,-0.0014341439075732266,-0.0012138627688502834,-0.00028396135268562517,-0.00013870700762126946,-0.00016989924813955244,-0.00016798363228857365,5.1053151738551866e-5
1.2523369199215893e-5,1.7377817952568446e-5,-2.568946856711337e-5,-0.00015738500482577697,-0.0005715977833237782,-0.002074765421529451,-0.005577341562667113,0.003994559155106138,0.0024304042825827915,0.00513387082419139,0.003109411086575642,0.004565466136423191,0.0033889522777657234,0.002444542535262571,0.0006985923840744254,-0.00018288747641415806,-0.002998912427460231,-0.004430664728434387,-0.005103394665756298,-0.0071735299160413,-0.009595605235491378,-0.01083099628904823,-0.009548009891862122,1.0214151267175215,-0.007967951473111726,-0.007813364732715669,-0.0062244464526253745,-0.006448074137354979,-0.004708643973898162,-0.0027564707966131067,6.380310793158972e-5,0.0013062905484928096,0.00253803031888085,0.002737461502646294,0.002625842782963765,0.002575787872716432,0.0019810967271574986,0.0026086554783095756,0.0034141540857999205,0.0038772654417054396,0.004095941442424454,0.0031607044781385278,0.00039727445786653156,0.0037713729446264563,0.005716199867185074,0.006669426320173241,0.00701536526477322,0.006282226766543981,0.00539973708885271,-0.0009687100292074915,-0.001200778671402681,-0.0012575943661574983,-0.001214686848530475,-0.000997497316365338,-0.0003561499287227434,-0.0003157616117949202,-0.00010175209305252707,-0.00010234609857257725,0.00015338251152368905
1.0247970834815568e-5,4.613848347058554e-6,-1.2881596393028923e-5,-0.00013257910330733894,-0.0004238797492667142,-0.0015706530369946734,-0.004030407863317708,0.0016180485032000111,0.0032599576299894304,0.0021273186107934414,0.004120057730772824,0.0030231056124021107,0.004187994759603904,0.0021127234916304793,0.0019526986469108184,-3.918124007893862e-5,-0.0010746287626578253,-0.001932156390128123,-0.003863213701723325,-0.004904309931169166,-0.006252919832331803,-0.006978795663952005,-0.008054493452694244,-0.007967951473111726,1.0236970517984156,-0.007129478880204672,-0.007758076385835236,-0.006170879846376316,-0.0054658815782674605,-0.0032998182715958876,-0.0008551093879624325,0.00013830129083136863,0.0015553943414413822,0.0015222947478928342,0.001888071704643462,0.0016400583369212192,0.0016530088720602412,0.0024415636396669096,0.003964139266039907,0.004906743120741059,0.006404456821239767,0.007119243806739602,0.00534974786754595,0.0012744378152668618,0.001751362433949121,0.003193595008530714,0.0038077845533627543,0.003577098697354878,0.003061447517542881,-0.0007545884311744901,-0.0009552257307618578,-0.0009977851371355388,-0.0009604391519558433,-0.0009076689829922017,-0.00036225496389542756,-0.00013091464903252148,-5.1127254084755386e-5,-7.531031403914786e-5,0.0001924734406723096
3.870700536368293e-6,1.3545291402993866e-5,-2.0650326630213904e-5,-0.00011673341643694905,-0.00040048633756576335,-0.001513608229518824,-0.003181570263055759,0.00023542515543120994,0.004748711590259432,0.0005499588350964706,0.005244736449191899,0.0017900242947984785,0.004972260404852104,0.0010031928106089198,0.0028879869890880774,-0.001197204790091706,-0.00031146798812249854,-0.004054766256647557,-0.0034374597080439003,-0.005050359127171185,-0.006370327278532483,-0.007135016970326205,-0.00688074416556711,-0.007813364732715669,-0.007129478880204672,1.0246161570605414,-0.0068187942374904175,-0.0065078175671242095,-0.005020252259028662,-0.0034697011707869574,-0.0011328968303186673,0.00011345705403957132,0.0009544969757707105,0.0016254437947116735,0.001406666117782319,0.001724793843017315,0.0013340501121750442,0.002460849303512521,0.003557374276031841,0.004622184930260472,0.005777506924874302,0.00660461624388135,0.005452411111937646,0.002956900390562166,0.0030232080582757465,0.003559580185457557,0.003807585642324087,0.003461146317059847,0.0029390957466110365,-0.0007222259084319876,-0.0008907931975641197,-0.0009673231036084393,-0.0009377048321986134,-0.0008647979552283025,-0.0003201004555356427,-0.00017208141250031291,-1.4093521690757985e-5,-4.85985665459952e-5,0.00019192285530478313
-1.6485699002526854e-6,1.3953132946068107e-5,-2.1792547341936132e-5,-0.00010929998434810495,-0.0003664392079186319,-0.0013697136025022686,-0.003077751875072111,-0.0005290582838372486,0.005188797495693437,-0.00102376084946967,0.006421817523829581,0.0007374380003700311,0.005865628282788178,0.000624523952231323,0.0036829104158906025,-0.0012669169006222095,0.0008392791227374758,-0.002996001083528421,-0.002571639713939367,-0.004111440545336055,-0.004705446320365264,-0.005213306730804839,-0.0066356862232946606,-0.0062244464526253745,-0.007758076385835236,-0.0068187942374904175,1.0236736293401674,-0.006299193293074918,-0.005835290127485509,-0.0038141031112033956,-0.0016242318907735381,-0.0005201484085936639,0.0008835255728521213,0.0009069228309496752,0.001412433584404478,0.0013211680248380211,0.0016834703203790274,0.002801110730440683,0.004305945524871256,0.005292678941558771,0.00674642774983716,0.007930182845987866,0.006578952121697269,0.001123131597689434,0.0010661559979422564,0.002271070792060628,0.002665570250563453,0.0024301236388376505,0.001978290254074696,-0.0006581848160448363,-0.0008404335469672477,-0.0009011607350467726,-0.000876909717054626,-0.000861904930095708,-0.0003071509266590891,3.988002832959363e-5,-3.547948476805393e-5,-0.00013792534052946902,0.00011546337788271573
4.6744958067282827e-7,1.2387381198099364e-5,-1.9297854128863694e-5,-9.395080540082415e-5,-0.0003264745368665555,-0.0012371870119227226,-0.002536721729778336,-0.0004324002163864127,0.004426838203020461,-0.00028684739758475913,0.00491245334574848,0.001364585080085597,0.004420954378075155,0.0010581246524359125,0.002571828879331067,-0.0008170382912616466,-2.036730610409629e-5,-0.0035574047831909146,-0.002592903555984216,-0.004165496802311155,-0.005129827882069371,-0.005755343760997818,-0.0055911670407787495,-0.006448074137354979,-0.006170879846376316,-0.0065078175671242095,-0.006299193293074918,1.0260773438833743,-0.004783139868211695,-0.0035581346622832223,-0.0013832449495582745,-0.00039771906988647176,0.0005882544646668074,0.0009702820014190769,0.0009596142611063034,0.0013262827551445008,0.0011505078485720649,0.0024532613107405457,0.003580567571840467,0.004593265586852043,0.005562429202020602,0.006024469496111518,0.003958549866161026,0.0027669255851265253,0.002984813753912856,0.0032757081376079233,0.0033487288080482824,0.0028670680487374663,0.002336969173584824,-0.0005753713724496154,-0.0007076332139611134,-0.0007721873764349354,-0.000742569893330959,-0.0007326500650685338,-0.0002962189614074702,-0.00016128053437023987,-1.134648438997579e-5,-8.137699038131858e-5,0.0001397685457221695
9.255945842338667e-6,-2.849492978882287e-6,-2.129367095094484e-6,-9.437239593409514e-5,-0.0002753544238052281,-0.001048552323379218,-0.0022689513573642835,-8.731138851864494e-5,0.0032382121216810522,0.0008227657487132306,0.002941082527679248,0.0026219844799050917,0.002820496401737577,0.0019928128076058507,0.0017102497486488014,-0.0002475026912083971,-0.0004661055892441389,-0.0020180255145729434,-0.0032677283155617,-0.0033108106556039843,-0.0036212690222011067,-0.0041135007195514306,-0.004799329648012323,-0.004708643973898162,-0.0054658815782674605,-0.005020252259028662,-0.005835290127485509,-0.004783139868211695,1.027316454098377,-0.003282935662884647,-0.0017376987824927778,-0.0007951049433694903,0.00022809278304227932,0.0005005898817898479,0.0009002420119408328,0.001137811799777437,0.001392212999458884,0.0024434897391956145,0.0033294405649874157,0.004083165317159033,0.004939066844919175,0.005625400255902822,0.004119598897550186,0.0015356006778164803,0.00184411394473633,0.0024969651961989944,0.002589284498934406,0.0021351620337654257,0.0016436906967176223,-0.0005258435793644098,-0.0006582639609202868,-0.0006981453784481351,-0.0006557274109579993,-0.0006614036876908435,-0.000277803364668075,-0.00018680202179682516,-0.00010646524316893673,-0.00018763362274685195,8.59667005399458e-6
2.7640063622780916e-6,-3.7737010109581345e-6,1.8463180331702148e-6,-5.0588641433511724e-5,-0.0001229691622968537,-0.0005303942281870295,-0.0008793171131281893,-0.0010778177337044772,0.002573414511601975,-0.0005004463169025006,0.002179056338135903,0.0014280402975382395,0.0019389810802844887,0.0014373671971263833,0.001307288241736454,0.00016938464130378594,-6.745864983498203e-5,-0.0009864223034299591,-0.0018956967782402124,-0.00187331099789956,-0.0018314049802077373,-0.002148475418932367,-0.0023480402113870186,-0.0027564707966131067,-0.0032998182715958876,-0.0034697011707869574,-0.0038141031112033956,-0.0035581346622832223,-0.003282935662884647,1.0291831377504077,-0.0018244299309498316,-0.0013112402460293934,-0.000543580543256571,-0.0001709021568896239,0.00019891096629660236,0.0005406468319974013,0.0007770542342068691,0.001708048557372066,0.002353303167761086,0.0030561773719278923,0.003789775101010312,0.004732210875507117,0.0038028055193521466,0.0024033880838301314,0.0016748340855217622,0.0012837481242274262,0.0010189914957560457,0.0006545941595347074,0.00036960732732599925,-0.00027872555194539435,-0.00035287186160692637,-0.0003788761826877259,-0.00035953753152697515,-0.0004121811405620569,-0.00019995339216635018,-0.00023540494030575252,-8.959143365026175e-5,-0.00014272802881295152,-5.593755936921824e-6
