2.7424211841925206,0.9654389414029141,0.7980876662821836,0.4547217993654533,0.7263924900259112,0.5725223025852166,0.706962393890932,0.6597822919498336,0.5084884061295398,0.5917806432842047,0.6579996034751502,0.6139597270607612,0.4236160461052044,0.6299538756794398,0.5975528846527448,0.564295192848675,0.5624507299335603,0.5813529138957336,0.6111521981727407,0.48613366280173304,0.6428656330240137,0.5261126598321759,0.21012508560188367,0.24486670528920096,0.6394627594602217,0.3620801931359504,0.6625702468709356,0.40903184414570964,0.5964696446265391,0.27680964712802414,0.6592492057745506,0.44517877011552276,0.2758843834122138,-0.461484675087611,0.49513056068334144,0.6654830794359945,0.8025520545563662,0.8629172865579933,0.6099596160256885,0.4034609267939627,0.592244231912664,0.548535080096496,0.5845247379433015,0.10220397899490152,0.6957327712486752,0.7133640741961166,0.3964142892533206,-0.3421565192647381,0.3817205632397564,0.29095778837536906,-0.15291077873672607,0.08821157820334519,0.013696344985342406,-0.04980968100747695,0.3383454621117087,-0.25133399516666755,0.27802669113947515,-0.004409223104971776,-0.29274423379011644
0.9654389414029141,2.9118464996744455,1.1581510313237613,0.2845765294648616,0.17412539373951622,0.3635912281322527,0.45198700430784816,0.4786183973912291,0.4538303490072974,0.3470847274570776,0.5142625182595094,0.4111287761203771,0.3157293719137345,0.45651311503942166,0.5220025375056363,0.27279017711639003,0.33551365008843204,0.54746349380984,0.47946170424213713,0.5217598937057838,0.5599967570845171,0.3448461950394422,0.048891707274837326,0.2388342004972093,0.4001111652151001,0.3562972290532395,0.38377655276254846,0.4459852467919968,0.6342959179982061,0.03959043599543287,0.5049607012668046,0.39323384022484603,0.2598091393804496,0.20542568996984306,0.5459461215027441,0.416968438155406,0.9069353058421138,0.6467832448165214,0.4220975866458363,-0.004291502649001994,0.525352557867746,0.4606929382547216,0.5454182465910552,0.05904717100540758,0.7761649752645389,0.49071561640602307,0.2867433726208617,-0.09032647527254206,0.04325106492400529,0.1645599142741215,-0.0018713044558345778,0.32021981374761443,-0.10551169482919091,-0.22800977243548973,-0.4483768717175896,-0.2570011970995675,-0.20567994013714447,0.4371513647412625,0.1656738540930786
0.7980876662821836,1.1581510313237613,2.111519074620263,0.06745438173456206,-0.3014581217657332,0.3803551530723687,0.29752907767726905,0.36128751418913047,0.5248893887592978,0.3053880606955445,0.4216133297570352,0.31881428285365804,0.25424257947965667,0.38309387093359754,0.4533150734267122,0.17577771088170174,0.37320975715659044,0.42470810478201354,0.43804967007232876,0.3229327493796379,0.4621144050650228,0.3708414104161897,0.15338950706674623,0.2509443899527958,0.39004286243571873,0.21730125871183154,0.26331921397292213,0.4376665474350359,0.6154400255131701,-0.19264079223466352,0.42471361510069666,0.3105686386862738,0.2755441295652242,0.27474111246936306,0.6278437951854304,0.383416614086721,0.6502509351892279,0.4992097228811854,0.4178639243794087,-0.26205949972479914,0.4760847334509093,0.36905354771169396,0.4535584071412546,0.11212229343014876,0.5102203285090782,0.5697254129209443,0.16543715749455948,-0.2465998868906271,0.06266601252481398,0.002391425501732325,-0.0664439951828276,0.27714397161427434,-0.041664152555881434,-0.313580857744967,-0.01525325575520485,-0.11814037256757086,0.03280586261057567,-0.10461228765732637,0.021994231156526933
0.4547217993654533,0.2845765294648616,0.06745438173456206,1.0836738345493229,0.7589391378217506,0.4495647291600801,0.43351494482538017,0.44061181851078457,0.2538142827674847,0.42567904969371,0.39033613011962276,0.47024483034116404,0.2536459578655593,0.4160845152767964,0.311905087772065,0.4574257507022964,0.3671223066718371,0.3132610124940137,0.32494211266825485,0.3202542197099862,0.3364774714243952,0.33377412717925764,0.2376072553950245,0.25584499056464416,0.3650270275657792,0.2903198509060694,0.39482270139107006,0.07418942541742417,0.4261774516069351,0.152531717449888,0.31275177203923127,0.3786789243302474,0.14782718750103313,0.33954939319749466,-0.005263162689966632,0.41863161314559805,0.2532878673276191,0.4475685644794122,0.3925267933525675,0.36038829982192555,0.24508728726068651,0.29652499348685935,0.3619131486253099,0.04848786489799298,0.3779986007142025,0.3182075313888373,0.24999777315832836,0.042921535356764684,0.11352754258157444,-0.01693765256730901,-0.006436946461856698,0.052838850515385526,0.05735786939654875,-1.1129136711680836e-5,0.09838597326574994,-0.054376607067645744,-0.12359604742779817,0.10428649398595795,-0.056593248383855634
0.7263924900259112,0.17412539373951622,-0.3014581217657332,0.7589391378217506,1.464529584517901,0.5283751887707296,0.4757834868242259,0.5106822377781978,0.2670663086099184,0.5605387625903654,0.4178267104406604,0.535585151456525,0.317733712854246,0.4153115189314541,0.35981985686145485,0.5683982809193806,0.39115804754064065,0.35314191808983664,0.31954973289956645,0.36025610202899383,0.33995781927551366,0.37332237253951905,0.3086449714805876,0.2993361148323211,0.4078274472697403,0.3182457052384088,0.4673119437900076,0.026413075334949587,0.42748285965510485,0.26908077309811473,0.36371819850451176,0.38796502810459116,0.10933005225322107,0.22963735523016904,-0.06469327193729031,0.531961508624251,0.2269859561250303,0.5117360024178673,0.4459191161791426,0.5669892782197558,0.2600075376595032,0.32341995193734024,0.2896726774940506,0.05345190881485006,0.33870746887497283,0.3467254580895807,0.31236321696749153,0.066892812892053,0.2605781889289086,0.09664395453435232,0.012222010348388672,0.016732051707271996,0.09457630372961509,0.10043734330340594,0.17262179025075677,-0.09535720866196103,0.00872150970398898,-0.07113149683956997,0.005797234814340004
0.5725223025852166,0.3635912281322527,0.3803551530723687,0.4495647291600801,0.5283751887707296,0.9082887837530269,0.16304638422554682,0.5182939735494021,0.4043436963686819,0.3469939718356647,0.4306743934579627,0.4305776462538411,0.28831982619488217,0.45221803983949194,0.3798893108288759,0.4104182971686258,0.4288603126969808,0.351207339237269,0.4347417734185379,0.4383876649459902,0.4214661068547821,0.38934117681444885,0.16354690887725337,0.29428746081906515,0.39367783690649844,0.3482543023840323,0.5117460497363304,0.23995078919029464,0.49531553461776573,0.19440059895475142,0.39752561656611607,0.41797684254711565,0.09346694990771989,0.34344902945062444,0.3171028823046764,0.4276134386952947,0.423813433444247,0.5272848480931048,0.4942289876672367,0.33096444664893704,0.3286300668125047,0.3616356224640084,0.5165474449067076,0.07218063935242203,0.5826701338533388,0.37674690991959703,0.3525879730432794,0.007815965965078619,0.3429044692071243,0.05783622573151553,-0.09443309247486369,0.11254352218601396,-0.03096044213993454,-0.021642313749773642,0.11738828510918466,-0.10660411562898565,0.06048590075942498,0.10286788390372562,-0.22444820846944477
0.706962393890932,0.45198700430784816,0.29752907767726905,0.43351494482538017,0.4757834868242259,0.16304638422554682,0.8711629197133604,0.28135754048523803,0.3137012350206739,0.4299856849303094,0.37394064365342244,0.458918541608509,0.23784488048718688,0.28556196689578334,0.32183803038402375,0.3434017326142575,0.3789087409027912,0.37829137551986597,0.33330493538599854,0.22896420612544063,0.3619468563111688,0.34336199117026733,0.3225859789400506,0.24385843255659914,0.38022787370504707,0.2395564868650581,0.34721129689460445,0.17068995169315365,0.41675240052066437,0.15184653287771893,0.32874766103776054,0.26753518996890563,0.26065489256193136,0.23076232250244527,0.13972173422144982,0.44921856090722834,0.31934629879486637,0.38055375350109744,0.4042851236654766,0.2264508862782925,0.31277379796790394,0.3046682532669792,0.2846129903202437,0.05398851780068455,0.35035485172398834,0.3781228658319659,0.2231346501405582,-0.05918386757985481,0.20699228279170817,-0.22570597593807773,-0.04047335434668131,-0.04002935777986681,0.06796549392370986,-0.04227631699894157,-0.029579617959165222,0.028444573907265288,0.07311178332407853,0.08711000665903054,-0.27171614055030896
0.6597822919498336,0.4786183973912291,0.36128751418913047,0.44061181851078457,0.5106822377781978,0.5182939735494021,0.28135754048523803,0.907148770655987,0.2589311571585146,0.5276202033607368,0.5176174412867958,0.35207516464744354,0.33678445608802865,0.4622212331074152,0.4028707660170932,0.4225658017740106,0.4313637497127923,0.4899719829251357,0.46042865207352496,0.3628125352791226,0.3980698355893573,0.3614178918074548,0.23111300256538556,0.28103828384986157,0.4451739639036472,0.3859629465136012,0.5497351237521901,0.24931662311724861,0.397064755976689,0.23586188252705012,0.43990548360569715,0.3746962178811809,0.0941658986863911,0.3524603323701299,0.42287092041351193,0.4485908754916966,0.5179445139548761,0.5238305135855237,0.5449661658796617,0.25880068045612364,0.44807810895920586,0.3499291246410167,0.5287715896242934,0.08045827711697627,0.5083108914761124,0.45152999782333786,0.4021359238992123,-0.08192460962406527,0.32270311532904933,0.23386058965362644,-0.04993410915636527,0.19165776329969544,-0.025861002326176597,-0.14787851047221331,0.06085059663424578,-0.2513774080062041,0.1244531158779243,0.17101043513934341,-0.10731010895610886
0.5084884061295398,0.4538303490072974,0.5248893887592978,0.2538142827674847,0.2670663086099184,0.4043436963686819,0.3137012350206739,0.2589311571585146,0.9013607189928399,0.1776472078549933,0.27294881437662516,0.3292110215730161,0.23370259418549005,0.32072438103984424,0.3582376194587132,0.17656891018105123,0.25825134188990745,0.28796732768604766,0.22397669897476646,0.33312264973788236,0.3333242963112755,0.41647282665031243,0.2717900170324669,0.2570710889856278,0.30754207748041074,0.3389966431156729,0.31028702992590523,0.18170639602109326,0.3365379447436756,0.15256110129830033,0.2859551455100361,0.2982018257770496,0.25073717523334915,0.3352328371062576,0.21550373138371448,0.37302166059462866,0.26139728797058664,0.3068623117258216,0.3772155902465458,0.14166630118467416,0.27314741210352295,0.27784903772499847,0.34689342758910174,0.06784564838491078,0.4362874870441713,0.37160003178732814,0.2477880171025318,-0.011356902221052605,0.1194314356183228,-0.22156906190666809,0.0448427982586286,0.01834142287766683,0.17081531703043687,-0.08294757379343129,0.05398370279525003,0.0843787509892306,0.09764571942734113,0.02864400645136831,-0.4409981048263362
0.5917806432842047,0.3470847274570776,0.3053880606955445,0.42567904969371,0.5605387625903654,0.3469939718356647,0.4299856849303094,0.5276202033607368,0.1776472078549933,1.1318323141925715,0.39799167601983093,0.41484122509090327,0.2956502558313326,0.36195080774963884,0.37202987209833266,0.484226042766291,0.4790976489799625,0.45969595887034986,0.44906500515117187,0.177221079765475,0.36634758387784727,0.36203673180480417,0.34105835940939316,0.2855834346434182,0.40203217226707405,0.2628865184332814,0.5117978962295,0.2193492864837412,0.47690555028444503,0.2152982892183828,0.39144169315006944,0.32880272446446646,0.07162404607794551,0.33877087010807144,0.3521913885514331,0.5201989272620888,0.3847516671812817,0.43451903745310977,0.5120880459736596,0.3568013264987037,0.5037875199255616,0.33096524683851264,0.38986089104176896,0.09752762818903703,0.3566208526177899,0.44676814607344767,0.3423366745968,-0.1429396496174199,0.4131808262226164,0.18075736194364406,-0.03849354121623646,-0.04336660288969751,-0.025693425669868146,0.014826728490775081,0.2246946007311447,-0.02408114791654488,0.226373577438715,-0.23090074671688376,-0.07513044028640395
0.6579996034751502,0.5142625182595094,0.4216133297570352,0.39033613011962276,0.4178267104406604,0.4306743934579627,0.37394064365342244,0.5176174412867958,0.27294881437662516,0.39799167601983093,0.9036457022903605,0.4098258992610963,0.284440737718675,0.43985727056042095,0.4703875773903902,0.37671100539356844,0.37999120349896975,0.4544401602705001,0.3595198242410434,0.430501350501682,0.40981191537107053,0.30970049005661016,0.24236831955127464,0.27710845225574127,0.41913657348667244,0.3048817646615912,0.41525873729425966,0.2407043820639489,0.4793335617234823,0.13477692817593645,0.4211324834171058,0.3731802700480743,0.14370808440599708,0.26550077344487827,0.3673851940291613,0.46025767775777293,0.43819448254744686,0.4774172226289727,0.5166070758563421,0.23769691056957198,0.39514558088602575,0.35499654776062584,0.39859257465186576,0.06772009008878177,0.47960088230314907,0.4459291500831208,0.30748370419168164,-0.039951701222392125,0.12552204030283765,0.15339029516202313,-0.014377199642420003,0.13259882246302265,0.07917161375899258,-0.08795550128586929,-0.09991311079767574,-0.133721547140789,0.034210870549159764,0.20023434405828988,-0.14435343655789712
0.6139597270607612,0.4111287761203771,0.31881428285365804,0.47024483034116404,0.535585151456525,0.4305776462538411,0.458918541608509,0.35207516464744354,0.3292110215730161,0.41484122509090327,0.4098258992610963,0.743069134969738,0.24653181129974236,0.4099273348972972,0.36102521754471556,0.421631083910502,0.403098595622295,0.3194918795350523,0.3792384791579845,0.32346995157430003,0.3867198199106828,0.35019954598039443,0.21659550337186215,0.24217917046513487,0.41267722153616476,0.3311615248454376,0.47629867683167854,0.1813265880916849,0.45032148233060443,0.11936777477434302,0.36203441355345944,0.38796828752534807,0.10268248147144976,0.27807770622032935,0.3163780335227715,0.4654901546952966,0.2930012659557026,0.4536646965380029,0.44734150966371383,0.3056550002489102,0.40570020570034104,0.3430378386667398,0.38400552958505463,0.04778846605830063,0.5392852386860777,0.37355628744200564,0.23427894361967677,-0.024909340151639155,0.31600970728925354,-0.024600747667066623,-0.028752710067419418,0.017117714476868186,0.06649608596852327,0.03055431681481101,0.009060257098961818,0.03990497748080868,-0.016409707859566535,0.1322282971729688,-0.380282012267276
0.4236160461052044,0.3157293719137345,0.25424257947965667,0.2536459578655593,0.317733712854246,0.28831982619488217,0.23784488048718688,0.33678445608802865,0.23370259418549005,0.2956502558313326,0.284440737718675,0.24653181129974236,0.43040595463487386,0.24776359453731028,0.2122122780416462,0.27154098532544,0.2664581111463252,0.29115696364637556,0.2604119848892476,0.23261656138829415,0.23791331292654938,0.31056286199176475,0.15193154566175973,0.20942676379496478,0.26301785261697963,0.23895303794028244,0.27920058835573774,0.18120455041830713,0.30572314769973474,0.11748521484422592,0.25317857515745024,0.22523933335964666,0.15847242346954785,0.1717034102211809,0.21494253788620632,0.27485097519162377,0.3077414306020212,0.3007970384093783,0.28082990037131067,0.18030854160216686,0.2595645552380339,0.2189786613081671,0.28211000514766066,0.06716847247025988,0.22217635842152506,0.2878756024945635,0.2175949592348958,-0.05509681647846174,0.22566853041963955,0.0818098990877739,-0.038026410078379785,-0.027904421963778587,-0.0056893819172525026,-0.02792585720950275,0.1490426169400863,-0.10253718196923758,0.05478596157854691,-0.12703363698200063,0.06460341366234297
0.6299538756794398,0.45651311503942166,0.38309387093359754,0.4160845152767964,0.4153115189314541,0.45221803983949194,0.28556196689578334,0.4622212331074152,0.32072438103984424,0.36195080774963884,0.43985727056042095,0.4099273348972972,0.24776359453731028,0.7803747819276176,0.3607882231717967,0.426756484167603,0.35189718268497516,0.28874550564428,0.36903869779940635,0.4201882847292659,0.3866390387528333,0.33889780578028444,0.135139596481703,0.27707503734223377,0.34044779819820226,0.31885331318323584,0.45126072702214015,0.25997809548831197,0.448901973965941,0.18850279391817837,0.40779457465604296,0.6231005569664954,0.0907843656327831,0.22777843649519933,0.380997812441314,0.4344762981104182,0.4440711236533075,0.5421888590659816,0.430053791668067,0.2596955151000517,0.4375124267173352,0.35535174463388625,0.4815973058748493,0.06795316838438527,0.5196406651075558,0.41997668408640415,0.2627988751237199,-0.04453772926243027,0.19251765914236052,0.2795896728338085,-0.02506364283830553,0.18567410831879075,-0.01499996706054636,-0.07585058436122012,-0.08526390745060358,-0.028174415726409656,-0.07234843969921906,0.2590240213511356,-0.18807478521326346
0.5975528846527448,0.5220025375056363,0.4533150734267122,0.311905087772065,0.35981985686145485,0.3798893108288759,0.32183803038402375,0.4028707660170932,0.3582376194587132,0.37202987209833266,0.4703875773903902,0.36102521754471556,0.2122122780416462,0.3607882231717967,0.7874365976561617,0.2568829187856875,0.38192661891874874,0.4452032337537823,0.3512758876467375,0.34655493304346574,0.38336342174002963,0.21209203425756493,0.2822586987275661,0.2808463931461473,0.43735533236914914,0.22668724845889524,0.42506059676477803,0.34608872966299753,0.4776844629941746,0.18975585143997592,0.4087076292828941,0.3466791453679699,0.19900661334634828,0.2717044042640948,0.34277224398895145,0.4532127447175632,0.49855151455362173,0.37171914114005283,0.4687276252113507,0.16751135583457158,0.43218672602153163,0.3373603985987322,0.43376096296630556,0.08450723081042123,0.37848755998779227,0.4485763240248342,0.3208175469406427,-0.11881652253453491,0.23337646623595834,0.27694975221230733,-0.08896657722867767,0.3040903061520107,-0.19637915757774865,-0.0827338771528096,0.0555135214511914,-0.05867971829207705,0.05549953171532879,0.04731608105315356,-0.09249656918356404
0.564295192848675,0.27279017711639003,0.17577771088170174,0.4574257507022964,0.5683982809193806,0.4104182971686258,0.3434017326142575,0.4225658017740106,0.17656891018105123,0.484226042766291,0.37671100539356844,0.421631083910502,0.27154098532544,0.426756484167603,0.2568829187856875,0.9161736360142165,0.4291483426008978,0.3492671335983001,0.3983828296387345,0.2954136323765509,0.3671438725213745,0.46420238598872565,0.18580280733642657,0.2613508113327605,0.4313369041945607,0.2560512082495104,0.4733627647693741,0.25038552633300487,0.42711900210925574,0.17873068883964885,0.3581109407034382,0.3517102738747072,0.06396461872995436,0.23556146245237844,0.502412507809513,0.3934048386812742,0.36453979002823134,0.4175553325196866,0.4198436209775748,0.3422055270802237,0.4365675566423154,0.36776346214782796,0.49232988016042883,0.08807110167416712,0.4591979520723059,0.3688059150972922,0.2822380347966915,-0.06525065727323565,0.2135142764764413,-0.0032858084328274565,-0.04741266430520515,0.036605544064546136,0.13613166136354085,0.06252802186444005,0.21060154198114522,-0.02820698549486262,-0.018328907767069667,-0.05419900791853127,-0.08738280990529114
0.5624507299335603,0.33551365008843204,0.37320975715659044,0.3671223066718371,0.39115804754064065,0.4288603126969808,0.3789087409027912,0.4313637497127923,0.25825134188990745,0.4790976489799625,0.37999120349896975,0.403098595622295,0.2664581111463252,0.35189718268497516,0.38192661891874874,0.4291483426008978,0.8414844794305436,0.4119734248348232,0.5073816500738175,0.29741299383303943,0.41794072478974115,0.37000894165422143,0.2546612076218204,0.28673809024042063,0.4245812330772811,0.20952499033561528,0.5246338743680905,0.3508631121641411,0.5260482794997027,0.121877893011294,0.42126579679582693,0.32010511676511877,0.29699027104618964,0.2745132488011435,0.3543595182845578,0.45312626862091343,0.5282952742008836,0.449410165738266,0.5093385058389406,0.2661816225845844,0.42948672431472873,0.36510838299934956,0.4798981862454716,0.09315240124090196,0.438126093072469,0.4226129240814109,0.30415966491952945,-0.09792371130369058,0.36642782074784463,0.0013320013328891505,-0.062112658094216254,-0.13252409163962744,-0.06358830035844132,-0.019020300364190022,0.17943648684865451,-0.06453257815453657,0.04642118900741083,-0.06901833942773654,-0.030775470632863035
0.5813529138957336,0.54746349380984,0.42470810478201354,0.3132610124940137,0.35314191808983664,0.351207339237269,0.37829137551986597,0.4899719829251357,0.28796732768604766,0.45969595887034986,0.4544401602705001,0.3194918795350523,0.29115696364637556,0.28874550564428,0.4452032337537823,0.3492671335983001,0.4119734248348232,0.9122383194995926,0.3958614478211114,0.14826550093299068,0.42538806956035974,0.33685451512881515,0.4135449854809159,0.2695285444023935,0.4486261242684479,0.30106978337687057,0.49193150037940353,0.38424843101265355,0.4463227160144325,0.1512255685394003,0.5324125416874099,0.2819317640195466,0.23493830809194147,0.3289775736036819,0.4116663837093853,0.5260761569548666,0.5718719255806536,0.4153118164614343,0.47329555953046704,0.16367263217376768,0.5127483970421305,0.34390167168408375,0.5361783205558077,0.09977630773898923,0.5066133873234689,0.5040453000965739,0.4987789543642823,-0.22023916428607157,0.11032994101205636,0.13346603630488144,0.029458456176461305,0.07094387481411349,-0.196326091727891,-0.13368747724119828,0.07208230086128624,-0.19543303010911514,0.1397772326777337,0.08064961124773111,-0.1057382197934212
0.6111521981727407,0.47946170424213713,0.43804967007232876,0.32494211266825485,0.31954973289956645,0.4347417734185379,0.33330493538599854,0.46042865207352496,0.22397669897476646,0.44906500515117187,0.3595198242410434,0.3792384791579845,0.2604119848892476,0.36903869779940635,0.3512758876467375,0.3983828296387345,0.5073816500738175,0.3958614478211114,1.642970566507551,0.05642979472001894,0.4987921252406081,0.35521439984428227,-0.10656209396301043,0.2779085579230316,0.19994516029768555,0.21579332958142336,0.5573716325327498,0.5230765856142456,0.26540193818293967,0.2957713224921961,0.5449450802901408,0.34101726671667665,0.4254744904302894,0.10342959699907385,0.39557759274629056,0.44694396259598573,0.9290233218087822,0.6121303848512525,0.5896118647785843,0.14715782287294166,0.4638619778165669,0.4508309848176344,0.46580373161406113,0.08928160004884099,0.4879652438152645,0.3740508673783604,0.3313408608755927,0.19236501626108257,0.5997199923110346,0.6710471680699374,-0.18426606281991487,-0.14877782593441588,-0.33792715763171866,-0.16595970915745573,-0.12139941697709826,-0.14805062555157572,0.09587964181676135,0.19624701888175525,-0.037819773877653784
0.48613366280173304,0.5217598937057838,0.3229327493796379,0.3202542197099862,0.36025610202899383,0.4383876649459902,0.22896420612544063,0.3628125352791226,0.33312264973788236,0.177221079765475,0.430501350501682,0.32346995157430003,0.23261656138829415,0.4201882847292659,0.34655493304346574,0.2954136323765509,0.29741299383303943,0.14826550093299068,0.05642979472001894,1.1922692398473145,0.27195799279547744,0.2343052025318159,0.057721894082720465,0.2561007869059741,0.3979509743933061,0.21779784876148783,0.40534692789853266,0.22804754668703897,0.47111970661947955,0.23012493613170937,0.29613692166883965,0.3446128387662425,0.2308258359926405,0.22865594092409394,0.29745729789644954,0.23919209751013315,0.5814040329011773,0.4471767147326619,0.44810975541771547,0.27160851051980617,0.12398480931005156,0.25951914767685474,0.5170172956167893,0.009912895799378992,0.6769043339409109,0.2633330834432705,0.20421111241509374,0.3272930638602836,0.24548032299573042,-0.029737002871283186,-0.044711891056023224,0.29624976377169143,0.16062513882063065,-0.07109605408426357,0.01915824995377821,-0.03705467108048934,-0.05325599051359998,0.13397489956873848,-0.1408037490928129
0.6428656330240137,0.5599967570845171,0.4621144050650228,0.3364774714243952,0.33995781927551366,0.4214661068547821,0.3619468563111688,0.3980698355893573,0.3333242963112755,0.36634758387784727,0.40981191537107053,0.3867198199106828,0.23791331292654938,0.3866390387528333,0.38336342174002963,0.3671438725213745,0.41794072478974115,0.42538806956035974,0.4987921252406081,0.27195799279547744,0.7261440570145565,0.3545781713734817,0.2120483609815255,0.22632604270836132,0.31528527157351355,0.19026867730451316,0.5191614191425846,0.3870977913389246,0.4989435382068521,0.19020180236839632,0.4866501461569221,0.3368841068231643,0.20597464766320076,0.21756409990586476,0.4840574134279148,0.5120737681922826,0.5578909018925348,0.5912856592460941,0.5748755903920048,0.30116514794110594,0.5497878261155987,0.5441085171863634,0.5987294971544274,0.09781442117476771,0.7635183088555988,0.442611327815623,0.3263277449747446,-0.1444657875018444,0.18535303524195204,0.20216025302940382,-0.05534632844576355,0.07941479455539872,-0.07250702048148217,-0.05840332718366636,0.00307766134381572,-0.07805339958774711,-0.032873902893020064,0.16943959652395743,-0.1681020812825401
0.5261126598321759,0.3448461950394422,0.3708414104161897,0.33377412717925764,0.37332237253951905,0.38934117681444885,0.34336199117026733,0.3614178918074548,0.41647282665031243,0.36203673180480417,0.30970049005661016,0.35019954598039443,0.31056286199176475,0.33889780578028444,0.21209203425756493,0.46420238598872565,0.37000894165422143,0.33685451512881515,0.35521439984428227,0.2343052025318159,0.3545781713734817,0.8381817175065506,0.30357695437223664,0.24315377337750846,0.36041652960008547,0.27137642739552825,0.44475776871344136,0.20840632945878057,0.40721477161932423,0.12426468538556028,0.30239133073896945,0.28617291990326044,0.17386813699474224,0.26690317835749494,0.35037618196913917,0.38849394081963107,0.3291551380694625,0.35682903174473907,0.40634346842422575,0.21529008163400534,0.34168798220630026,0.3286198247065163,0.44171869249264384,0.09940272213901002,0.3651711355250466,0.3815837448357232,0.25531353894436415,-0.04664557165361612,0.13238356028759798,-0.09224614894813826,-0.019848296063329555,-0.04967035298339868,0.13285552552782193,-0.04179598659977128,0.15180795975467684,-0.0186272677239024,0.02105801191163986,-0.06736460764523079,-0.14452618250179794
0.21012508560188367,0.048891707274837326,0.15338950706674623,0.2376072553950245,0.3086449714805876,0.16354690887725337,0.3225859789400506,0.23111300256538556,0.2717900170324669,0.34105835940939316,0.24236831955127464,0.21659550337186215,0.15193154566175973,0.135139596481703,0.2822586987275661,0.18580280733642657,0.2546612076218204,0.4135449854809159,-0.10656209396301043,0.057721894082720465,0.2120483609815255,0.30357695437223664,1.2290478804769212,0.30814742908233267,0.5375680855758344,0.06965489356488296,0.2294398304355433,0.01940001917011869,0.5110824926077263,0.2536203113122799,0.1052780130048871,0.10521462497078439,0.23226488615758886,0.38446348497935784,0.07272373125224452,0.5283293264657803,0.10868903832953139,0.006369968049287263,0.47566453411484555,0.13221184162285063,0.25939891938517823,0.16047198598132523,0.23789872147061675,0.17066606750447852,-0.013461310616871692,0.37658564613669737,0.3160445715846224,0.010819274631058135,0.10490639306791294,-0.40734799261373267,0.0291275015343159,-0.07790667275434894,0.22557360438420213,-0.035043580190599,0.1767923870538995,0.01460116481737672,0.08807314678029328,-0.21334371892096649,-0.02210720384737489
0.24486670528920096,0.2388342004972093,0.2509443899527958,0.25584499056464416,0.2993361148323211,0.29428746081906515,0.24385843255659914,0.28103828384986157,0.2570710889856278,0.2855834346434182,0.27710845225574127,0.24217917046513487,0.20942676379496478,0.27707503734223377,0.2808463931461473,0.2613508113327605,0.28673809024042063,0.2695285444023935,0.2779085579230316,0.2561007869059741,0.22632604270836132,0.24315377337750846,0.30814742908233267,0.6185556441975351,0.3383447929067739,0.14792354542622102,0.3130605664637193,0.26246106306104733,0.3052698011567449,0.4371747739838594,0.3077219595282458,0.3111298963732129,0.38305242252126054,0.1604015739150559,0.19970155212791713,0.4556325054344653,0.40690375131813816,0.31043915458164945,0.32569121884713403,0.1315255965934369,0.29351842991949567,0.22554196944820543,0.2635001206712675,0.09447085508856656,0.07109905058849969,0.41225309095430124,0.3392746027219325,-0.1450925599277053,0.45364882055821254,0.011101349855538073,-0.07538120365567898,0.07358794753818024,0.04443571231887024,-0.08631231484582352,0.1549018671620215,-0.09874777215228321,0.1332724696558508,-0.2083245165974032,0.0727692683661455
0.6394627594602217,0.4001111652151001,0.39004286243571873,0.3650270275657792,0.4078274472697403,0.39367783690649844,0.38022787370504707,0.4451739639036472,0.30754207748041074,0.40203217226707405,0.41913657348667244,0.41267722153616476,0.26301785261697963,0.34044779819820226,0.43735533236914914,0.4313369041945607,0.4245812330772811,0.4486261242684479,0.19994516029768555,0.3979509743933061,0.31528527157351355,0.36041652960008547,0.5375680855758344,0.3383447929067739,1.668152233507528,0.37826892525833067,0.5456868262700774,0.2220182327575735,0.5686405433752646,0.27888467610427714,0.37904438275277896,0.2595435183148413,0.20886376457967196,0.42166362028378607,0.4044830968239602,0.5741074338623725,0.2954183680972894,0.32964333994045275,0.3436662923549574,0.12817303594447294,0.4222103741599376,0.29213842720626515,0.5399502355512661,0.1111649032313645,0.3738096678035359,0.7029100708035692,0.3508918683461723,-0.39340726667648246,-0.5781907438848146,-0.66755889119087,0.002229817402309018,0.11744962888987548,0.264967953281109,-0.029451195920535005,0.1623876245769301,-0.0738603249908948,0.025697588082918024,-0.012709579305794472,-0.1257414504347836
0.3620801931359504,0.3562972290532395,0.21730125871183154,0.2903198509060694,0.3182457052384088,0.3482543023840323,0.2395564868650581,0.3859629465136012,0.3389966431156729,0.2628865184332814,0.3048817646615912,0.3311615248454376,0.23895303794028244,0.31885331318323584,0.22668724845889524,0.2560512082495104,0.20952499033561528,0.30106978337687057,0.21579332958142336,0.21779784876148783,0.19026867730451316,0.27137642739552825,0.06965489356488296,0.14792354542622102,0.37826892525833067,1.4716677732067898,0.1447092624117866,0.17277864079910638,-0.17539905187609636,0.12619003638474385,0.30905692102449567,0.313206251606391,0.020728720785615065,0.385744583342797,0.29597905343672654,0.09536199353822437,0.23232031196825492,0.34983902186412785,-0.15260910750619122,0.19618977591331732,0.4604995822464231,0.2552646051358877,0.36037493971208995,0.009331079178307236,0.5750319865361708,0.18646540879066872,0.2287442006325779,0.10025665776925025,0.34245889809672797,-0.16655200761532618,-0.044135707079001905,-0.1953471982377359,-0.028609537335015662,0.03483890026719036,-0.050928424299881606,-0.047744787881500064,0.03329033238984339,0.37126936383109327,-0.4901093185116748
0.6625702468709356,0.38377655276254846,0.26331921397292213,0.39482270139107006,0.4673119437900076,0.5117460497363304,0.34721129689460445,0.5497351237521901,0.31028702992590523,0.5117978962295,0.41525873729425966,0.47629867683167854,0.27920058835573774,0.45126072702214015,0.42506059676477803,0.4733627647693741,0.5246338743680905,0.49193150037940353,0.5573716325327498,0.40534692789853266,0.5191614191425846,0.44475776871344136,0.2294398304355433,0.3130605664637193,0.5456868262700774,0.1447092624117866,2.6292337697132644,0.6129477060782791,0.4629159860341653,0.5466689817068308,0.7397261651866064,0.4450930022439485,0.2727773979178272,0.5032621854690056,0.7054405915997096,1.1686883258121166,0.8081741098661088,0.9558645034901634,0.720057420891654,0.5952663636499768,1.0038561455915822,0.5433873219270859,1.1914327462059817,0.017579478894902002,0.7106994275412978,0.6302028514330604,0.48953080222693773,-0.28517154603831507,1.6009880886966743,0.4442167738186944,-0.2571719721369467,0.44351380543774443,-0.11697187491126938,-0.08279841069961395,0.3115263957902202,-0.017213933304987106,0.07008657642991742,0.042397232534418385,-0.2729257143652542
0.40903184414570964,0.4459852467919968,0.4376665474350359,0.07418942541742417,0.026413075334949587,0.23995078919029464,0.17068995169315365,0.24931662311724861,0.18170639602109326,0.2193492864837412,0.2407043820639489,0.1813265880916849,0.18120455041830713,0.25997809548831197,0.34608872966299753,0.25038552633300487,0.3508631121641411,0.38424843101265355,0.5230765856142456,0.22804754668703897,0.3870977913389246,0.20840632945878057,0.01940001917011869,0.26246106306104733,0.2220182327575735,0.17277864079910638,0.6129477060782791,1.1399358235275752,0.24610757595541233,0.2746809647771516,0.5064436256578976,0.2776400122458509,0.540747153249256,0.07187217727000392,0.8497477357471229,0.39764738701758956,0.7884227245250749,0.4047035940002781,0.32868973260725104,0.06407848011512614,0.6014074620269949,0.40730867378085606,0.5808096406613626,0.15237134872341704,0.33828264983795153,0.44228701630371,0.3219784800839425,-0.17429526238728646,0.575923294168129,0.5237216134466959,-0.14911649212162453,0.5501234699694004,-0.672787237597763,-0.11914132630144328,0.06435456146560817,-0.05192455835409143,0.034689450629788204,-0.001213728585722633,0.02108417016892457
0.5964696446265391,0.6342959179982061,0.6154400255131701,0.4261774516069351,0.42748285965510485,0.49531553461776573,0.41675240052066437,0.397064755976689,0.3365379447436756,0.47690555028444503,0.4793335617234823,0.45032148233060443,0.30572314769973474,0.448901973965941,0.4776844629941746,0.42711900210925574,0.5260482794997027,0.4463227160144325,0.26540193818293967,0.47111970661947955,0.4989435382068521,0.40721477161932423,0.5110824926077263,0.3052698011567449,0.5686405433752646,-0.17539905187609636,0.4629159860341653,0.24610757595541233,2.7949676488595316,-0.2844041628395376,0.22635813356180415,0.46998786392862907,0.23833644428574913,0.5232873895319792,0.19573287871821946,0.8975418309688603,-0.11251262292069593,0.2598074930691787,0.7585569588157208,0.29539777013058444,0.3787658689859288,0.3534772226035576,0.25465197014418095,-0.029198422045612432,0.35474446429385886,0.5212250660885467,0.12492163827395984,-0.1322463360572459,0.8723351338733112,0.18621576618148045,-0.14268566324006396,0.18645049611383235,-0.11331961957290893,-0.006335031890069742,-0.11612607916695246,0.10141604931101471,-0.12911138219214766,-0.08887526504332625,0.08481888419365163
0.27680964712802414,0.03959043599543287,-0.19264079223466352,0.152531717449888,0.26908077309811473,0.19440059895475142,0.15184653287771893,0.23586188252705012,0.15256110129830033,0.2152982892183828,0.13477692817593645,0.11936777477434302,0.11748521484422592,0.18850279391817837,0.18975585143997592,0.17873068883964885,0.121877893011294,0.1512255685394003,0.2957713224921961,0.23012493613170937,0.19020180236839632,0.12426468538556028,0.2536203113122799,0.4371747739838594,0.27888467610427714,0.12619003638474385,0.5466689817068308,0.2746809647771516,-0.2844041628395376,2.9938516581723933,0.2831548080750484,0.1787804220391408,0.15527651577435955,0.040998107773468656,0.34578522759448843,0.720525415583688,0.9272460741592655,0.44895173493945606,0.5362677307154267,0.24443168520777553,0.7819330589624762,0.22062857865080093,0.6043599427451893,0.16408729454066473,0.2829120491026269,0.7586381520491733,1.343340671515703,-0.7916530359687792,0.4330129901314555,0.36018422369668857,-0.2271473964204886,-0.13997159996377287,0.06511128367012683,-0.0002884208049805296,0.16134852084798645,-0.17618206232443603,0.27886389774699766,0.3636449167359304,-0.6677925128411251
0.6592492057745506,0.5049607012668046,0.42471361510069666,0.31275177203923127,0.36371819850451176,0.39752561656611607,0.32874766103776054,0.43990548360569715,0.2859551455100361,0.39144169315006944,0.4211324834171058,0.36203441355345944,0.25317857515745024,0.40779457465604296,0.4087076292828941,0.3581109407034382,0.42126579679582693,0.5324125416874099,0.5449450802901408,0.29613692166883965,0.4866501461569221,0.30239133073896945,0.1052780130048871,0.3077219595282458,0.37904438275277896,0.30905692102449567,0.7397261651866064,0.5064436256578976,0.22635813356180415,0.2831548080750484,1.3516748619943313,0.41760569674956094,0.29546360954670986,0.16213965838771205,0.4422354283438323,0.8144063563279391,0.7756003715120889,0.749185339217001,0.49036508745987234,0.2592048667183579,0.582008494433286,0.44211998104555045,0.5402509727908186,0.09632033016044075,0.5833254777163502,0.6765324417029365,0.3909651933029832,-0.25315191726077824,0.07843230071928801,0.5688140491471756,-0.08628161571588,0.33450624158985814,-0.29324384470984055,-0.15888774475604733,0.09231055332956255,-0.16264630935294963,0.19470905135255764,0.008442406228037979,-0.12748871523255462
0.44517877011552276,0.39323384022484603,0.3105686386862738,0.3786789243302474,0.38796502810459116,0.41797684254711565,0.26753518996890563,0.3746962178811809,0.2982018257770496,0.32880272446446646,0.3731802700480743,0.38796828752534807,0.22523933335964666,0.6231005569664954,0.3466791453679699,0.3517102738747072,0.32010511676511877,0.2819317640195466,0.34101726671667665,0.3446128387662425,0.3368841068231643,0.28617291990326044,0.10521462497078439,0.3111298963732129,0.2595435183148413,0.313206251606391,0.4450930022439485,0.2776400122458509,0.46998786392862907,0.1787804220391408,0.41760569674956094,1.1073359731007937,0.03328246898043304,0.31184663479258823,0.2914281665173708,0.4571815388776115,0.30344028655222827,0.6203295726334758,0.38495931955960166,0.2808957611607268,0.4488998509693746,0.3186292931293409,0.3958047680111211,0.062430564266029186,0.49870830951973183,0.4644363768193526,0.2407549745837869,-0.09243105367720364,0.018766728244388943,0.3268457922396633,0.023839206956695964,0.36576855246055595,-0.2913278851823681,-0.07110932965916586,-0.19256938602003065,0.03380088526634037,-0.04522568412284206,0.24870744170148157,-0.23910794514017727
0.2758843834122138,0.2598091393804496,0.2755441295652242,0.14782718750103313,0.10933005225322107,0.09346694990771989,0.26065489256193136,0.0941658986863911,0.25073717523334915,0.07162404607794551,0.14370808440599708,0.10268248147144976,0.15847242346954785,0.0907843656327831,0.19900661334634828,0.06396461872995436,0.29699027104618964,0.23493830809194147,0.4254744904302894,0.2308258359926405,0.20597464766320076,0.17386813699474224,0.23226488615758886,0.38305242252126054,0.20886376457967196,0.020728720785615065,0.2727773979178272,0.540747153249256,0.23833644428574913,0.15527651577435955,0.29546360954670986,0.03328246898043304,1.8206729251734868,-0.11544460070024895,-0.41285480645320466,0.2609788695124835,0.6200932939653292,0.20584928524125226,-0.017153440116815386,-0.13786480469355525,-0.3040645216253267,0.21420293021819495,0.21791402197644055,0.1114356009703163,-0.38354419000172746,0.32605171471257816,0.2078146747341448,0.21382032481154906,0.5411748509921822,-0.3720059955119312,-0.15987113582650717,-0.11439093491364476,0.16149757977641244,-0.2906669549109166,0.17956528292908372,0.017381061712362637,0.020584128819078923,-0.18989164519378032,0.15425707755208262
-0.461484675087611,0.20542568996984306,0.27474111246936306,0.33954939319749466,0.22963735523016904,0.34344902945062444,0.23076232250244527,0.3524603323701299,0.3352328371062576,0.33877087010807144,0.26550077344487827,0.27807770622032935,0.1717034102211809,0.22777843649519933,0.2717044042640948,0.23556146245237844,0.2745132488011435,0.3289775736036819,0.10342959699907385,0.22865594092409394,0.21756409990586476,0.26690317835749494,0.38446348497935784,0.1604015739150559,0.42166362028378607,0.385744583342797,0.5032621854690056,0.07187217727000392,0.5232873895319792,0.040998107773468656,0.16213965838771205,0.31184663479258823,-0.11544460070024895,1.9739840043452554,0.4234812015241674,0.3028763598999086,-0.019946925187933652,0.007336764637548388,0.4566950454258007,0.009197487642287549,0.6035399006373384,0.2035077314951168,0.5636637891413531,0.12053888382832284,0.43260384162357857,0.24576509235304467,0.3064540300109051,0.09745770961141222,0.00885877788154088,-0.7451566560891227,0.12217337217734281,0.04382649581703394,0.17607895462898396,-0.08561229915148565,-0.32198675629398654,0.23474553813567484,-0.3319163027386015,0.2587994533698649,-0.14393221751700724
